0 0.23717948717948717 0.2750789889415482 0.3188034188034188 0.02014218009478673
2 0.888034188034188 0.273696682464455 0.07179487179487179 0.017377567140600316
0 0.22179487179487178 0.2989731437598736 0.2829059829059829 0.02132701421800948
2 0.888034188034188 0.29660347551342814 0.07179487179487179 0.017377567140600316
2 0.888034188034188 0.320695102685624 0.07179487179487179 0.017377567140600316
0 0.16923076923076924 0.32187993680884674 0.18461538461538463 0.017377567140600316
0 0.18504273504273505 0.3459715639810427 0.21452991452991452 0.02132701421800948
2 0.888034188034188 0.3451816745655608 0.07179487179487179 0.017377567140600316
2 0.8854700854700854 0.3688783570300158 0.07179487179487179 0.017377567140600316
0 0.21025641025641026 0.37065560821484994 0.25982905982905985 0.018562401263823063
0 0.2341880341880342 0.3935624012638231 0.3076923076923077 0.02014218009478673
2 0.8905982905982905 0.3953396524486572 0.07179487179487179 0.017377567140600316
0 0.23034188034188033 0.41824644549763035 0.3017094017094017 0.02448657187993681
2 0.888034188034188 0.41706161137440756 0.07179487179487179 0.017377567140600316
0 0.22905982905982905 0.4425355450236967 0.29743589743589743 0.022511848341232227
2 0.888034188034188 0.44036334913112163 0.07179487179487179 0.017377567140600316
0 0.22179487179487178 0.46583728278041076 0.288034188034188 0.018562401263823063
2 0.888034188034188 0.46524486571879936 0.07179487179487179 0.017377567140600316
0 0.20512820512820512 0.4891390205371248 0.2547008547008547 0.018562401263823063
2 0.888034188034188 0.48854660347551343 0.07179487179487179 0.017377567140600316
0 0.23162393162393163 0.5132306477093207 0.30256410256410254 0.02014218009478673
2 0.888034188034188 0.5118483412322274 0.07179487179487179 0.017377567140600316
0 0.2170940170940171 0.5373222748815166 0.27521367521367524 0.02093206951026856
2 0.888034188034188 0.5367298578199052 0.07179487179487179 0.017377567140600316
0 0.2452991452991453 0.5608214849921012 0.3384615384615385 0.02527646129541864
2 0.888034188034188 0.5600315955766193 0.07179487179487179 0.017377567140600316
0 0.24102564102564103 0.5855055292259084 0.3264957264957265 0.018562401263823063
2 0.8854700854700854 0.5860979462875198 0.07179487179487179 0.017377567140600316
0 0.2205128205128205 0.6090047393364929 0.28547008547008546 0.018957345971563982
2 0.8905982905982905 0.6058451816745656 0.07179487179487179 0.017377567140600316
0 0.17094017094017094 0.6870063191153238 0.18632478632478633 0.018562401263823063
2 0.8867521367521367 0.6858214849921012 0.06923076923076923 0.016192733017377565
0 0.14358974358974358 0.7144549763033176 0.13333333333333333 0.018957345971563982
2 0.888034188034188 0.7136650868878357 0.07179487179487179 0.017377567140600316
0 0.17264957264957265 0.7415086887835703 0.18974358974358974 0.018562401263823063
2 0.888034188034188 0.7424960505529226 0.07179487179487179 0.017377567140600316
0 0.31794871794871793 0.7693522906793049 0.48034188034188036 0.022906793048973143
2 0.8867521367521367 0.7677725118483413 0.06923076923076923 0.01579778830963665
0 0.21495726495726497 0.7971958925750395 0.2743589743589744 0.02014218009478673
2 0.8837606837606837 0.7958135860979463 0.07179487179487179 0.017377567140600316
0 0.21623931623931625 0.8230647709320695 0.27692307692307694 0.017377567140600316
2 0.888034188034188 0.8246445497630331 0.07179487179487179 0.017377567140600316
0 0.19658119658119658 0.8511058451816745 0.2376068376068376 0.02132701421800948
2 0.888034188034188 0.8518957345971564 0.07179487179487179 0.017377567140600316
0 0.36538461538461536 0.8617693522906793 0.0452991452991453 0.013428120063191154
0 0.20897435897435898 0.8765797788309637 0.2623931623931624 0.02014218009478673
2 0.888034188034188 0.8791469194312796 0.07179487179487179 0.017377567140600316
0 0.885042735042735 0.7669826224328594 0.06923076923076923 0.01579778830963665
1 0.5017094017094017 0.2717219589257504 0.8478632478632478 0.022116903633491312
1 0.5038461538461538 0.296998420221169 0.8487179487179487 0.02132701421800948
1 0.4995726495726496 0.32148499210110587 0.847008547008547 0.02132701421800948
1 0.5038461538461538 0.344391785150079 0.8384615384615385 0.020537124802527645
1 0.5021367521367521 0.3684834123222749 0.8521367521367521 0.02132701421800948
1 0.5025641025641026 0.3935624012638231 0.8461538461538461 0.02014218009478673
1 0.502991452991453 0.4152843601895735 0.8452991452991453 0.02330173775671406
1 0.5076923076923077 0.44135071090047395 0.8547008547008547 0.022511848341232227
1 0.5064102564102564 0.4660347551342812 0.8384615384615385 0.026856240126382307
1 0.5034188034188034 0.48933649289099523 0.852991452991453 0.02448657187993681
1 0.49786324786324787 0.5130331753554502 0.8504273504273504 0.026856240126382307
1 0.5025641025641026 0.5375197472353871 0.8547008547008547 0.02843601895734597
1 0.5055555555555555 0.561216429699842 0.8555555555555555 0.023696682464454975
1 0.5 0.5857030015797788 0.8547008547008547 0.02448657187993681
1 0.5042735042735043 0.6074249605055292 0.8564102564102564 0.02132701421800948
1 0.4982905982905983 0.6864139020537124 0.8461538461538461 0.02527646129541864
1 0.4995726495726496 0.7148499210110585 0.8572649572649572 0.02448657187993681
1 0.4987179487179487 0.7419036334913112 0.8487179487179487 0.025671406003159557
1 0.502991452991453 0.768562401263823 0.8589743589743589 0.023696682464454975
1 0.4995726495726496 0.7956161137440758 0.8572649572649572 0.021721958925750396
1 0.5017094017094017 0.8228672985781991 0.8564102564102564 0.025671406003159557
1 0.5004273504273504 0.8509083728278041 0.8555555555555555 0.025671406003159557
1 0.5025641025641026 0.8757898894154819 0.8547008547008547 0.025671406003159557
