0 0.2512820512820513 0.27488151658767773 0.3487179487179487 0.022906793048973143
2 0.8401709401709402 0.2750789889415482 0.15042735042735042 0.02014218009478673
0 0.21068376068376068 0.2934439178515008 0.2675213675213675 0.022906793048973143
2 0.8837606837606837 0.29324644549763035 0.06837606837606838 0.0169826224328594
0 0.1935897435897436 0.31101895734597157 0.23333333333333334 0.021721958925750396
2 0.8743589743589744 0.3108214849921011 0.06837606837606838 0.01579778830963665
0 0.10384615384615385 0.32958135860979465 0.04358974358974359 0.018562401263823063
2 0.8811965811965812 0.32898894154818326 0.06837606837606838 0.01579778830963665
0 0.21923076923076923 0.3481437598736177 0.2846153846153846 0.022511848341232227
2 0.8824786324786325 0.34755134281200634 0.07094017094017094 0.017377567140600316
0 0.21752136752136753 0.3674960505529226 0.2794871794871795 0.02014218009478673
2 0.8837606837606837 0.36611374407582936 0.06837606837606838 0.017377567140600316
0 0.1918803418803419 0.38566350710900477 0.2247863247863248 0.02093206951026856
2 0.8824786324786325 0.3842812006319115 0.07094017094017094 0.017377567140600316
0 0.1794871794871795 0.403436018957346 0.2 0.019352290679304898
2 0.8837606837606837 0.40244865718799366 0.06837606837606838 0.017377567140600316
0 0.1752136752136752 0.42160347551342814 0.19658119658119658 0.019352290679304898
2 0.8811965811965812 0.4208135860979463 0.06837606837606838 0.014612954186413903
0 0.2230769230769231 0.44075829383886256 0.2923076923076923 0.022116903633491312
2 0.8837606837606837 0.44036334913112163 0.06837606837606838 0.017377567140600316
0 0.22905982905982905 0.459913112164297 0.30256410256410254 0.02014218009478673
2 0.8824786324786325 0.4585308056872038 0.07094017094017094 0.017377567140600316
0 0.22735042735042735 0.476303317535545 0.29572649572649573 0.02132701421800948
2 0.8837606837606837 0.47669826224328593 0.06837606837606838 0.017377567140600316
0 0.17136752136752137 0.49506319115323855 0.18888888888888888 0.02330173775671406
2 0.8837606837606837 0.49506319115323855 0.06837606837606838 0.0169826224328594
0 0.2482905982905983 0.514612954186414 0.33760683760683763 0.022906793048973143
2 0.8811965811965812 0.5126382306477093 0.06837606837606838 0.01579778830963665
0 0.24273504273504273 0.5321879936808847 0.3247863247863248 0.018562401263823063
2 0.8811965811965812 0.5308056872037915 0.06837606837606838 0.01579778830963665
0 0.27692307692307694 0.5507503949447078 0.39316239316239315 0.021721958925750396
2 0.8811965811965812 0.5491706161137441 0.06837606837606838 0.016192733017377565
0 0.2076923076923077 0.5699052132701422 0.2547008547008547 0.018957345971563982
2 0.8811965811965812 0.5679304897314376 0.06837606837606838 0.015007898894154818
0 0.21025641025641026 0.5888625592417062 0.25982905982905985 0.019747235387045814
2 0.8811965811965812 0.5868878357030016 0.06837606837606838 0.01579778830963665
0 0.19786324786324785 0.606437598736177 0.23504273504273504 0.018562401263823063
2 0.8811965811965812 0.6050552922590837 0.06837606837606838 0.01579778830963665
0 0.18675213675213675 0.684044233807267 0.21965811965811965 0.022116903633491312
2 0.8414529914529915 0.6834518167456556 0.1564102564102564 0.021721958925750396
0 0.2512820512820513 0.7033965244865719 0.347008547008547 0.019747235387045814
2 0.8867521367521367 0.7022116903633492 0.06923076923076923 0.017377567140600316
0 0.1658119658119658 0.7199842022116903 0.1829059829059829 0.02132701421800948
2 0.8867521367521367 0.7203791469194313 0.06923076923076923 0.017377567140600316
0 0.20213675213675214 0.7389415481832543 0.2504273504273504 0.022116903633491312
2 0.885042735042735 0.7379541864139021 0.06581196581196581 0.016192733017377565
0 0.2952991452991453 0.757306477093207 0.43504273504273505 0.018562401263823063
2 0.885042735042735 0.7561216429699842 0.06581196581196581 0.016192733017377565
0 0.1893162393162393 0.7750789889415481 0.2247863247863248 0.02014218009478673
2 0.885042735042735 0.7734992101105845 0.06581196581196581 0.016192733017377565
2 0.8867521367521367 0.7932464454976303 0.06923076923076923 0.0169826224328594
0 0.19658119658119658 0.7942338072669827 0.23931623931623933 0.02132701421800948
0 0.1752136752136752 0.8122037914691943 0.19658119658119658 0.019352290679304898
2 0.8854700854700854 0.8122037914691943 0.07179487179487179 0.016192733017377565
0 0.22393162393162394 0.8309636650868878 0.2905982905982906 0.022906793048973143
2 0.8867521367521367 0.8309636650868878 0.06923076923076923 0.017377567140600316
0 0.1952991452991453 0.8497235387045814 0.23675213675213674 0.022511848341232227
2 0.8867521367521367 0.84913112164297 0.06923076923076923 0.017377567140600316
0 0.20897435897435898 0.8686808846761453 0.2623931623931624 0.02014218009478673
2 0.885042735042735 0.8667061611374408 0.06581196581196581 0.016192733017377565
0 0.27393162393162396 0.8870458135860979 0.3923076923076923 0.019747235387045814
2 0.8867521367521367 0.8856635071090048 0.06923076923076923 0.0169826224328594
1 0.49230769230769234 0.27330173775671407 0.8427350427350427 0.02132701421800948
1 0.4995726495726496 0.2928515007898894 0.8435897435897436 0.024881516587677725
1 0.49401709401709404 0.31062401263823064 0.841025641025641 0.02330173775671406
1 0.49572649572649574 0.3305687203791469 0.8358974358974359 0.017377567140600316
1 0.4952991452991453 0.34893364928909953 0.8384615384615385 0.017772511848341232
1 0.5008547008547009 0.36492890995260663 0.841025641025641 0.02132701421800948
1 0.49615384615384617 0.38329383886255924 0.8452991452991453 0.02330173775671406
1 0.4982905982905983 0.40126382306477093 0.8461538461538461 0.02132701421800948
1 0.4982905982905983 0.4206161137440758 0.841025641025641 0.02132701421800948
1 0.4982905982905983 0.4395734597156398 0.841025641025641 0.019747235387045814
1 0.4995726495726496 0.4585308056872038 0.8435897435897436 0.020537124802527645
1 0.49743589743589745 0.47709320695102686 0.841025641025641 0.02132701421800948
1 0.497008547008547 0.4942733017377567 0.8487179487179487 0.02330173775671406
1 0.5004273504273504 0.5130331753554502 0.8452991452991453 0.022116903633491312
1 0.4987179487179487 0.5302132701421801 0.8452991452991453 0.02014218009478673
1 0.5051282051282051 0.5491706161137441 0.841025641025641 0.02014218009478673
1 0.49572649572649574 0.5695102685624013 0.841025641025641 0.020537124802527645
1 0.49615384615384617 0.5866903633491312 0.8316239316239317 0.022511848341232227
1 0.49572649572649574 0.6058451816745656 0.841025641025641 0.022116903633491312
1 0.49914529914529915 0.6832543443917851 0.8478632478632478 0.022906793048973143
1 0.4987179487179487 0.700434439178515 0.8452991452991453 0.02330173775671406
1 0.49786324786324787 0.7205766192733017 0.8504273504273504 0.019352290679304898
1 0.4995726495726496 0.738349131121643 0.8572649572649572 0.02014218009478673
1 0.5 0.7549368088467614 0.8376068376068376 0.022511848341232227
1 0.5017094017094017 0.7748815165876777 0.8478632478632478 0.02132701421800948
1 0.4982905982905983 0.7932464454976303 0.8547008547008547 0.02093206951026856
1 0.5021367521367521 0.8116113744075829 0.8384615384615385 0.020537124802527645
1 0.5021367521367521 0.8283965244865719 0.8521367521367521 0.021721958925750396
1 0.5008547008547009 0.8487361769352291 0.8547008547008547 0.02132701421800948
1 0.5038461538461538 0.865916271721959 0.8384615384615385 0.022511848341232227
1 0.5068376068376068 0.8856635071090048 0.8461538461538461 0.022511848341232227
0 0.17094017094017094 0.32839652448657186 0.05128205128205128 0.018562401263823063
0 0.35 0.33037124802527645 0.2811965811965812 0.0169826224328594
