0 0.21581196581196582 0.2750789889415482 0.2777777777777778 0.02330173775671406
2 0.888034188034188 0.273696682464455 0.07179487179487179 0.017377567140600316
0 0.20213675213675214 0.29778830963665087 0.24871794871794872 0.02132701421800948
2 0.888034188034188 0.2958135860979463 0.07179487179487179 0.017377567140600316
0 0.16538461538461538 0.3193127962085308 0.1752136752136752 0.02014218009478673
2 0.888034188034188 0.3179304897314376 0.07179487179487179 0.017377567140600316
0 0.18076923076923077 0.3410347551342812 0.20598290598290597 0.02014218009478673
2 0.888034188034188 0.3400473933649289 0.07179487179487179 0.017377567140600316
0 0.19230769230769232 0.36216429699842023 0.22905982905982905 0.019747235387045814
2 0.888034188034188 0.36216429699842023 0.07179487179487179 0.017377567140600316
0 0.22606837606837607 0.3862559241706161 0.2982905982905983 0.02448657187993681
2 0.888034188034188 0.38507109004739337 0.07179487179487179 0.017377567140600316
0 0.1987179487179487 0.40837282780410744 0.2452991452991453 0.02448657187993681
2 0.888034188034188 0.40639810426540285 0.07179487179487179 0.017377567140600316
0 0.20512820512820512 0.4287124802527646 0.2547008547008547 0.02014218009478673
2 0.888034188034188 0.42851500789889413 0.07179487179487179 0.017377567140600316
0 0.1876068376068376 0.4524091627172196 0.2230769230769231 0.024091627172195894
2 0.888034188034188 0.45063191153238547 0.07179487179487179 0.017377567140600316
2 0.888034188034188 0.47195892575039494 0.07179487179487179 0.017377567140600316
0 0.20085470085470086 0.476303317535545 0.24615384615384617 0.02132701421800948
0 0.20555555555555555 0.49703791469194314 0.258974358974359 0.021721958925750396
2 0.888034188034188 0.4938783570300158 0.07179487179487179 0.0169826224328594
2 0.888034188034188 0.5171800947867299 0.07179487179487179 0.0169826224328594
0 0.23547008547008547 0.5207345971563981 0.3170940170940171 0.022511848341232227
0 0.24273504273504273 0.5420616113744076 0.3316239316239316 0.02330173775671406
2 0.888034188034188 0.5392969984202212 0.07179487179487179 0.0169826224328594
2 0.888034188034188 0.5616113744075829 0.07179487179487179 0.017377567140600316
0 0.2247863247863248 0.5647709320695102 0.294017094017094 0.02132701421800948
0 0.21196581196581196 0.5864928909952607 0.27008547008547007 0.023696682464454975
2 0.888034188034188 0.5837282780410743 0.07179487179487179 0.017377567140600316
0 0.21324786324786324 0.6084123222748815 0.2675213675213675 0.02330173775671406
2 0.888034188034188 0.6058451816745656 0.07179487179487179 0.017377567140600316
2 0.888034188034188 0.6279620853080569 0.07179487179487179 0.017377567140600316
0 0.2247863247863248 0.6309241706161137 0.28888888888888886 0.02093206951026856
0 0.2452991452991453 0.6534360189573459 0.3316239316239316 0.024881516587677725
2 0.888034188034188 0.6500789889415481 0.07179487179487179 0.017377567140600316
0 0.2764957264957265 0.6757503949447078 0.394017094017094 0.026066350710900472
2 0.888034188034188 0.6721958925750395 0.07179487179487179 0.017377567140600316
0 0.3175213675213675 0.6986571879936809 0.47606837606837604 0.026066350710900472
2 0.888034188034188 0.6943127962085308 0.07179487179487179 0.017377567140600316
2 0.888034188034188 0.7164296998420221 0.07179487179487179 0.017377567140600316
0 0.2329059829059829 0.7213665086887836 0.31196581196581197 0.022511848341232227
2 0.888034188034188 0.7381516587677726 0.07179487179487179 0.017377567140600316
0 0.23974358974358975 0.7421011058451816 0.32564102564102565 0.022116903633491312
2 0.888034188034188 0.7606635071090048 0.07179487179487179 0.017377567140600316
0 0.21623931623931625 0.7657977883096366 0.27692307692307694 0.019747235387045814
2 0.888034188034188 0.782780410742496 0.07179487179487179 0.017377567140600316
0 0.18504273504273505 0.7875197472353871 0.21452991452991452 0.019747235387045814
2 0.888034188034188 0.8048973143759873 0.07179487179487179 0.017377567140600316
0 0.18205128205128204 0.8092417061611374 0.21025641025641026 0.018957345971563982
2 0.888034188034188 0.8270142180094787 0.07179487179487179 0.017377567140600316
0 0.21623931623931625 0.8315560821484992 0.27692307692307694 0.018562401263823063
2 0.888034188034188 0.84913112164297 0.07179487179487179 0.017377567140600316
0 0.23162393162393163 0.8550552922590837 0.3076923076923077 0.02132701421800948
2 0.888034188034188 0.8712480252764613 0.07179487179487179 0.017377567140600316
0 0.2358974358974359 0.877172195892575 0.3162393162393162 0.02132701421800948
1 0.5072649572649572 0.2727093206951027 0.8504273504273504 0.022511848341232227
1 0.502991452991453 0.29522116903633494 0.8589743589743589 0.022511848341232227
1 0.5047008547008547 0.315955766192733 0.8555555555555555 0.02132701421800948
1 0.5085470085470085 0.3378751974723539 0.8427350427350427 0.02014218009478673
1 0.5034188034188034 0.36157187993680884 0.8495726495726496 0.02014218009478673
1 0.502991452991453 0.3821090047393365 0.8504273504273504 0.02330173775671406
1 0.5038461538461538 0.4067930489731438 0.8435897435897436 0.023696682464454975
1 0.5025641025641026 0.43009478672985785 0.841025641025641 0.023696682464454975
1 0.5038461538461538 0.4496445497630332 0.847008547008547 0.02330173775671406
1 0.5034188034188034 0.4729462875197472 0.8495726495726496 0.02330173775671406
1 0.5008547008547009 0.4958530805687204 0.8461538461538461 0.022511848341232227
1 0.5034188034188034 0.5191548183254344 0.8564102564102564 0.022511848341232227
1 0.5038461538461538 0.5396919431279621 0.8521367521367521 0.02014218009478673
1 0.502991452991453 0.5631911532385466 0.8538461538461538 0.020537124802527645
1 0.5042735042735043 0.584518167456556 0.8512820512820513 0.020537124802527645
1 0.5025641025641026 0.606042654028436 0.8598290598290599 0.02014218009478673
1 0.5017094017094017 0.6277646129541864 0.852991452991453 0.02093206951026856
1 0.5025641025641026 0.6512638230647709 0.8512820512820513 0.02132701421800948
1 0.49444444444444446 0.6733807266982622 0.8521367521367521 0.023696682464454975
1 0.5051282051282051 0.6972748815165877 0.8547008547008547 0.025671406003159557
1 0.5034188034188034 0.717219589257504 0.8358974358974359 0.02132701421800948
1 0.5094017094017094 0.7413112164296999 0.8547008547008547 0.02448657187993681
1 0.49914529914529915 0.7612559241706162 0.852991452991453 0.025671406003159557
1 0.5004273504273504 0.7857424960505529 0.8623931623931624 0.02330173775671406
1 0.5068376068376068 0.8050947867298578 0.8666666666666667 0.022511848341232227
1 0.5038461538461538 0.8283965244865719 0.8572649572649572 0.02330173775671406
1 0.5072649572649572 0.8507109004739336 0.8589743589743589 0.023696682464454975
1 0.5021367521367521 0.8748025276461295 0.8521367521367521 0.02448657187993681
