0 0.5850439882697948 0.226318359375 0.17155425219941348 0.01513671875
2 0.8691348973607038 0.2255859375 0.032991202346041054 0.01171875
2 0.9226539589442815 0.2275390625 0.03152492668621701 0.0107421875
0 0.591275659824047 0.2490234375 0.1840175953079179 0.013671875
2 0.8713343108504399 0.252197265625 0.04032258064516129 0.01318359375
0 0.6202346041055719 0.275146484375 0.2375366568914956 0.01708984375
2 0.8691348973607038 0.27880859375 0.03592375366568915 0.017578125
2 0.9241202346041055 0.276123046875 0.03592375366568915 0.01220703125
0 0.6099706744868035 0.299560546875 0.218475073313783 0.01708984375
2 0.8717008797653959 0.30224609375 0.04105571847507331 0.0146484375
0 0.5898093841642229 0.32373046875 0.17668621700879766 0.013671875
2 0.8717008797653959 0.3271484375 0.04105571847507331 0.0146484375
0 0.5956744868035191 0.347900390625 0.18841642228739003 0.01513671875
2 0.8691348973607038 0.350341796875 0.03592375366568915 0.01220703125
2 0.9241202346041055 0.35107421875 0.03152492668621701 0.0107421875
0 0.6026392961876833 0.373291015625 0.20234604105571846 0.01611328125
2 0.8977272727272727 0.3759765625 0.08431085043988269 0.0107421875
0 0.6074046920821115 0.394287109375 0.2118768328445748 0.01416015625
2 0.8713343108504399 0.400634765625 0.03152492668621701 0.01123046875
2 0.9241202346041055 0.39990234375 0.03152492668621701 0.009765625
0 0.591642228739003 0.418212890625 0.17008797653958943 0.01513671875
2 0.8724340175953079 0.42529296875 0.03812316715542522 0.0107421875
2 0.6129032258064516 0.52587890625 0.036656891495601175 0.013671875
0 0.27785923753665687 0.527587890625 0.218475073313783 0.01220703125
2 0.6143695014662757 0.5498046875 0.03519061583577713 0.013671875
0 0.36107038123167157 0.5498046875 0.38343108504398826 0.0185546875
2 0.6147360703812317 0.575439453125 0.0344574780058651 0.01123046875
0 0.2620967741935484 0.576171875 0.18695014662756598 0.013671875
2 0.6671554252199413 0.597900390625 0.03372434017595308 0.01220703125
0 0.28079178885630496 0.6005859375 0.21994134897360704 0.0166015625
2 0.6132697947214076 0.599853515625 0.03152492668621701 0.01123046875
2 0.6158357771260997 0.624267578125 0.03812316715542522 0.01416015625
0 0.2602639296187683 0.6259765625 0.17888563049853373 0.013671875
0 0.30498533724340177 0.64892578125 0.2653958944281525 0.0185546875
2 0.6162023460410557 0.6494140625 0.0373900293255132 0.013671875
0 0.31451612903225806 0.67041015625 0.2844574780058651 0.017578125
2 0.6121700879765396 0.672119140625 0.03372434017595308 0.01220703125
0 0.7217741935483871 0.76220703125 0.07844574780058651 0.015625
0 0.7199413489736071 0.78466796875 0.0689149560117302 0.0107421875
2 0.5828445747800587 0.787841796875 0.03372434017595308 0.01220703125
2 0.5282258064516129 0.789306640625 0.0344574780058651 0.01220703125
0 0.25146627565982405 0.79443359375 0.1466275659824047 0.0166015625
0 0.7236070381231672 0.804931640625 0.08211143695014662 0.01513671875
2 0.5839442815249267 0.812744140625 0.03152492668621701 0.01220703125
2 0.5293255131964809 0.81396484375 0.03225806451612903 0.009765625
0 0.2697947214076246 0.817626953125 0.18328445747800587 0.01611328125
0 0.7217741935483871 0.824951171875 0.07844574780058651 0.01513671875
2 0.5850439882697948 0.83740234375 0.03372434017595308 0.009765625
2 0.5293255131964809 0.8388671875 0.03225806451612903 0.009765625
0 0.24083577712609971 0.84375 0.12390029325513197 0.015625
0 0.7148093841642229 0.845947265625 0.06304985337243402 0.01318359375
0 0.9182551319648093 0.8623046875 0.07991202346041056 0.0146484375
0 0.24156891495601174 0.866455078125 0.12683284457478006 0.01708984375
2 0.5857771260997068 0.88623046875 0.03225806451612903 0.0107421875
2 0.5300586510263929 0.8876953125 0.03372434017595308 0.0107421875
0 0.2221407624633431 0.890625 0.08357771260997067 0.0166015625
2 0.5293255131964809 0.861572265625 0.03812316715542522 0.01416015625
1 0.719574780058651 0.22802734375 0.43621700879765396 0.0166015625
1 0.719208211143695 0.249755859375 0.43841642228739003 0.01904296875
1 0.7269061583577713 0.275634765625 0.4464809384164223 0.01708984375
1 0.7243401759530792 0.29833984375 0.4472140762463343 0.017578125
1 0.7239736070381232 0.325439453125 0.44208211143695014 0.01806640625
1 0.7276392961876833 0.34912109375 0.4318181818181818 0.0185546875
1 0.7250733137829912 0.37255859375 0.43548387096774194 0.0166015625
1 0.7206744868035191 0.396240234375 0.436950146627566 0.01904296875
1 0.7272727272727273 0.421875 0.43548387096774194 0.021484375
1 0.4281524926686217 0.526123046875 0.5205278592375366 0.01611328125
1 0.4307184750733138 0.55126953125 0.5197947214076246 0.017578125
1 0.42961876832844575 0.57470703125 0.5234604105571847 0.0185546875
1 0.4285190615835777 0.6005859375 0.5139296187683284 0.0146484375
1 0.42998533724340177 0.623291015625 0.5124633431085044 0.01611328125
1 0.4285190615835777 0.649169921875 0.5139296187683284 0.01611328125
1 0.40175953079178883 0.671630859375 0.4604105571847507 0.01708984375
1 0.3885630498533724 0.790283203125 0.42668621700879766 0.02099609375
1 0.3874633431085044 0.8154296875 0.4244868035190616 0.01953125
1 0.39296187683284456 0.842041015625 0.42961876832844575 0.02197265625
1 0.39222873900293254 0.889404296875 0.4252199413489736 0.01904296875
2 0.5857771260997068 0.861572265625 0.03812316715542522 0.01416015625
1 0.3914956011730205 0.864990234375 0.42668621700879766 0.02001953125
0 0.7049120234604106 0.865234375 0.056451612903225805 0.0146484375
0 0.8357771260997068 0.8642578125 0.08211143695014662 0.013671875
0 0.7650293255131965 0.864501953125 0.056451612903225805 0.01513671875
0 0.7793255131964809 0.76220703125 0.03812316715542522 0.013671875
0 0.8244134897360704 0.7626953125 0.05205278592375367 0.0146484375
2 0.6675219941348973 0.64697265625 0.0373900293255132 0.013671875
2 0.6686217008797654 0.5234375 0.036656891495601175 0.013671875
2 0.6671554252199413 0.54833984375 0.03519061583577713 0.013671875
2 0.6675219941348973 0.573974609375 0.0344574780058651 0.01123046875
2 0.6671554252199413 0.622802734375 0.03812316715542522 0.01416015625
2 0.9230205278592375 0.4248046875 0.03812316715542522 0.0107421875
2 0.9237536656891495 0.32666015625 0.04105571847507331 0.0146484375
2 0.9222873900293255 0.3017578125 0.04105571847507331 0.0146484375
2 0.9204545454545454 0.251708984375 0.04032258064516129 0.01318359375
0 0.7287390029325513 0.393798828125 0.02785923753665689 0.01611328125
0 0.7697947214076246 0.39404296875 0.04398826979472141 0.0166015625
0 0.7397360703812317 0.25048828125 0.04398826979472141 0.0166015625
0 0.6972140762463344 0.250244140625 0.02785923753665689 0.01611328125
2 0.9164222873900293 0.72412109375 0.08504398826979472 0.033203125
1 0.8013196480938416 0.792724609375 0.32111436950146627 0.16748046875
