0 0.275811209439528 0.2625 0.3274336283185841 0.016666666666666666
2 0.8303834808259587 0.26197916666666665 0.06489675516224189 0.013541666666666667
0 0.28982300884955753 0.2875 0.3554572271386431 0.016666666666666666
2 0.8311209439528023 0.2859375 0.06047197640117994 0.013541666666666667
0 0.27359882005899705 0.3104166666666667 0.3230088495575221 0.014583333333333334
2 0.8311209439528023 0.3098958333333333 0.06047197640117994 0.013541666666666667
0 0.24631268436578171 0.3338541666666667 0.26843657817109146 0.015625
2 0.831858407079646 0.3338541666666667 0.061946902654867256 0.015625
0 0.29277286135693215 0.396875 0.36430678466076694 0.01875
2 0.8259587020648967 0.3953125 0.07374631268436578 0.013541666666666667
0 0.31563421828908556 0.42083333333333334 0.40707964601769914 0.016666666666666666
2 0.8266961651917404 0.4192708333333333 0.07227138643067847 0.013541666666666667
0 0.2728613569321534 0.484375 0.3215339233038348 0.016666666666666666
2 0.8266961651917404 0.48385416666666664 0.07227138643067847 0.015625
0 0.3008849557522124 0.5083333333333333 0.3775811209439528 0.016666666666666666
2 0.8259587020648967 0.5072916666666667 0.07374631268436578 0.014583333333333334
2 0.8252212389380531 0.53125 0.07227138643067847 0.014583333333333334
0 0.2691740412979351 0.5333333333333333 0.31710914454277284 0.016666666666666666
0 0.3694690265486726 0.5552083333333333 0.5147492625368731 0.016666666666666666
2 0.8252212389380531 0.5546875 0.07227138643067847 0.015625
2 0.8259587020648967 0.5786458333333333 0.07374631268436578 0.013541666666666667
0 0.3414454277286136 0.5802083333333333 0.4616519174041298 0.016666666666666666
0 0.27728613569321536 0.603125 0.3303834808259587 0.014583333333333334
2 0.8259587020648967 0.6026041666666667 0.07079646017699115 0.013541666666666667
0 0.35766961651917406 0.6276041666666666 0.4911504424778761 0.015625
2 0.8259587020648967 0.6265625 0.07374631268436578 0.013541666666666667
0 0.33997050147492625 0.6510416666666666 0.4557522123893805 0.016666666666666666
2 0.8259587020648967 0.6505208333333333 0.07374631268436578 0.015625
0 0.2994100294985251 0.6739583333333333 0.3746312684365782 0.014583333333333334
2 0.8259587020648967 0.6739583333333333 0.07374631268436578 0.014583333333333334
1 0.49041297935103245 0.26197916666666665 0.7654867256637168 0.017708333333333333
1 0.49041297935103245 0.28541666666666665 0.7595870206489675 0.014583333333333334
1 0.49041297935103245 0.30885416666666665 0.7625368731563422 0.017708333333333333
1 0.4941002949852507 0.3333333333333333 0.7610619469026548 0.01875
1 0.49041297935103245 0.3963541666666667 0.7507374631268436 0.017708333333333333
1 0.49336283185840707 0.41770833333333335 0.7625368731563422 0.020833333333333332
1 0.49041297935103245 0.4822916666666667 0.7536873156342183 0.01875
1 0.4830383480825959 0.50625 0.7625368731563422 0.016666666666666666
1 0.48746312684365783 0.5322916666666667 0.7566371681415929 0.022916666666666665
1 0.4896755162241888 0.5552083333333333 0.7610619469026548 0.020833333333333332
1 0.4889380530973451 0.5807291666666666 0.7566371681415929 0.023958333333333335
1 0.4918879056047198 0.603125 0.7625368731563422 0.01875
1 0.49041297935103245 0.628125 0.7654867256637168 0.01875
1 0.49041297935103245 0.6520833333333333 0.7595870206489675 0.01875
1 0.4918879056047198 0.6729166666666667 0.7625368731563422 0.01875
