0 0.26837606837606837 0.27428909952606634 0.3811965811965812 0.024091627172195894
2 0.8897435897435897 0.273696682464455 0.06837606837606838 0.017377567140600316
2 0.8897435897435897 0.2958135860979463 0.06837606837606838 0.017377567140600316
0 0.152991452991453 0.29778830963665087 0.15042735042735042 0.018957345971563982
0 0.2064102564102564 0.3195102685624013 0.25726495726495724 0.018957345971563982
2 0.8897435897435897 0.31911532385466035 0.06837606837606838 0.017377567140600316
2 0.8897435897435897 0.3410347551342812 0.06837606837606838 0.0169826224328594
0 0.1876068376068376 0.34419431279620855 0.2230769230769231 0.021721958925750396
0 0.2047008547008547 0.3671011058451817 0.25555555555555554 0.022511848341232227
2 0.8897435897435897 0.36492890995260663 0.06837606837606838 0.017377567140600316
0 0.15683760683760684 0.3896129541864139 0.152991452991453 0.02014218009478673
2 0.8897435897435897 0.3882306477093207 0.06837606837606838 0.017377567140600316
0 0.21623931623931625 0.41034755134281203 0.2717948717948718 0.019747235387045814
2 0.8897435897435897 0.41034755134281203 0.06837606837606838 0.017377567140600316
0 0.19615384615384615 0.43463665086887837 0.23162393162393163 0.018562401263823063
2 0.8897435897435897 0.4338467614533965 0.06837606837606838 0.0169826224328594
0 0.25384615384615383 0.4569510268562401 0.35384615384615387 0.022906793048973143
2 0.8897435897435897 0.45596366508688785 0.06837606837606838 0.0169826224328594
0 0.2388888888888889 0.4806477093206951 0.32222222222222224 0.019747235387045814
2 0.8897435897435897 0.4794628751974723 0.06837606837606838 0.017377567140600316
0 0.24572649572649571 0.5027646129541864 0.33760683760683763 0.022116903633491312
2 0.8897435897435897 0.5015797788309637 0.06837606837606838 0.017377567140600316
0 0.18504273504273505 0.5262638230647709 0.2094017094017094 0.02014218009478673
2 0.8897435897435897 0.5244865718799369 0.06837606837606838 0.017377567140600316
2 0.8897435897435897 0.54739336492891 0.06837606837606838 0.018957345971563982
0 0.20897435897435898 0.5491706161137441 0.25726495726495724 0.018562401263823063
2 0.8897435897435897 0.5706951026856241 0.06837606837606838 0.017377567140600316
0 0.19230769230769232 0.5718799368088467 0.22393162393162394 0.017377567140600316
2 0.8897435897435897 0.5934044233807267 0.06837606837606838 0.018562401263823063
0 0.19786324786324785 0.5945892575039494 0.23504273504273504 0.018562401263823063
2 0.8897435897435897 0.6161137440758294 0.06837606837606838 0.017377567140600316
0 0.20897435897435898 0.6172985781990521 0.25726495726495724 0.017377567140600316
0 0.2512820512820513 0.6402053712480252 0.347008547008547 0.02132701421800948
2 0.888034188034188 0.6394154818325435 0.07179487179487179 0.017377567140600316
0 0.21923076923076923 0.6627172195892576 0.2829059829059829 0.019747235387045814
2 0.888034188034188 0.6617298578199052 0.07179487179487179 0.0169826224328594
0 0.16111111111111112 0.6852290679304898 0.16666666666666666 0.019747235387045814
2 0.888034188034188 0.6852290679304898 0.07179487179487179 0.017377567140600316
0 0.23717948717948717 0.709913112164297 0.3188034188034188 0.02014218009478673
2 0.888034188034188 0.7085308056872038 0.07179487179487179 0.017377567140600316
0 0.24700854700854702 0.733214849921011 0.3401709401709402 0.022511848341232227
2 0.888034188034188 0.7306477093206951 0.07179487179487179 0.017377567140600316
2 0.888034188034188 0.7533570300157978 0.07179487179487179 0.018562401263823063
0 0.23034188034188033 0.756911532385466 0.30683760683760686 0.024091627172195894
0 0.6021367521367521 0.7638230647709321 0.017948717948717947 0.005529225908372828
0 0.20085470085470086 0.7774486571879937 0.24786324786324787 0.025671406003159557
2 0.888034188034188 0.7764612954186414 0.07179487179487179 0.017377567140600316
0 0.2205128205128205 0.8009478672985783 0.28717948717948716 0.02527646129541864
2 0.888034188034188 0.7997630331753555 0.07179487179487179 0.017377567140600316
0 0.2188034188034188 0.8236571879936809 0.28376068376068375 0.024091627172195894
2 0.888034188034188 0.8218799368088467 0.07179487179487179 0.017377567140600316
0 0.25256410256410255 0.8465639810426541 0.35128205128205126 0.025671406003159557
2 0.888034188034188 0.8451816745655608 0.07179487179487179 0.017377567140600316
0 0.22905982905982905 0.8696682464454977 0.30427350427350425 0.02527646129541864
2 0.888034188034188 0.868088467614534 0.07179487179487179 0.018957345971563982
1 0.502991452991453 0.27231437598736175 0.8538461538461538 0.028041074249605055
1 0.5008547008547009 0.29522116903633494 0.8495726495726496 0.02646129541864139
1 0.5025641025641026 0.31773301737756715 0.8495726495726496 0.022511848341232227
1 0.5038461538461538 0.3406398104265403 0.8521367521367521 0.02093206951026856
1 0.5064102564102564 0.36670616113744076 0.8521367521367521 0.024881516587677725
1 0.49914529914529915 0.38842812006319116 0.8478632478632478 0.025671406003159557
1 0.5072649572649572 0.4089652448657188 0.8504273504273504 0.025671406003159557
1 0.5051282051282051 0.43364928909952605 0.8547008547008547 0.02764612954186414
1 0.5072649572649572 0.4569510268562401 0.8589743589743589 0.02132701421800948
1 0.5042735042735043 0.4800552922590837 0.8615384615384616 0.024091627172195894
1 0.5051282051282051 0.5013823064770933 0.8547008547008547 0.022511848341232227
1 0.5051282051282051 0.523696682464455 0.8547008547008547 0.02448657187993681
1 0.5068376068376068 0.5483807266982622 0.852991452991453 0.025671406003159557
1 0.5055555555555555 0.5703001579778831 0.8538461538461538 0.022906793048973143
1 0.5047008547008547 0.5926145339652449 0.8555555555555555 0.019352290679304898
1 0.5136752136752136 0.6145339652448657 0.8598290598290599 0.020537124802527645
1 0.5017094017094017 0.6368483412322274 0.8478632478632478 0.024091627172195894
1 0.5008547008547009 0.6619273301737757 0.8547008547008547 0.02527646129541864
1 0.5025641025641026 0.6834518167456556 0.8632478632478633 0.02330173775671406
1 0.5012820512820513 0.7091232227488151 0.8487179487179487 0.018562401263823063
1 0.5042735042735043 0.7318325434439179 0.852991452991453 0.019747235387045814
1 0.5017094017094017 0.7539494470774092 0.8512820512820513 0.017377567140600316
1 0.5017094017094017 0.7764612954186414 0.852991452991453 0.02132701421800948
1 0.49786324786324787 0.7999605055292259 0.8504273504273504 0.02014218009478673
1 0.5004273504273504 0.8220774091627172 0.8504273504273504 0.019352290679304898
1 0.5017094017094017 0.8453791469194313 0.8461538461538461 0.02014218009478673
1 0.5004273504273504 0.8674960505529226 0.8435897435897436 0.02330173775671406
