0 0.2329059829059829 0.23854660347551343 0.2726495726495726 0.020537124802527645
2 0.8094017094017094 0.2391390205371248 0.15555555555555556 0.016192733017377565
0 0.22136752136752136 0.2592812006319115 0.24957264957264957 0.017772511848341232
2 0.8094017094017094 0.2592812006319115 0.15555555555555556 0.014612954186413903
0 0.18632478632478633 0.2790284360189573 0.1794871794871795 0.017772511848341232
2 0.8094017094017094 0.2790284360189573 0.15555555555555556 0.014612954186413903
0 0.2611111111111111 0.29838072669826227 0.32735042735042735 0.02014218009478673
2 0.805982905982906 0.29917061611374407 0.15897435897435896 0.016192733017377565
0 0.23974358974358975 0.36473143759873616 0.2863247863247863 0.02093206951026856
2 0.8076923076923077 0.3641390205371248 0.15897435897435896 0.01579778830963665
0 0.22735042735042735 0.3842812006319115 0.26153846153846155 0.018167456556082148
2 0.8094017094017094 0.3836887835703002 0.15555555555555556 0.016192733017377565
0 0.1935897435897436 0.4040284360189573 0.19401709401709402 0.018167456556082148
2 0.8094017094017094 0.4046208530805687 0.15555555555555556 0.016192733017377565
0 0.26837606837606837 0.42555292259083727 0.3418803418803419 0.018562401263823063
2 0.8094017094017094 0.42496050552922593 0.1623931623931624 0.020537124802527645
0 0.2358974358974359 0.49901263823064773 0.27692307692307694 0.02014218009478673
2 0.8076923076923077 0.49960505529225907 0.15897435897435896 0.01579778830963665
0 0.2205128205128205 0.5191548183254344 0.24615384615384617 0.018562401263823063
2 0.8094017094017094 0.5191548183254344 0.15555555555555556 0.016192733017377565
0 0.21752136752136753 0.5389020537124802 0.24188034188034188 0.021721958925750396
2 0.8094017094017094 0.5390995260663507 0.15555555555555556 0.01579778830963665
0 0.26282051282051283 0.5588467614533965 0.33076923076923076 0.019747235387045814
2 0.8094017094017094 0.5594391785150079 0.15555555555555556 0.016192733017377565
0 0.2329059829059829 0.5791864139020537 0.2709401709401709 0.018562401263823063
2 0.8205128205128205 0.5803712480252765 0.18461538461538463 0.018562401263823063
0 0.25854700854700857 0.59913112164297 0.32222222222222224 0.019747235387045814
2 0.8094017094017094 0.5999210110584519 0.15555555555555556 0.01579778830963665
0 0.25982905982905985 0.6194707740916272 0.3247863247863248 0.018562401263823063
0 0.8094017094017094 0.6194707740916272 0.15555555555555556 0.016192733017377565
0 0.20341880341880342 0.6830568720379147 0.21196581196581196 0.018562401263823063
2 0.8136752136752137 0.6832543443917851 0.1641025641025641 0.01579778830963665
0 0.2230769230769231 0.7022116903633492 0.252991452991453 0.019747235387045814
2 0.8136752136752137 0.7033965244865719 0.1641025641025641 0.015007898894154818
0 0.2299145299145299 0.7225513428120063 0.26666666666666666 0.018562401263823063
2 0.8136752136752137 0.7235387045813586 0.1641025641025641 0.01579778830963665
0 0.1987179487179487 0.7867298578199052 0.20427350427350427 0.017377567140600316
2 0.7824786324786325 0.7983807266982622 0.23162393162393163 0.02014218009478673
0 0.21623931623931625 0.806872037914692 0.2376068376068376 0.018957345971563982
2 0.8076923076923077 0.6186808846761453 0.15555555555555556 0.016192733017377565
1 0.49572649572649574 0.2387440758293839 0.7965811965811965 0.017772511848341232
1 0.49188034188034185 0.2578988941548183 0.7923076923076923 0.019747235387045814
1 0.49145299145299143 0.278436018957346 0.7897435897435897 0.018167456556082148
1 0.4995726495726496 0.296998420221169 0.7923076923076923 0.018957345971563982
1 0.49572649572649574 0.3645339652448657 0.8017094017094017 0.019747235387045814
1 0.49273504273504276 0.3830963665086888 0.7974358974358975 0.018957345971563982
1 0.491025641025641 0.4032385466034755 0.7957264957264957 0.019747235387045814
1 0.4935897435897436 0.42614533965244866 0.7991452991452992 0.02132701421800948
1 0.49444444444444446 0.49980252764612954 0.794017094017094 0.02014218009478673
1 0.49444444444444446 0.5201421800947867 0.7923076923076923 0.020537124802527645
1 0.49145299145299143 0.5390995260663507 0.7948717948717948 0.019747235387045814
1 0.4897435897435897 0.5389020537124802 0.7914529914529914 0.02093206951026856
1 0.49743589743589745 0.5578593996840442 0.7965811965811965 0.019352290679304898
1 0.5021367521367521 0.5791864139020537 0.8196581196581196 0.021721958925750396
1 0.49188034188034185 0.5999210110584519 0.7905982905982906 0.018957345971563982
1 0.49230769230769234 0.6200631911532386 0.7965811965811965 0.018167456556082148
1 0.4982905982905983 0.684044233807267 0.8102564102564103 0.019747235387045814
1 0.4931623931623932 0.7022116903633492 0.8017094017094017 0.018167456556082148
1 0.4982905982905983 0.7227488151658767 0.8051282051282052 0.017377567140600316
1 0.5098290598290598 0.7960110584518167 0.82991452991453 0.043048973143759876
