0 0.18376068376068377 0.21386255924170616 0.19487179487179487 0.014612954186413903
0 0.18803418803418803 0.22748815165876776 0.19829059829059828 0.013428120063191154
0 0.17692307692307693 0.24170616113744076 0.1811965811965812 0.013428120063191154
2 0.8290598290598291 0.25631911532385465 0.1794871794871795 0.016587677725118485
0 0.18376068376068377 0.2561216429699842 0.19487179487179487 0.013033175355450236
0 0.1987179487179487 0.2683649289099526 0.22136752136752136 0.014612954186413903
0 0.2094017094017094 0.28278041074249605 0.24615384615384617 0.015007898894154818
0 0.17777777777777778 0.29660347551342814 0.18461538461538463 0.013428120063191154
0 0.1987179487179487 0.34024486571879936 0.2264957264957265 0.014612954186413903
2 0.8290598290598291 0.3511058451816746 0.17777777777777778 0.01579778830963665
0 0.17777777777777778 0.35406793048973145 0.18461538461538463 0.014612954186413903
0 0.21752136752136753 0.3674960505529226 0.25726495726495724 0.014612954186413903
0 0.15555555555555556 0.41113744075829384 0.14017094017094017 0.016587677725118485
2 0.8290598290598291 0.421998420221169 0.17777777777777778 0.014612954186413903
0 0.19658119658119658 0.42476303317535546 0.2205128205128205 0.014612954186413903
0 0.1623931623931624 0.43898104265402843 0.147008547008547 0.014612954186413903
0 0.17393162393162392 0.48518957345971564 0.1752136752136752 0.016192733017377565
2 0.8290598290598291 0.4924960505529226 0.17777777777777778 0.015007898894154818
0 0.2064102564102564 0.49960505529225907 0.24017094017094018 0.01579778830963665
0 0.17692307692307693 0.5466034755134281 0.1811965811965812 0.013428120063191154
2 0.8290598290598291 0.5523301737756714 0.17777777777777778 0.014612954186413903
0 0.16538461538461538 0.5608214849921012 0.152991452991453 0.013428120063191154
0 0.20341880341880342 0.6099921011058452 0.2341880341880342 0.016192733017377565
2 0.8534188034188034 0.6115718799368088 0.14273504273504273 0.016192733017377565
0 0.1683760683760684 0.6253949447077409 0.1641025641025641 0.014612954186413903
2 0.8628205128205129 0.6246050552922591 0.12222222222222222 0.013033175355450236
2 0.8615384615384616 0.6382306477093207 0.12478632478632479 0.015007898894154818
0 0.14871794871794872 0.6390205371248026 0.12478632478632479 0.013428120063191154
0 0.1752136752136752 0.6858214849921012 0.1794871794871795 0.018562401263823063
2 0.8320512820512821 0.6943127962085308 0.17863247863247864 0.015007898894154818
0 0.2076923076923077 0.6994470774091627 0.24273504273504273 0.015007898894154818
0 0.23162393162393163 0.7476303317535545 0.29743589743589743 0.015007898894154818
0 0.1675213675213675 0.7626382306477093 0.17094017094017094 0.013428120063191154
2 0.8316239316239317 0.764218009478673 0.1794871794871795 0.016587677725118485
0 0.17051282051282052 0.7762638230647709 0.17692307692307693 0.014612954186413903
0 0.2188034188034188 0.8193127962085308 0.27692307692307694 0.014612954186413903
2 0.8290598290598291 0.8283965244865719 0.17777777777777778 0.014612954186413903
0 0.22863247863247863 0.8335308056872038 0.2965811965811966 0.014612954186413903
1 0.5012820512820513 0.25434439178515006 0.8350427350427351 0.09873617693522907
1 0.5012820512820513 0.353870458135861 0.82991452991453 0.045813586097946286
1 0.5089743589743589 0.42476303317535546 0.847008547008547 0.04541864139020537
1 0.5042735042735043 0.4928909952606635 0.8341880341880342 0.03238546603475513
1 0.5051282051282051 0.5535150078988942 0.8427350427350427 0.02646129541864139
1 0.505982905982906 0.6105845181674565 0.8324786324786325 0.014218009478672985
1 0.5021367521367521 0.6251974723538705 0.8401709401709402 0.01263823064770932
1 0.5055555555555555 0.6390205371248026 0.8384615384615385 0.015007898894154818
1 0.5047008547008547 0.6923380726698263 0.8418803418803419 0.030015797788309637
1 0.5004273504273504 0.7618483412322274 0.8435897435897436 0.044233807266982623
1 0.4987179487179487 0.8260268562401264 0.8401709401709402 0.02883096366508689
