0 0.1794871794871795 0.25217219589257506 0.19829059829059828 0.018562401263823063
2 0.8162393162393162 0.25355450236966826 0.1606837606837607 0.018957345971563982
0 0.18803418803418803 0.2703396524486572 0.2153846153846154 0.016192733017377565
2 0.826068376068376 0.2717219589257504 0.14786324786324787 0.022116903633491312
0 0.3217948717948718 0.28988941548183256 0.4829059829059829 0.01579778830963665
2 0.826068376068376 0.2910742496050553 0.152991452991453 0.022906793048973143
0 0.2568376068376068 0.3094391785150079 0.352991452991453 0.018562401263823063
2 0.8290598290598291 0.3094391785150079 0.13333333333333333 0.016192733017377565
0 0.20897435897435898 0.3278041074249605 0.25726495726495724 0.01579778830963665
2 0.8290598290598291 0.3278041074249605 0.13333333333333333 0.01579778830963665
0 0.1752136752136752 0.34735387045813587 0.18974358974358974 0.018562401263823063
2 0.8294871794871795 0.34893364928909953 0.14615384615384616 0.02014218009478673
0 0.2188034188034188 0.41824644549763035 0.27692307692307694 0.019747235387045814
2 0.8269230769230769 0.4194312796208531 0.14273504273504273 0.017377567140600316
2 0.8205128205128205 0.43700631911532384 0.15042735042735042 0.016192733017377565
0 0.15256410256410258 0.4397709320695103 0.14444444444444443 0.016192733017377565
2 0.8209401709401709 0.4537914691943128 0.152991452991453 0.017377567140600316
0 0.1717948717948718 0.46050552922590837 0.18461538461538463 0.01579778830963665
2 0.8273504273504273 0.4721563981042654 0.13675213675213677 0.016192733017377565
0 0.18076923076923077 0.48242496050552924 0.20256410256410257 0.021721958925750396
2 0.8205128205128205 0.490521327014218 0.15042735042735042 0.01579778830963665
0 0.18632478632478633 0.5027646129541864 0.21196581196581196 0.017377567140600316
2 0.8273504273504273 0.507306477093207 0.13675213675213677 0.016192733017377565
0 0.18076923076923077 0.5242890995260664 0.19572649572649573 0.018562401263823063
2 0.8205128205128205 0.5256714060031595 0.15042735042735042 0.01579778830963665
0 0.20042735042735044 0.59913112164297 0.24017094017094018 0.019747235387045814
2 0.826068376068376 0.6007109004739336 0.1547008547008547 0.023696682464454975
0 0.25427350427350426 0.6172985781990521 0.34786324786324785 0.017377567140600316
0 0.25427350427350426 0.6342812006319115 0.34786324786324785 0.017377567140600316
2 0.7893162393162393 0.6411927330173776 0.2247863247863248 0.02093206951026856
0 0.22606837606837607 0.6524486571879937 0.2914529914529915 0.017377567140600316
0 0.2482905982905983 0.6700236966824644 0.33589743589743587 0.018562401263823063
1 0.4905982905982906 0.25118483412322273 0.8307692307692308 0.018957345971563982
1 0.491025641025641 0.27290679304897314 0.8247863247863247 0.016587677725118485
1 0.49145299145299143 0.2910742496050553 0.8307692307692308 0.017377567140600316
1 0.4858974358974359 0.3088467614533965 0.8213675213675213 0.019747235387045814
1 0.48846153846153845 0.328001579778831 0.8179487179487179 0.0169826224328594
1 0.49017094017094015 0.3471563981042654 0.8247863247863247 0.018957345971563982
1 0.4905982905982906 0.4178515007898894 0.8239316239316239 0.018957345971563982
1 0.49188034188034185 0.43799368088467616 0.8213675213675213 0.018957345971563982
1 0.4952991452991453 0.45793838862559244 0.8196581196581196 0.02330173775671406
1 0.4893162393162393 0.47768562401263825 0.8162393162393162 0.02646129541864139
1 0.4905982905982906 0.5045418641390206 0.8239316239316239 0.024091627172195894
1 0.49273504273504276 0.5256714060031595 0.8247863247863247 0.019747235387045814
1 0.48846153846153845 0.6005134281200631 0.8316239316239317 0.021721958925750396
1 0.4897435897435897 0.6431674565560821 0.8153846153846154 0.07543443917851501
