0 0.7161602209944752 0.2119140625 0.08977900552486189 0.015625
2 0.9450966850828729 0.19482421875 0.024171270718232045 0.013671875
0 0.7151243093922652 0.357421875 0.08770718232044199 0.017578125
2 0.944060773480663 0.338623046875 0.026243093922651933 0.01220703125
0 0.706146408839779 0.5 0.06975138121546962 0.0146484375
2 0.9450966850828729 0.48388671875 0.024171270718232045 0.0107421875
0 0.7140883977900553 0.64501953125 0.0856353591160221 0.0166015625
2 0.9450966850828729 0.62841796875 0.024171270718232045 0.013671875
1 0.8138812154696132 0.202880859375 0.2866022099447514 0.03271484375
1 0.8162983425414365 0.348876953125 0.2900552486187845 0.03271484375
1 0.8142265193370166 0.4921875 0.287292817679558 0.029296875
1 0.8159530386740331 0.6357421875 0.2907458563535912 0.03125
