0 0.737914364640884 0.150390625 0.10842541436464088 0.0166015625
0 0.09668508287292818 0.151123046875 0.0787292817679558 0.01513671875
2 0.2969613259668508 0.150146484375 0.026243093922651933 0.01220703125
0 0.4191988950276243 0.150146484375 0.09668508287292818 0.01220703125
2 0.6108425414364641 0.150146484375 0.026933701657458564 0.01220703125
2 0.9247237569060773 0.150146484375 0.024861878453038673 0.01220703125
2 0.29799723756906077 0.428466796875 0.024171270718232045 0.01220703125
0 0.4008977900552486 0.42919921875 0.060082872928176795 0.013671875
2 0.611878453038674 0.428466796875 0.024861878453038673 0.01220703125
0 0.7693370165745856 0.42919921875 0.16988950276243095 0.013671875
2 0.9257596685082873 0.428466796875 0.026933701657458564 0.01220703125
0 0.08149171270718232 0.429931640625 0.04696132596685083 0.01220703125
0 0.10704419889502763 0.744873046875 0.12430939226519337 0.01513671875
2 0.46443370165745856 0.744384765625 0.024171270718232045 0.01318359375
0 0.11982044198895028 0.79052734375 0.14986187845303867 0.0146484375
2 0.4661602209944751 0.789306640625 0.020718232044198894 0.01220703125
0 0.10462707182320442 0.836181640625 0.12223756906077347 0.01513671875
2 0.4661602209944751 0.83544921875 0.020718232044198894 0.013671875
0 0.168853591160221 0.881103515625 0.2479281767955801 0.01318359375
2 0.4661602209944751 0.880615234375 0.020718232044198894 0.01220703125
1 0.18335635359116023 0.151123046875 0.2520718232044199 0.01416015625
1 0.49689226519337015 0.1494140625 0.2534530386740331 0.013671875
1 0.8125 0.15087890625 0.2575966850828729 0.0166015625
1 0.1854281767955801 0.4287109375 0.2575966850828729 0.0146484375
1 0.4972375690607735 0.4296875 0.2541436464088398 0.015625
1 0.8125 0.428955078125 0.2575966850828729 0.01708984375
1 0.2617403314917127 0.744140625 0.43646408839779005 0.0146484375
1 0.26001381215469616 0.789306640625 0.43439226519337015 0.01513671875
1 0.26035911602209943 0.83740234375 0.43922651933701656 0.0146484375
1 0.262085635359116 0.882080078125 0.43439226519337015 0.01416015625
