0 0.17692307692307693 0.24308846761453395 0.1811965811965812 0.018562401263823063
2 0.814957264957265 0.24269352290679305 0.13418803418803418 0.017772511848341232
0 0.17136752136752137 0.2612559241706161 0.1700854700854701 0.016192733017377565
2 0.8076923076923077 0.2608609794628752 0.147008547008547 0.016192733017377565
0 0.17222222222222222 0.2796208530805687 0.1735042735042735 0.019747235387045814
2 0.8076923076923077 0.2796208530805687 0.147008547008547 0.01579778830963665
0 0.14145299145299145 0.2964060031595577 0.11025641025641025 0.016192733017377565
2 0.8162393162393162 0.2964060031595577 0.1641025641025641 0.016192733017377565
0 0.15854700854700854 0.3147709320695103 0.14444444444444443 0.01579778830963665
2 0.8145299145299145 0.3147709320695103 0.13333333333333333 0.01579778830963665
0 0.17692307692307693 0.33293838862559244 0.1811965811965812 0.018957345971563982
2 0.8145299145299145 0.33293838862559244 0.13333333333333333 0.01579778830963665
0 0.15128205128205127 0.3499210110584518 0.12991452991452992 0.01579778830963665
2 0.814957264957265 0.35031595576619273 0.13418803418803418 0.018957345971563982
0 0.1905982905982906 0.36947077409162715 0.21025641025641026 0.018562401263823063
2 0.8145299145299145 0.36868088467614535 0.13333333333333333 0.014612954186413903
0 0.1752136752136752 0.3862559241706161 0.17777777777777778 0.01579778830963665
2 0.8145299145299145 0.3862559241706161 0.13333333333333333 0.01579778830963665
0 0.2512820512820513 0.4046208530805687 0.3299145299145299 0.016192733017377565
2 0.814957264957265 0.4042259083728278 0.13418803418803418 0.017772511848341232
0 0.21068376068376068 0.4670221169036335 0.24871794871794872 0.018562401263823063
2 0.8205128205128205 0.4670221169036335 0.1452991452991453 0.016192733017377565
0 0.24017094017094018 0.48578199052132703 0.3076923076923077 0.017377567140600316
2 0.8188034188034188 0.48518957345971564 0.14188034188034188 0.016192733017377565
0 0.21068376068376068 0.5035545023696683 0.24871794871794872 0.01579778830963665
2 0.8188034188034188 0.5035545023696683 0.14188034188034188 0.01579778830963665
0 0.2247863247863248 0.5217219589257504 0.27692307692307694 0.018957345971563982
2 0.8192307692307692 0.5211295418641391 0.14273504273504273 0.017772511848341232
0 0.18675213675213675 0.5387045813586098 0.20085470085470086 0.01579778830963665
2 0.8188034188034188 0.5392969984202212 0.14188034188034188 0.014612954186413903
0 0.20213675213675214 0.5572669826224329 0.23162393162393163 0.017377567140600316
2 0.8205128205128205 0.5578593996840442 0.13846153846153847 0.016192733017377565
0 0.21196581196581196 0.5752369668246445 0.2512820512820513 0.018562401263823063
2 0.8222222222222222 0.5752369668246445 0.14188034188034188 0.016192733017377565
0 0.1893162393162393 0.5928120063191153 0.20598290598290597 0.017377567140600316
2 0.8205128205128205 0.5934044233807267 0.13846153846153847 0.016192733017377565
0 0.2722222222222222 0.6609399684044234 0.3735042735042735 0.018562401263823063
2 0.8132478632478632 0.6607424960505529 0.15982905982905982 0.018167456556082148
0 0.27521367521367524 0.6800947867298578 0.37777777777777777 0.017377567140600316
2 0.8132478632478632 0.6791074249605056 0.1547008547008547 0.017772511848341232
0 0.31324786324786325 0.6974723538704581 0.45384615384615384 0.01579778830963665
2 0.8132478632478632 0.6972748815165877 0.1547008547008547 0.017772511848341232
0 0.15427350427350428 0.7144549763033176 0.13076923076923078 0.01579778830963665
2 0.8188034188034188 0.7144549763033176 0.14188034188034188 0.01579778830963665
0 0.15427350427350428 0.7326224328593997 0.13076923076923078 0.01579778830963665
2 0.8188034188034188 0.7326224328593997 0.14188034188034188 0.01579778830963665
0 0.1594017094017094 0.7509873617693523 0.14273504273504273 0.016192733017377565
2 0.8222222222222222 0.7509873617693523 0.14188034188034188 0.016192733017377565
0 0.18803418803418803 0.7691548183254344 0.2 0.019352290679304898
2 0.8192307692307692 0.7677725118483413 0.14273504273504273 0.018167456556082148
0 0.20341880341880342 0.7873222748815166 0.22905982905982905 0.018562401263823063
2 0.8209401709401709 0.7865323854660348 0.14615384615384616 0.019352290679304898
0 0.16282051282051282 0.8054897314375987 0.152991452991453 0.016192733017377565
2 0.814957264957265 0.8052922590837283 0.15128205128205127 0.018167456556082148
1 0.4846153846153846 0.24308846761453395 0.8017094017094017 0.017772511848341232
1 0.48504273504273504 0.26165086887835703 0.8008547008547009 0.018562401263823063
1 0.4846153846153846 0.278436018957346 0.7982905982905983 0.01579778830963665
1 0.5 0.2962085308056872 0.8273504273504273 0.015007898894154818
1 0.4829059829059829 0.31398104265402843 0.7948717948717948 0.016587677725118485
1 0.48504273504273504 0.3315560821484992 0.7957264957264957 0.0169826224328594
1 0.48376068376068376 0.3499210110584518 0.7965811965811965 0.013428120063191154
1 0.48547008547008547 0.3678909952606635 0.8 0.02014218009478673
1 0.48504273504273504 0.38645339652448657 0.8025641025641026 0.016192733017377565
1 0.4846153846153846 0.403436018957346 0.7948717948717948 0.017772511848341232
1 0.48504273504273504 0.4664296998420221 0.8008547008547009 0.01579778830963665
1 0.488034188034188 0.48420221169036337 0.8085470085470086 0.018167456556082148
1 0.491025641025641 0.5029620853080569 0.8076923076923077 0.017772511848341232
1 0.4897435897435897 0.5213270142180095 0.8051282051282052 0.018957345971563982
1 0.49017094017094015 0.5394944707740916 0.805982905982906 0.018167456556082148
1 0.4905982905982906 0.5566745655608215 0.8051282051282052 0.02014218009478673
1 0.4888888888888889 0.5756319115323855 0.8068376068376069 0.017772511848341232
1 0.4876068376068376 0.5928120063191153 0.8128205128205128 0.016587677725118485
1 0.4905982905982906 0.659952606635071 0.8102564102564103 0.020537124802527645
1 0.488034188034188 0.6796998420221169 0.8051282051282052 0.019747235387045814
1 0.4893162393162393 0.6980647709320695 0.8025641025641026 0.018562401263823063
1 0.49017094017094015 0.7154423380726699 0.805982905982906 0.018562401263823063
1 0.49145299145299143 0.7326224328593997 0.8034188034188035 0.018957345971563982
1 0.4897435897435897 0.7505924170616114 0.8034188034188035 0.018562401263823063
1 0.4905982905982906 0.768562401263823 0.8068376068376069 0.018957345971563982
1 0.49145299145299143 0.7871248025276462 0.8068376068376069 0.016587677725118485
1 0.49017094017094015 0.8060821484992101 0.8076923076923077 0.017377567140600316
