0 0.2094017094017094 0.28278041074249605 0.24615384615384617 0.019747235387045814
2 0.8320512820512821 0.28554502369668244 0.18376068376068377 0.017377567140600316
0 0.20085470085470086 0.3108214849921011 0.22905982905982905 0.018957345971563982
2 0.8290598290598291 0.31161137440758296 0.1452991452991453 0.017377567140600316
0 0.2952991452991453 0.33609794628751977 0.41794871794871796 0.019747235387045814
2 0.8222222222222222 0.33748025276461296 0.15897435897435896 0.0169826224328594
0 0.22606837606837607 0.3623617693522907 0.2794871794871795 0.018562401263823063
2 0.8333333333333334 0.36394154818325436 0.1811965811965812 0.018562401263823063
0 0.18632478632478633 0.38941548183254343 0.20170940170940171 0.020537124802527645
2 0.8222222222222222 0.3909952606635071 0.15897435897435896 0.017377567140600316
0 0.23034188034188033 0.41627172195892576 0.288034188034188 0.018957345971563982
2 0.8333333333333334 0.41765402843601895 0.1811965811965812 0.018562401263823063
0 0.2388888888888889 0.4429304897314376 0.30683760683760686 0.022511848341232227
2 0.8192307692307692 0.4433254344391785 0.1564102564102564 0.022511848341232227
0 0.27521367521367524 0.46860189573459715 0.37948717948717947 0.02093206951026856
2 0.8333333333333334 0.4703791469194313 0.1811965811965812 0.017377567140600316
0 0.20897435897435898 0.4948657187993681 0.24700854700854702 0.02132701421800948
2 0.8320512820512821 0.49703791469194314 0.18376068376068377 0.018562401263823063
0 0.2047008547008547 0.5211295418641391 0.23846153846153847 0.02093206951026856
2 0.8333333333333334 0.5231042654028436 0.1811965811965812 0.018562401263823063
0 0.2564102564102564 0.54739336492891 0.3418803418803419 0.018957345971563982
2 0.8320512820512821 0.5497630331753555 0.17863247863247864 0.017377567140600316
0 0.1905982905982906 0.5746445497630331 0.21025641025641026 0.017377567140600316
2 0.8316239316239317 0.5756319115323855 0.18461538461538463 0.02014218009478673
1 0.5055555555555555 0.283175355450237 0.8384615384615385 0.018957345971563982
1 0.4931623931623932 0.3104265402843602 0.8188034188034188 0.019747235387045814
1 0.4935897435897436 0.3366903633491311 0.8196581196581196 0.019352290679304898
1 0.5055555555555555 0.3623617693522907 0.8384615384615385 0.018562401263823063
1 0.49401709401709404 0.38704581358609796 0.8205128205128205 0.018957345971563982
1 0.5064102564102564 0.4164691943127962 0.8418803418803419 0.018562401263823063
1 0.49230769230769234 0.4419431279620853 0.8136752136752137 0.022116903633491312
1 0.5055555555555555 0.466824644549763 0.8435897435897436 0.018167456556082148
1 0.5034188034188034 0.4942733017377567 0.8427350427350427 0.02014218009478673
1 0.5055555555555555 0.5205371248025277 0.8384615384615385 0.018957345971563982
1 0.5025641025641026 0.5469984202211691 0.8393162393162393 0.018957345971563982
1 0.5021367521367521 0.5744470774091627 0.8333333333333334 0.018562401263823063
