0 0.1752136752136752 0.23400473933649288 0.18974358974358974 0.016192733017377565
2 0.8547008547008547 0.23459715639810427 0.13333333333333333 0.015007898894154818
0 0.1717948717948718 0.2490126382306477 0.18461538461538463 0.014612954186413903
2 0.8461538461538461 0.2490126382306477 0.15042735042735042 0.014612954186413903
0 0.20042735042735044 0.2626382306477093 0.24017094017094018 0.013428120063191154
2 0.8559829059829059 0.2626382306477093 0.13076923076923078 0.013428120063191154
0 0.19786324786324785 0.27567140600315954 0.23504273504273504 0.013428120063191154
2 0.8559829059829059 0.27567140600315954 0.13076923076923078 0.013428120063191154
0 0.21025641025641026 0.2904818325434439 0.25982905982905985 0.014612954186413903
2 0.8461538461538461 0.2904818325434439 0.15042735042735042 0.014612954186413903
0 0.1717948717948718 0.304304897314376 0.18461538461538463 0.016192733017377565
2 0.8461538461538461 0.30390995260663506 0.15213675213675212 0.018562401263823063
0 0.20213675213675214 0.3165481832543444 0.24358974358974358 0.014612954186413903
2 0.8461538461538461 0.3173380726698262 0.15042735042735042 0.016192733017377565
0 0.1717948717948718 0.3623617693522907 0.18461538461538463 0.014612954186413903
0 0.1764957264957265 0.37717219589257506 0.19230769230769232 0.013428120063191154
0 0.20897435897435898 0.3921800947867299 0.25726495726495724 0.015007898894154818
2 0.8269230769230769 0.40264612954186413 0.18205128205128204 0.014612954186413903
0 0.19786324786324785 0.40580568720379145 0.23504273504273504 0.016192733017377565
0 0.1905982905982906 0.4214060031595577 0.2205128205128205 0.013428120063191154
0 0.22435897435897437 0.4364139020537125 0.288034188034188 0.015007898894154818
0 0.16538461538461538 0.4808451816745656 0.1700854700854701 0.014612954186413903
2 0.8658119658119658 0.4814375987361769 0.1111111111111111 0.013428120063191154
0 0.147008547008547 0.49565560821484994 0.13333333333333333 0.013428120063191154
2 0.8602564102564103 0.49565560821484994 0.12222222222222222 0.013428120063191154
0 0.2188034188034188 0.540481832543444 0.27692307692307694 0.014612954186413903
2 0.8504273504273504 0.5420616113744076 0.14188034188034188 0.014612954186413903
0 0.24017094017094018 0.5562796208530806 0.31965811965811963 0.014612954186413903
2 0.8628205128205129 0.556872037914692 0.1170940170940171 0.013428120063191154
0 0.288034188034188 0.5712875197472354 0.4153846153846154 0.016192733017377565
2 0.8628205128205129 0.5710900473933649 0.1170940170940171 0.013428120063191154
0 0.25256410256410255 0.5857030015797788 0.34444444444444444 0.013428120063191154
2 0.8628205128205129 0.5857030015797788 0.1170940170940171 0.013428120063191154
0 0.2188034188034188 0.6001184834123223 0.27692307692307694 0.014612954186413903
2 0.8645299145299146 0.6001184834123223 0.11367521367521367 0.014612954186413903
0 0.14273504273504273 0.6421800947867299 0.12478632478632479 0.015007898894154818
0 0.12179487179487179 0.6571879936808847 0.0829059829059829 0.013428120063191154
2 0.8269230769230769 0.657780410742496 0.18205128205128204 0.014612954186413903
0 0.16709401709401708 0.6719984202211691 0.17863247863247864 0.014612954186413903
0 0.12179487179487179 0.7152448657187994 0.0829059829059829 0.013428120063191154
0 0.21623931623931625 0.7294628751974723 0.2717948717948718 0.015007898894154818
2 0.8273504273504273 0.740521327014218 0.17777777777777778 0.017377567140600316
0 0.21623931623931625 0.7456556082148499 0.27692307692307694 0.013428120063191154
0 0.14572649572649574 0.7600710900473934 0.1358974358974359 0.016192733017377565
0 0.23461538461538461 0.8054897314375987 0.31367521367521367 0.016192733017377565
2 0.8273504273504273 0.8153633491311216 0.17606837606837608 0.014612954186413903
0 0.20085470085470086 0.8218799368088467 0.24615384615384617 0.015007898894154818
1 0.5051282051282051 0.2320300157977883 0.8478632478632478 0.015402843601895734
1 0.5025641025641026 0.24881516587677724 0.8478632478632478 0.014218009478672985
1 0.4995726495726496 0.26165086887835703 0.847008547008547 0.011453396524486572
1 0.5025641025641026 0.27626382306477093 0.8478632478632478 0.014612954186413903
1 0.5021367521367521 0.2890995260663507 0.8452991452991453 0.01579778830963665
1 0.5004273504273504 0.3027251184834123 0.8452991452991453 0.013033175355450236
1 0.5004273504273504 0.3169431279620853 0.8452991452991453 0.015402843601895734
1 0.49615384615384617 0.398696682464455 0.8435897435897436 0.09123222748815166
1 0.5 0.48045023696682465 0.8427350427350427 0.014612954186413903
1 0.5004273504273504 0.49565560821484994 0.8452991452991453 0.014218009478672985
1 0.5 0.5394944707740916 0.8427350427350427 0.01579778830963665
1 0.5 0.556477093206951 0.8427350427350427 0.015007898894154818
1 0.5008547008547009 0.5697077409162717 0.8427350427350427 0.016192733017377565
1 0.5004273504273504 0.5859004739336493 0.8418803418803419 0.013033175355450236
1 0.5008547008547009 0.5999210110584519 0.8427350427350427 0.01579778830963665
1 0.5012820512820513 0.6569905213270142 0.8367521367521368 0.0462085308056872
1 0.4982905982905983 0.7381516587677726 0.8324786324786325 0.05924170616113744
1 0.497008547008547 0.8127962085308057 0.8418803418803419 0.03317535545023697
