0 0.23034188034188033 0.2697472353870458 0.2606837606837607 0.017377567140600316
2 0.814957264957265 0.2697472353870458 0.12735042735042734 0.015007898894154818
0 0.1675213675213675 0.2904818325434439 0.13675213675213677 0.014612954186413903
2 0.8106837606837607 0.2904818325434439 0.1188034188034188 0.014612954186413903
0 0.1641025641025641 0.3108214849921011 0.1282051282051282 0.01579778830963665
2 0.8106837606837607 0.3122037914691943 0.1188034188034188 0.016192733017377565
0 0.1987179487179487 0.33293838862559244 0.19914529914529913 0.01579778830963665
2 0.814957264957265 0.3335308056872038 0.12735042735042734 0.014612954186413903
0 0.17264957264957265 0.353870458135861 0.147008547008547 0.020537124802527645
2 0.814957264957265 0.3536729857819905 0.12735042735042734 0.016192733017377565
0 0.1893162393162393 0.37401263823064773 0.17863247863247864 0.017377567140600316
2 0.8175213675213675 0.37598736176935227 0.16153846153846155 0.01579778830963665
0 0.24700854700854702 0.396129541864139 0.294017094017094 0.017377567140600316
2 0.8132478632478632 0.396129541864139 0.13076923076923078 0.015007898894154818
0 0.2076923076923077 0.41627172195892576 0.2153846153846154 0.01579778830963665
2 0.814957264957265 0.41686413902053715 0.12735042735042734 0.014612954186413903
0 0.1935897435897436 0.43838862559241704 0.18717948717948718 0.018957345971563982
2 0.814957264957265 0.43838862559241704 0.12735042735042734 0.01579778830963665
0 0.1876068376068376 0.4585308056872038 0.17692307692307693 0.017377567140600316
2 0.814957264957265 0.459913112164297 0.12735042735042734 0.014612954186413903
0 0.3034188034188034 0.4794628751974723 0.40683760683760684 0.017377567140600316
2 0.8247863247863247 0.4814375987361769 0.147008547008547 0.01579778830963665
0 0.15555555555555556 0.5003949447077409 0.1111111111111111 0.017377567140600316
2 0.814957264957265 0.5015797788309637 0.12735042735042734 0.015007898894154818
1 0.491025641025641 0.26875987361769355 0.7837606837606838 0.015402843601895734
1 0.48717948717948717 0.2902843601895735 0.7743589743589744 0.015007898894154818
1 0.4876068376068376 0.31161137440758296 0.7735042735042735 0.016587677725118485
1 0.48846153846153845 0.3341232227488152 0.782051282051282 0.016587677725118485
1 0.48846153846153845 0.3524881516587678 0.7769230769230769 0.0169826224328594
1 0.5008547008547009 0.37421011058451814 0.8051282051282052 0.016192733017377565
1 0.4905982905982906 0.39593206951026855 0.7794871794871795 0.014612954186413903
1 0.4897435897435897 0.4166666666666667 0.7846153846153846 0.015007898894154818
1 0.48846153846153845 0.4381911532385466 0.7786324786324786 0.015402843601895734
1 0.49188034188034185 0.45793838862559244 0.7871794871794872 0.0169826224328594
1 0.49914529914529915 0.4800552922590837 0.8 0.019352290679304898
1 0.491025641025641 0.5001974723538705 0.782051282051282 0.017772511848341232
