0 0.7237569060773481 0.189697265625 0.106353591160221 0.01416015625
2 0.9450966850828729 0.170654296875 0.024171270718232045 0.01220703125
0 0.7320441988950276 0.247314453125 0.12154696132596685 0.01513671875
2 0.9447513812154696 0.230224609375 0.023480662983425413 0.01416015625
0 0.7475828729281768 0.4501953125 0.15676795580110497 0.01953125
2 0.9457872928176796 0.447998046875 0.024171270718232045 0.01318359375
0 0.7430939226519337 0.579833984375 0.1477900552486188 0.02001953125
2 0.9450966850828729 0.575927734375 0.024171270718232045 0.01220703125
0 0.7410220994475138 0.745361328125 0.13950276243093923 0.01806640625
2 0.9457872928176796 0.742431640625 0.022790055248618785 0.01220703125
0 0.7486187845303868 0.84228515625 0.15469613259668508 0.0166015625
0 0.9457872928176796 0.841552734375 0.022790055248618785 0.01220703125
1 0.8149171270718232 0.179443359375 0.287292817679558 0.03271484375
1 0.8166436464088398 0.239013671875 0.2866022099447514 0.03076171875
1 0.8176795580110497 0.447509765625 0.2983425414364641 0.02197265625
1 0.8152624309392266 0.580078125 0.2948895027624309 0.01953125
1 0.8187154696132597 0.744384765625 0.2893646408839779 0.01806640625
1 0.818024861878453 0.843017578125 0.2962707182320442 0.01806640625
