0 0.2076923076923077 0.2731042654028436 0.20341880341880342 0.018562401263823063
2 0.8008547008547009 0.273696682464455 0.1675213675213675 0.015007898894154818
0 0.1683760683760684 0.29522116903633494 0.12478632478632479 0.016192733017377565
2 0.8008547008547009 0.29522116903633494 0.1675213675213675 0.016192733017377565
0 0.22735042735042735 0.3145734597156398 0.24273504273504273 0.018562401263823063
2 0.8094017094017094 0.3147709320695103 0.17777777777777778 0.01579778830963665
0 0.21923076923076923 0.3366903633491311 0.2264957264957265 0.018562401263823063
2 0.8021367521367522 0.33748025276461296 0.1700854700854701 0.0169826224328594
0 0.23162393162393163 0.3576224328593997 0.2512820512820513 0.018562401263823063
2 0.8076923076923077 0.3584123222748815 0.1811965811965812 0.014612954186413903
0 0.21068376068376068 0.37796208530805686 0.2094017094017094 0.017377567140600316
2 0.8008547008547009 0.37855450236966826 0.1675213675213675 0.016192733017377565
0 0.2388888888888889 0.398696682464455 0.2658119658119658 0.0169826224328594
2 0.8021367521367522 0.40126382306477093 0.1700854700854701 0.017377567140600316
0 0.24700854700854702 0.4208135860979463 0.28205128205128205 0.02014218009478673
2 0.8008547008547009 0.4214060031595577 0.1675213675213675 0.01579778830963665
0 0.21324786324786324 0.4419431279620853 0.21623931623931625 0.018957345971563982
2 0.8008547008547009 0.4423380726698262 0.1675213675213675 0.01579778830963665
0 0.2670940170940171 0.4630726698262243 0.32222222222222224 0.018562401263823063
2 0.8008547008547009 0.46386255924170616 0.1675213675213675 0.014612954186413903
0 0.24145299145299146 0.5270537124802528 0.2709401709401709 0.018562401263823063
0 0.8094017094017094 0.5276461295418642 0.15042735042735042 0.015007898894154818
0 0.27521367521367524 0.5483807266982622 0.3384615384615385 0.02014218009478673
2 0.8008547008547009 0.5491706161137441 0.13333333333333333 0.016192733017377565
0 0.21324786324786324 0.5699052132701422 0.22136752136752136 0.018957345971563982
2 0.8094017094017094 0.5699052132701422 0.15042735042735042 0.01579778830963665
2 0.8076923076923077 0.5268562401263823 0.15042735042735042 0.015007898894154818
1 0.49444444444444446 0.27231437598736175 0.7803418803418803 0.017772511848341232
1 0.4965811965811966 0.29660347551342814 0.7846153846153846 0.017377567140600316
1 0.5017094017094017 0.3145734597156398 0.8017094017094017 0.019352290679304898
1 0.49615384615384617 0.3359004739336493 0.7871794871794872 0.02014218009478673
1 0.5034188034188034 0.3570300157977883 0.7982905982905983 0.018957345971563982
1 0.4935897435897436 0.3783570300157978 0.7769230769230769 0.018957345971563982
1 0.49444444444444446 0.39988151658767773 0.7837606837606838 0.02093206951026856
1 0.4931623931623932 0.419826224328594 0.7846153846153846 0.020537124802527645
1 0.4931623931623932 0.440955766192733 0.7846153846153846 0.021721958925750396
1 0.49444444444444446 0.4628751974723539 0.7871794871794872 0.018957345971563982
1 0.4948717948717949 0.5266587677725119 0.7794871794871795 0.0169826224328594
1 0.48675213675213674 0.5481832543443917 0.7649572649572649 0.019747235387045814
1 0.4965811965811966 0.5693127962085308 0.7829059829059829 0.02014218009478673
