0 0.1623931623931624 0.24703791469194314 0.11965811965811966 0.018562401263823063
2 0.8175213675213675 0.2476303317535545 0.14444444444444443 0.015007898894154818
2 0.8106837606837607 0.2665876777251185 0.1581196581196581 0.01579778830963665
2 0.8175213675213675 0.28554502369668244 0.14615384615384616 0.018167456556082148
0 0.2230769230769231 0.304304897314376 0.2341880341880342 0.018562401263823063
2 0.8175213675213675 0.304304897314376 0.14444444444444443 0.016192733017377565
0 0.20085470085470086 0.32306477093206953 0.18974358974358974 0.017377567140600316
2 0.8175213675213675 0.3236571879936809 0.14615384615384616 0.017772511848341232
0 0.19230769230769232 0.3420221169036335 0.17264957264957265 0.01579778830963665
2 0.8175213675213675 0.3420221169036335 0.14444444444444443 0.01579778830963665
0 0.25427350427350426 0.36157187993680884 0.2965811965811966 0.018562401263823063
2 0.8175213675213675 0.36157187993680884 0.14444444444444443 0.016192733017377565
0 0.20897435897435898 0.379739336492891 0.20598290598290597 0.016192733017377565
2 0.8175213675213675 0.38052922590837285 0.14444444444444443 0.014612954186413903
0 0.2670940170940171 0.3994865718799368 0.32222222222222224 0.018562401263823063
2 0.8175213675213675 0.39928909952606634 0.14444444444444443 0.01579778830963665
0 0.19487179487179487 0.4188388625592417 0.17777777777777778 0.018562401263823063
2 0.8175213675213675 0.4186413902053712 0.14615384615384616 0.018167456556082148
0 0.2358974358974359 0.43838862559241704 0.25982905982905985 0.018957345971563982
2 0.8175213675213675 0.43700631911532384 0.14444444444444443 0.016192733017377565
0 0.18376068376068377 0.45675355450236965 0.15726495726495726 0.019352290679304898
2 0.8175213675213675 0.4565560821484992 0.14444444444444443 0.01579778830963665
0 0.2188034188034188 0.47531595576619273 0.22735042735042735 0.02093206951026856
2 0.8158119658119658 0.4749210110584518 0.14444444444444443 0.016192733017377565
0 0.20213675213675214 0.4942733017377567 0.19230769230769232 0.018562401263823063
2 0.8175213675213675 0.49447077409162715 0.14444444444444443 0.01579778830963665
0 0.22606837606837607 0.5140205371248026 0.24017094017094018 0.018562401263823063
2 0.8175213675213675 0.5132306477093207 0.14444444444444443 0.014612954186413903
0 0.2247863247863248 0.5321879936808847 0.2376068376068376 0.018562401263823063
2 0.8175213675213675 0.5321879936808847 0.14444444444444443 0.016192733017377565
0 0.19230769230769232 0.55173775671406 0.17264957264957265 0.01579778830963665
2 0.8175213675213675 0.55173775671406 0.14444444444444443 0.01579778830963665
0 0.22735042735042735 0.5712875197472354 0.24273504273504273 0.018562401263823063
2 0.8175213675213675 0.5699052132701422 0.14444444444444443 0.01579778830963665
0 0.23333333333333334 0.5894549763033176 0.2547008547008547 0.018562401263823063
2 0.8175213675213675 0.5894549763033176 0.14444444444444443 0.016192733017377565
0 0.24572649572649571 0.6066350710900474 0.2794871794871795 0.017377567140600316
2 0.8175213675213675 0.6084123222748815 0.14444444444444443 0.014612954186413903
0 0.25427350427350426 0.6265797788309637 0.2965811965811966 0.0169826224328594
2 0.8175213675213675 0.627172195892575 0.14444444444444443 0.01579778830963665
0 0.21324786324786324 0.6461295418641391 0.21452991452991452 0.017377567140600316
2 0.8175213675213675 0.6467219589257504 0.14444444444444443 0.016192733017377565
0 0.2623931623931624 0.6652843601895735 0.3145299145299145 0.02093206951026856
2 0.8175213675213675 0.6644944707740916 0.14444444444444443 0.016192733017377565
0 0.2188034188034188 0.6834518167456556 0.23247863247863249 0.018562401263823063
2 0.8175213675213675 0.6844391785150079 0.14444444444444443 0.01579778830963665
0 0.23461538461538461 0.7033965244865719 0.25726495726495724 0.017377567140600316
2 0.8175213675213675 0.7033965244865719 0.14444444444444443 0.015007898894154818
0 0.22008547008547008 0.7215639810426541 0.23504273504273504 0.017377567140600316
2 0.8175213675213675 0.7217614533965245 0.14444444444444443 0.016192733017377565
0 0.22735042735042735 0.7413112164296999 0.24957264957264957 0.017377567140600316
2 0.8175213675213675 0.7415086887835703 0.14444444444444443 0.016192733017377565
0 0.2452991452991453 0.7606635071090048 0.28547008547008546 0.017377567140600316
2 0.8175213675213675 0.7600710900473934 0.14444444444444443 0.016192733017377565
0 0.2388888888888889 0.7794233807266983 0.2726495726495726 0.021721958925750396
2 0.8106837606837607 0.7796208530805687 0.1581196581196581 0.01579778830963665
0 0.15341880341880343 0.2738941548183254 0.10512820512820513 0.02093206951026856
1 0.49786324786324787 0.2456556082148499 0.7871794871794872 0.017377567140600316
1 0.497008547008547 0.3054897314375987 0.7854700854700855 0.02014218009478673
1 0.49572649572649574 0.32306477093206953 0.788034188034188 0.018167456556082148
1 0.49615384615384617 0.341824644549763 0.7923076923076923 0.0169826224328594
1 0.4995726495726496 0.3609794628751975 0.7871794871794872 0.018957345971563982
1 0.49572649572649574 0.3807266982622433 0.788034188034188 0.017377567140600316
1 0.49743589743589745 0.4000789889415482 0.7846153846153846 0.018957345971563982
1 0.49786324786324787 0.4192338072669826 0.7905982905982906 0.019352290679304898
1 0.497008547008547 0.43740126382306477 0.7905982905982906 0.017772511848341232
1 0.49572649572649574 0.45596366508688785 0.788034188034188 0.0169826224328594
1 0.49743589743589745 0.47432859399684046 0.7829059829059829 0.02132701421800948
1 0.49914529914529915 0.4934834123222749 0.788034188034188 0.019352290679304898
1 0.4987179487179487 0.5128357030015798 0.7871794871794872 0.017772511848341232
1 0.49743589743589745 0.5319905213270142 0.7846153846153846 0.019747235387045814
1 0.4948717948717949 0.5505529225908373 0.7897435897435897 0.018957345971563982
1 0.4965811965811966 0.5689178515007899 0.7914529914529914 0.018562401263823063
1 0.4982905982905983 0.5884676145339652 0.7863247863247863 0.018167456556082148
1 0.49914529914529915 0.6068325434439179 0.788034188034188 0.016192733017377565
1 0.497008547008547 0.6246050552922591 0.7888888888888889 0.02093206951026856
1 0.4982905982905983 0.6445497630331753 0.7811965811965812 0.018957345971563982
1 0.497008547008547 0.6640995260663507 0.7888888888888889 0.017772511848341232
1 0.4952991452991453 0.6828593996840442 0.7888888888888889 0.016587677725118485
1 0.49743589743589745 0.70260663507109 0.7846153846153846 0.018957345971563982
1 0.49615384615384617 0.7213665086887836 0.7905982905982906 0.019352290679304898
1 0.4965811965811966 0.7397314375987362 0.7897435897435897 0.018167456556082148
1 0.497008547008547 0.7598736176935229 0.7888888888888889 0.018957345971563982
1 0.4948717948717949 0.7784360189573459 0.7863247863247863 0.018957345971563982
1 0.4952991452991453 0.27488151658767773 0.7923076923076923 0.03949447077409163
0 0.3491452991452991 0.2671800947867299 0.2094017094017094 0.019352290679304898
0 0.27905982905982907 0.28534755134281203 0.07948717948717948 0.016192733017377565
