0 0.18376068376068377 0.2561216429699842 0.1675213675213675 0.02093206951026856
2 0.8273504273504273 0.2567140600315956 0.18803418803418803 0.019747235387045814
0 0.18205128205128204 0.28534755134281203 0.1641025641025641 0.02014218009478673
2 0.8273504273504273 0.28534755134281203 0.18803418803418803 0.02014218009478673
2 0.8192307692307692 0.31398104265402843 0.1700854700854701 0.019747235387045814
0 0.18076923076923077 0.3145734597156398 0.16153846153846155 0.018562401263823063
2 0.8273504273504273 0.34281200631911535 0.18803418803418803 0.019747235387045814
0 0.1764957264957265 0.34281200631911535 0.14786324786324787 0.017377567140600316
0 0.17051282051282052 0.37065560821484994 0.13760683760683762 0.018562401263823063
2 0.8179487179487179 0.3712480252764613 0.1675213675213675 0.019747235387045814
0 0.2623931623931624 0.4000789889415482 0.31965811965811963 0.019747235387045814
2 0.8179487179487179 0.3994865718799368 0.1675213675213675 0.018562401263823063
0 0.16923076923076924 0.4259478672985782 0.13333333333333333 0.022511848341232227
2 0.8179487179487179 0.4279225908372828 0.1675213675213675 0.018562401263823063
0 0.2230769230769231 0.45477883096366506 0.24102564102564103 0.022511848341232227
2 0.8192307692307692 0.45675355450236965 0.1700854700854701 0.018562401263823063
0 0.2329059829059829 0.48459715639810425 0.2606837606837607 0.019747235387045814
2 0.8273504273504273 0.48518957345971564 0.18803418803418803 0.018562401263823063
2 0.8192307692307692 0.6415876777251185 0.1700854700854701 0.018562401263823063
0 0.16111111111111112 0.6949052132701422 0.12222222222222222 0.018562401263823063
2 0.8213675213675213 0.6980647709320695 0.1675213675213675 0.018562401263823063
0 0.18632478632478633 0.7229462875197472 0.17264957264957265 0.02014218009478673
2 0.8290598290598291 0.7274881516587678 0.18461538461538463 0.018957345971563982
1 0.5094017094017094 0.25888625592417064 0.8170940170940171 0.02014218009478673
1 0.5085470085470085 0.2857424960505529 0.8222222222222222 0.018562401263823063
1 0.5008547008547009 0.31338862559241704 0.8034188034188035 0.02014218009478673
1 0.5115384615384615 0.3432069510268562 0.8247863247863247 0.02132701421800948
1 0.5034188034188034 0.37065560821484994 0.8017094017094017 0.017772511848341232
1 0.5025641025641026 0.39968404423380727 0.8102564102564103 0.023696682464454975
1 0.5055555555555555 0.42693522906793047 0.8008547008547009 0.023696682464454975
1 0.5008547008547009 0.4537914691943128 0.8068376068376069 0.023696682464454975
1 0.5128205128205128 0.4861769352290679 0.8188034188034188 0.022906793048973143
1 0.5038461538461538 0.6419826224328594 0.7991452991452992 0.021721958925750396
1 0.5004273504273504 0.6966824644549763 0.8042735042735043 0.022906793048973143
1 0.5115384615384615 0.7239336492890995 0.8247863247863247 0.02448657187993681
