0 0.2076923076923077 0.27626382306477093 0.25982905982905985 0.02014218009478673
2 0.8192307692307692 0.2782385466034755 0.16495726495726495 0.018562401263823063
0 0.1782051282051282 0.29976303317535546 0.20085470085470086 0.019747235387045814
2 0.8076923076923077 0.3009478672985782 0.14188034188034188 0.017377567140600316
0 0.16538461538461538 0.32444707740916273 0.1752136752136752 0.02014218009478673
2 0.8076923076923077 0.32582938388625593 0.14188034188034188 0.017377567140600316
0 0.17222222222222222 0.34913112164297 0.1905982905982906 0.020537124802527645
2 0.8076923076923077 0.3505134281200632 0.14188034188034188 0.0169826224328594
0 0.1782051282051282 0.3722353870458136 0.20085470085470086 0.02014218009478673
2 0.8076923076923077 0.37401263823064773 0.14188034188034188 0.017377567140600316
0 0.14572649572649574 0.39711690363349134 0.1358974358974359 0.02014218009478673
2 0.8076923076923077 0.398696682464455 0.14188034188034188 0.0169826224328594
0 0.16282051282051282 0.42160347551342814 0.1700854700854701 0.018562401263823063
2 0.8076923076923077 0.42338072669826227 0.14188034188034188 0.017377567140600316
0 0.17478632478632478 0.4462875197472354 0.19743589743589743 0.022116903633491312
2 0.8076923076923077 0.44687993680884674 0.14188034188034188 0.0169826224328594
1 0.48675213675213674 0.2770537124802528 0.8282051282051283 0.021721958925750396
1 0.4782051282051282 0.3003554502369668 0.805982905982906 0.0169826224328594
1 0.48034188034188036 0.32503949447077407 0.8051282051282052 0.02132701421800948
1 0.47649572649572647 0.34972353870458134 0.8042735042735043 0.02093206951026856
1 0.4811965811965812 0.37144549763033174 0.8068376068376069 0.018562401263823063
1 0.47649572649572647 0.3955371248025277 0.8025641025641026 0.022511848341232227
1 0.4811965811965812 0.4218009478672986 0.7982905982905983 0.020537124802527645
1 0.47692307692307695 0.44470774091627174 0.8017094017094017 0.023696682464454975
