0 0.12154696132596685 0.155029296875 0.13259668508287292 0.01416015625
0 0.43439226519337015 0.15625 0.1132596685082873 0.0166015625
2 0.29799723756906077 0.140869140625 0.024171270718232045 0.01220703125
2 0.6108425414364641 0.140869140625 0.026933701657458564 0.01220703125
2 0.9450966850828729 0.517333984375 0.021408839779005526 0.01806640625
0 0.7140883977900553 0.521240234375 0.0856353591160221 0.01220703125
2 0.9444060773480663 0.6123046875 0.025552486187845305 0.0126953125
0 0.7026933701657458 0.61376953125 0.06422651933701658 0.015625
0 0.11912983425414364 0.844482421875 0.1111878453038674 0.01611328125
2 0.3383977900552486 0.842529296875 0.026243093922651933 0.01220703125
1 0.18439226519337015 0.14794921875 0.255524861878453 0.029296875
1 0.5024171270718232 0.1494140625 0.2520718232044199 0.02734375
1 0.8138812154696132 0.51904296875 0.2838397790055249 0.0166015625
1 0.8156077348066298 0.6123046875 0.2914364640883978 0.017578125
1 0.2064917127071823 0.84326171875 0.2914364640883978 0.015625
