0 0.62158203125 0.2244475138121547 0.171875 0.023480662983425413
0 0.591796875 0.3055939226519337 0.1123046875 0.026933701657458564
2 0.79150390625 0.30455801104972374 0.046875 0.020718232044198894
0 0.60302734375 0.36187845303867405 0.134765625 0.026243093922651933
2 0.793212890625 0.36256906077348067 0.05224609375 0.019337016574585635
0 0.238525390625 0.40193370165745856 0.07470703125 0.020718232044198894
0 0.394775390625 0.40193370165745856 0.08251953125 0.020718232044198894
0 0.10595703125 0.4036602209944751 0.0830078125 0.021408839779005526
0 0.565185546875 0.42299723756906077 0.05615234375 0.022790055248618785
2 0.238525390625 0.4219613259668508 0.05908203125 0.013812154696132596
2 0.238525390625 0.4395718232044199 0.05908203125 0.015883977900552487
2 0.3935546875 0.4395718232044199 0.041015625 0.018646408839779006
2 0.101806640625 0.44060773480662985 0.04150390625 0.020718232044198894
0 0.102294921875 0.6205110497237569 0.08642578125 0.020027624309392266
0 0.2412109375 0.6218922651933702 0.087890625 0.018646408839779006
0 0.383056640625 0.6253453038674033 0.07958984375 0.022790055248618785
0 0.24169921875 0.6391574585635359 0.0419921875 0.017265193370165747
2 0.3837890625 0.6467541436464088 0.044921875 0.017265193370165747
2 0.1005859375 0.6584944751381215 0.0419921875 0.017265193370165747
0 0.561279296875 0.680939226519337 0.02490234375 0.022099447513812154
0 0.810546875 0.6826657458563536 0.0908203125 0.022790055248618785
2 0.718017578125 0.6816298342541437 0.03759765625 0.020718232044198894
0 0.580810546875 0.7109806629834254 0.06982421875 0.025552486187845305
2 0.71533203125 0.7099447513812155 0.04296875 0.019337016574585635
0 0.803466796875 0.7109806629834254 0.07177734375 0.017265193370165747
2 0.932861328125 0.7099447513812155 0.04541015625 0.019337016574585635
0 0.7919921875 0.737914364640884 0.0537109375 0.022790055248618785
0 0.58154296875 0.738950276243094 0.068359375 0.020718232044198894
2 0.7158203125 0.7396408839779005 0.0419921875 0.019337016574585635
2 0.931884765625 0.7386049723756906 0.04736328125 0.021408839779005526
0 0.58447265625 0.767610497237569 0.07421875 0.022790055248618785
0 0.787841796875 0.7672651933701657 0.04345703125 0.019337016574585635
2 0.715576171875 0.7672651933701657 0.04345703125 0.019337016574585635
2 0.933349609375 0.7672651933701657 0.04443359375 0.019337016574585635
0 0.65576171875 0.7955801104972375 0.2216796875 0.023480662983425413
2 0.93359375 0.7955801104972375 0.0439453125 0.022099447513812154
0 0.638671875 0.823549723756906 0.1826171875 0.021408839779005526
2 0.931884765625 0.825621546961326 0.04736328125 0.020027624309392266
0 0.382568359375 0.8836325966850829 0.07080078125 0.022790055248618785
0 0.101806640625 0.8850138121546961 0.06982421875 0.022790055248618785
0 0.24169921875 0.8825966850828729 0.0927734375 0.019337016574585635
2 0.3818359375 0.9053867403314917 0.0458984375 0.019337016574585635
2 0.1015625 0.9105662983425414 0.0498046875 0.021408839779005526
2 0.240966796875 0.9223066298342542 0.03955078125 0.017265193370165747
2 0.792724609375 0.42299723756906077 0.05029296875 0.025552486187845305
2 0.79150390625 0.2265193370165746 0.0537109375 0.023480662983425413
2 0.932373046875 0.680939226519337 0.04736328125 0.023480662983425413
2 0.2431640625 0.642610497237569 0.0419921875 0.017265193370165747
1 0.107177734375 0.4233425414364641 0.08349609375 0.05386740331491713
1 0.238037109375 0.4191988950276243 0.07373046875 0.055248618784530384
1 0.3935546875 0.42023480662983426 0.0810546875 0.05870165745856354
1 0.103515625 0.6408839779005525 0.0888671875 0.05662983425414365
1 0.24169921875 0.631560773480663 0.0927734375 0.04350828729281768
1 0.383056640625 0.6329419889502762 0.08154296875 0.04074585635359116
1 0.10302734375 0.899171270718232 0.0732421875 0.05110497237569061
1 0.384033203125 0.8950276243093923 0.07470703125 0.04558011049723757
1 0.6767578125 0.2265193370165746 0.287109375 0.029005524861878452
1 0.675537109375 0.3055939226519337 0.28271484375 0.024171270718232045
1 0.677490234375 0.3608425414364641 0.28369140625 0.024171270718232045
1 0.676513671875 0.42437845303867405 0.27978515625 0.026933701657458564
1 0.6416015625 0.6823204419889503 0.1884765625 0.022099447513812154
1 0.6435546875 0.7102900552486188 0.189453125 0.022790055248618785
1 0.6416015625 0.7399861878453039 0.189453125 0.026933701657458564
1 0.641845703125 0.7665745856353591 0.19189453125 0.023480662983425413
1 0.750732421875 0.793853591160221 0.41064453125 0.020027624309392266
1 0.75244140625 0.8221685082872928 0.408203125 0.024171270718232045
1 0.86083984375 0.681975138121547 0.1953125 0.021408839779005526
1 0.862548828125 0.7099447513812155 0.18994140625 0.020718232044198894
1 0.8603515625 0.737914364640884 0.19140625 0.025552486187845305
1 0.861572265625 0.7658839779005525 0.19189453125 0.024861878453038673
0 0.110107421875 0.4205801104972376 0.06005859375 0.017955801104972375
0 0.393798828125 0.4198895027624309 0.05224609375 0.020718232044198894
0 0.101318359375 0.637085635359116 0.03955078125 0.021408839779005526
0 0.243408203125 0.900207182320442 0.06396484375 0.018646408839779006
1 0.242431640625 0.9029696132596685 0.09423828125 0.05870165745856354
