0 0.815673828125 0.20297372060857538 0.11181640625 0.024204702627939143
0 0.58935546875 0.23167358229598894 0.107421875 0.022130013831258646
0 0.81103515625 0.23409405255878285 0.1025390625 0.020055325034578148
0 0.568603515625 0.2652143845089903 0.06591796875 0.022821576763485476
2 0.7138671875 0.26383125864453666 0.04296875 0.021438450899031812
0 0.825927734375 0.2690179806362379 0.13232421875 0.02351313969571231
0 0.142578125 0.2821576763485477 0.203125 0.022130013831258646
2 0.42822265625 0.28492392807745504 0.04296875 0.015214384508990318
0 0.581787109375 0.2984094052558783 0.09228515625 0.026970954356846474
0 0.82958984375 0.30221300138312585 0.1396484375 0.02351313969571231
0 0.0849609375 0.31500691562932226 0.0849609375 0.026970954356846474
0 0.5751953125 0.32952973720608575 0.076171875 0.022821576763485476
2 0.7158203125 0.3309128630705394 0.0419921875 0.020055325034578148
0 0.8017578125 0.3333333333333333 0.083984375 0.02074688796680498
0 0.0732421875 0.35096818810511754 0.064453125 0.021438450899031812
2 0.257568359375 0.35235131396957126 0.04638671875 0.021438450899031812
0 0.59228515625 0.3651452282157676 0.1103515625 0.02351313969571231
0 0.808349609375 0.3668741355463347 0.09716796875 0.020055325034578148
0 0.08203125 0.38900414937759337 0.08203125 0.024204702627939143
2 0.25927734375 0.390387275242047 0.0439453125 0.01867219917012448
0 0.0771484375 0.4266943291839557 0.072265625 0.024896265560165973
2 0.2587890625 0.4260027662517289 0.044921875 0.022130013831258646
0 0.103271484375 0.4630013831258645 0.12451171875 0.024204702627939143
2 0.258056640625 0.4636929460580913 0.04638671875 0.020055325034578148
0 0.116943359375 0.5010373443983402 0.14892578125 0.022821576763485476
0 0.296875 0.6604426002766252 0.0771484375 0.02074688796680498
2 0.4365234375 0.6597510373443983 0.0380859375 0.019363762102351315
0 0.292236328125 0.690179806362379 0.06787109375 0.02351313969571231
2 0.4365234375 0.6908713692946058 0.0380859375 0.019363762102351315
0 0.092041015625 0.700207468879668 0.09423828125 0.026970954356846474
0 0.288330078125 0.7213001383125864 0.06005859375 0.024896265560165973
2 0.435791015625 0.7206085753803596 0.03955078125 0.019363762102351315
0 0.11083984375 0.729253112033195 0.1318359375 0.025587828492392807
0 0.278564453125 0.7520746887966805 0.04052734375 0.01867219917012448
2 0.435791015625 0.7517289073305671 0.03955078125 0.019363762102351315
0 0.09814453125 0.7596818810511756 0.1064453125 0.026970954356846474
2 0.223876953125 0.7603734439834025 0.03857421875 0.017289073305670817
0 0.276611328125 0.7835408022130014 0.03369140625 0.016597510373443983
2 0.435546875 0.780774550484094 0.0400390625 0.02351313969571231
0 0.123779296875 0.7918395573997233 0.15771484375 0.022130013831258646
0 0.28662109375 0.8153526970954357 0.0537109375 0.016597510373443983
2 0.433837890625 0.8146611341632088 0.04345703125 0.019363762102351315
2 0.259033203125 0.31742738589211617 0.04638671875 0.022130013831258646
2 0.26025390625 0.5013831258644537 0.048828125 0.02074688796680498
2 0.224365234375 0.6998616874135546 0.03662109375 0.019363762102351315
2 0.223876953125 0.7320193637621023 0.04052734375 0.020055325034578148
2 0.22314453125 0.7918395573997233 0.04296875 0.019363762102351315
2 0.71484375 0.2327109266943292 0.048828125 0.024204702627939143
2 0.715087890625 0.29806362378976486 0.04248046875 0.019363762102351315
2 0.716064453125 0.3665283540802213 0.04736328125 0.02074688796680498
2 0.93701171875 0.20055325034578148 0.0439453125 0.022130013831258646
2 0.939453125 0.2354771784232365 0.044921875 0.021438450899031812
2 0.93798828125 0.2693637621023513 0.048828125 0.022821576763485476
2 0.938232421875 0.30255878284923926 0.04541015625 0.020055325034578148
2 0.9384765625 0.3364453665283541 0.044921875 0.01867219917012448
2 0.93798828125 0.3686030428769018 0.0439453125 0.017980636237897647
1 0.2470703125 0.2814661134163209 0.4140625 0.02627939142461964
1 0.16162109375 0.31742738589211617 0.2431640625 0.029045643153526972
1 0.161865234375 0.3516597510373444 0.24267578125 0.025587828492392807
1 0.160400390625 0.38900414937759337 0.24267578125 0.024204702627939143
1 0.1611328125 0.4284232365145228 0.2412109375 0.024204702627939143
1 0.1611328125 0.46265560165975106 0.2421875 0.024896265560165973
1 0.16259765625 0.5006915629322268 0.2451171875 0.02627939142461964
1 0.14404296875 0.6984785615491009 0.2001953125 0.02351313969571231
1 0.144287109375 0.7278699861687413 0.19970703125 0.021438450899031812
1 0.144775390625 0.7589903181189488 0.19970703125 0.024204702627939143
1 0.144287109375 0.7921853388658368 0.20263671875 0.024204702627939143
1 0.3583984375 0.6600968188105117 0.19921875 0.021438450899031812
1 0.357666015625 0.6894882434301521 0.19970703125 0.02351313969571231
1 0.358154296875 0.7206085753803596 0.19873046875 0.02627939142461964
1 0.357177734375 0.7524204702627939 0.19677734375 0.022130013831258646
1 0.357666015625 0.783195020746888 0.19775390625 0.017289073305670817
1 0.35888671875 0.8163900414937759 0.197265625 0.022821576763485476
1 0.636474609375 0.2327109266943292 0.20458984375 0.025587828492392807
1 0.63623046875 0.2641770401106501 0.2021484375 0.024896265560165973
1 0.636962890625 0.29771784232365145 0.20068359375 0.026970954356846474
1 0.636474609375 0.330567081604426 0.19970703125 0.024896265560165973
1 0.638916015625 0.36376210235131395 0.20458984375 0.02627939142461964
1 0.8603515625 0.2012448132780083 0.19921875 0.02351313969571231
1 0.861328125 0.2351313969571231 0.201171875 0.02627939142461964
1 0.861572265625 0.27074688796680496 0.20556640625 0.025587828492392807
1 0.860595703125 0.30186721991701243 0.20263671875 0.024204702627939143
1 0.861328125 0.33402489626556015 0.2021484375 0.02627939142461964
1 0.859375 0.3682572614107884 0.205078125 0.021438450899031812
