0 0.1581196581196581 0.25098736176935227 0.15555555555555556 0.018562401263823063
2 0.8235042735042735 0.2527646129541864 0.17863247863247864 0.017377567140600316
0 0.24572649572649571 0.2717219589257504 0.33076923076923076 0.018957345971563982
0 0.7811965811965812 0.27428909952606634 0.21196581196581196 0.018562401263823063
0 0.1623931623931624 0.29127172195892576 0.1641025641025641 0.018562401263823063
2 0.8252136752136752 0.29265402843601895 0.17692307692307693 0.01579778830963665
0 0.15683760683760684 0.3108214849921011 0.152991452991453 0.018957345971563982
2 0.823076923076923 0.3122037914691943 0.17264957264957265 0.016192733017377565
0 0.15384615384615385 0.3311611374407583 0.14188034188034188 0.018562401263823063
2 0.7811965811965812 0.33432069510268564 0.21196581196581196 0.018562401263823063
0 0.25256410256410255 0.3509083728278041 0.33931623931623933 0.018562401263823063
2 0.8217948717948718 0.3524881516587678 0.1752136752136752 0.016192733017377565
0 0.25555555555555554 0.3716429699842022 0.3452991452991453 0.02132701421800948
2 0.8235042735042735 0.37342022116903634 0.17863247863247864 0.018562401263823063
0 0.1764957264957265 0.4263428120063191 0.18888888888888888 0.021721958925750396
2 0.8094017094017094 0.43799368088467616 0.2188034188034188 0.020537124802527645
0 0.16965811965811967 0.44609004739336494 0.1735042735042735 0.018562401263823063
0 0.16111111111111112 0.5045418641390206 0.16153846153846155 0.018562401263823063
2 0.8196581196581196 0.5065165876777251 0.1641025641025641 0.016192733017377565
0 0.1905982905982906 0.52586887835703 0.2222222222222222 0.022511848341232227
2 0.8162393162393162 0.5256714060031595 0.1641025641025641 0.01579778830963665
0 0.19743589743589743 0.5866903633491312 0.22905982905982905 0.018562401263823063
2 0.8247863247863247 0.5880726698262243 0.1829059829059829 0.020537124802527645
0 0.21153846153846154 0.606437598736177 0.25726495726495724 0.018562401263823063
2 0.8235042735042735 0.6076224328593997 0.17863247863247864 0.018562401263823063
0 0.19786324786324785 0.6716034755134281 0.23504273504273504 0.018562401263823063
2 0.811965811965812 0.67239336492891 0.15555555555555556 0.016192733017377565
0 0.1358974358974359 0.690955766192733 0.1111111111111111 0.018562401263823063
2 0.7799145299145299 0.6943127962085308 0.2094017094017094 0.017377567140600316
0 0.16367521367521368 0.7118878357030016 0.16153846153846155 0.018562401263823063
2 0.8217948717948718 0.7120853080568721 0.1752136752136752 0.017377567140600316
0 0.144017094017094 0.7312401263823065 0.12735042735042734 0.018562401263823063
2 0.8235042735042735 0.7340047393364929 0.17863247863247864 0.018562401263823063
0 0.14145299145299145 0.752172195892575 0.12222222222222222 0.018562401263823063
2 0.8235042735042735 0.7531595576619273 0.18034188034188034 0.020537124802527645
0 0.20213675213675214 0.7717219589257504 0.24358974358974358 0.018957345971563982
2 0.8247863247863247 0.7729067930489731 0.1829059829059829 0.02132701421800948
0 0.14145299145299145 0.7924565560821485 0.12222222222222222 0.018562401263823063
2 0.8235042735042735 0.7940363349131122 0.17863247863247864 0.018562401263823063
0 0.1764957264957265 0.8127962085308057 0.19230769230769232 0.019747235387045814
2 0.8235042735042735 0.8133886255924171 0.17863247863247864 0.018562401263823063
2 0.7794871794871795 0.27349921011058453 0.21196581196581196 0.018562401263823063
1 0.4995726495726496 0.25019747235387046 0.82991452991453 0.02093206951026856
1 0.48376068376068376 0.27191943127962087 0.8085470085470086 0.02014218009478673
1 0.4965811965811966 0.2916666666666667 0.8307692307692308 0.019352290679304898
1 0.4948717948717949 0.31161137440758296 0.8273504273504273 0.022906793048973143
1 0.5004273504273504 0.3509083728278041 0.8264957264957264 0.018562401263823063
1 0.49743589743589745 0.3718404423380727 0.8324786324786325 0.02014218009478673
1 0.5012820512820513 0.43621642969984203 0.8367521367521368 0.04383886255924171
1 0.48846153846153845 0.5041469194312796 0.823076923076923 0.02014218009478673
1 0.4905982905982906 0.52586887835703 0.8239316239316239 0.02093206951026856
1 0.5012820512820513 0.5864928909952607 0.8333333333333334 0.02132701421800948
1 0.5017094017094017 0.6076224328593997 0.8324786324786325 0.02093206951026856
1 0.4863247863247863 0.6706161137440758 0.8034188034188035 0.023696682464454975
1 0.4876068376068376 0.6911532385466035 0.8008547008547009 0.022906793048973143
1 0.4965811965811966 0.7118878357030016 0.8307692307692308 0.02014218009478673
1 0.4987179487179487 0.733214849921011 0.8316239316239317 0.019352290679304898
1 0.49572649572649574 0.7531595576619273 0.8376068376068376 0.020537124802527645
1 0.5012820512820513 0.7738941548183255 0.8401709401709402 0.02093206951026856
1 0.49273504273504276 0.7920616113744076 0.8350427350427351 0.02093206951026856
1 0.4935897435897436 0.7896919431279621 0.8350427350427351 0.02093206951026856
1 0.49188034188034185 0.7916666666666666 0.82991452991453 0.018562401263823063
1 0.4965811965811966 0.8131911532385466 0.8307692307692308 0.022906793048973143
