0 0.17094017094017094 0.2551342812006319 0.1829059829059829 0.019747235387045814
2 0.8388888888888889 0.25493680884676145 0.11538461538461539 0.0169826224328594
0 0.17393162393162392 0.2703396524486572 0.18717948717948718 0.016192733017377565
2 0.8102564102564103 0.2782385466034755 0.20341880341880342 0.032780410742496054
0 0.15555555555555556 0.28672985781990523 0.15042735042735042 0.015007898894154818
0 0.22606837606837607 0.320695102685624 0.2965811965811966 0.017377567140600316
2 0.8333333333333334 0.3212875197472354 0.13333333333333333 0.018562401263823063
0 0.2188034188034188 0.3981042654028436 0.27692307692307694 0.01579778830963665
2 0.8457264957264957 0.398696682464455 0.12735042735042734 0.014612954186413903
0 0.1594017094017094 0.41765402843601895 0.15982905982905982 0.016192733017377565
2 0.8401709401709402 0.41824644549763035 0.13846153846153847 0.015007898894154818
0 0.17393162393162392 0.43838862559241704 0.18717948717948718 0.01579778830963665
2 0.8401709401709402 0.43898104265402843 0.13846153846153847 0.014612954186413903
0 0.18076923076923077 0.45793838862559244 0.20085470085470086 0.016192733017377565
2 0.8401709401709402 0.45872827804107424 0.13846153846153847 0.014612954186413903
0 0.147008547008547 0.47808056872037913 0.13333333333333333 0.014612954186413903
2 0.8418803418803419 0.478870458135861 0.14188034188034188 0.016192733017377565
0 0.20341880341880342 0.4982227488151659 0.24615384615384617 0.016192733017377565
2 0.8405982905982906 0.49901263823064773 0.14444444444444443 0.014612954186413903
0 0.2512820512820513 0.5177725118483413 0.3418803418803419 0.01579778830963665
0 0.1641025641025641 0.5373222748815166 0.1675213675213675 0.016192733017377565
2 0.8183760683760684 0.5373222748815166 0.1905982905982906 0.0169826224328594
0 0.23247863247863249 0.5588467614533965 0.305982905982906 0.015007898894154818
0 0.18504273504273505 0.5778041074249605 0.2094017094017094 0.01579778830963665
2 0.8418803418803419 0.5783965244865719 0.14188034188034188 0.014612954186413903
0 0.1782051282051282 0.5979462875197472 0.19572649572649573 0.015007898894154818
2 0.8418803418803419 0.5993285939968405 0.14188034188034188 0.014612954186413903
0 0.2205128205128205 0.618088467614534 0.28034188034188035 0.01579778830963665
2 0.8418803418803419 0.6186808846761453 0.14188034188034188 0.014612954186413903
0 0.1641025641025641 0.6382306477093207 0.1675213675213675 0.015007898894154818
2 0.8474358974358974 0.6394154818325435 0.13247863247863248 0.017377567140600316
0 0.18803418803418803 0.7085308056872038 0.2205128205128205 0.017377567140600316
2 0.8478632478632478 0.7081358609794629 0.13504273504273503 0.01579778830963665
2 0.8397435897435898 0.7268957345971564 0.13760683760683762 0.0169826224328594
0 0.1482905982905983 0.7294628751974723 0.1358974358974359 0.015007898894154818
0 0.1987179487179487 0.7490126382306477 0.23846153846153847 0.014612954186413903
2 0.8367521367521368 0.7498025276461295 0.14188034188034188 0.015402843601895734
0 0.1683760683760684 0.7679699842022117 0.1811965811965812 0.014612954186413903
2 0.8401709401709402 0.7679699842022117 0.13846153846153847 0.014612954186413903
0 0.1935897435897436 0.7877172195892576 0.23333333333333334 0.0169826224328594
2 0.8401709401709402 0.7887045813586098 0.13846153846153847 0.013428120063191154
0 0.16923076923076924 0.8088467614533965 0.18461538461538463 0.015007898894154818
2 0.8414529914529915 0.8088467614533965 0.14102564102564102 0.015007898894154818
1 0.48717948717948717 0.25434439178515006 0.8222222222222222 0.018167456556082148
1 0.49615384615384617 0.28001579778830965 0.8350427350427351 0.030015797788309637
1 0.4905982905982906 0.3216824644549763 0.8205128205128205 0.02014218009478673
1 0.4935897435897436 0.39790679304897314 0.8350427350427351 0.0169826224328594
1 0.4948717948717949 0.4178515007898894 0.8290598290598291 0.016587677725118485
1 0.4952991452991453 0.4385860979462875 0.8333333333333334 0.016192733017377565
1 0.49615384615384617 0.4571484992101106 0.8316239316239317 0.016192733017377565
1 0.4987179487179487 0.4782780410742496 0.8333333333333334 0.017377567140600316
1 0.497008547008547 0.4980252764612954 0.8401709401709402 0.016587677725118485
1 0.49786324786324787 0.5381121642969984 0.8350427350427351 0.058056872037914695
1 0.4995726495726496 0.5789889415481833 0.8367521367521368 0.015007898894154818
1 0.49615384615384617 0.5987361769352291 0.8401709401709402 0.018167456556082148
1 0.49743589743589745 0.6194707740916272 0.8324786324786325 0.0169826224328594
1 0.49743589743589745 0.6382306477093207 0.8376068376068376 0.017377567140600316
1 0.49273504273504276 0.7083333333333334 0.8435897435897436 0.017772511848341232
1 0.49572649572649574 0.7280805687203792 0.8324786324786325 0.017772511848341232
1 0.49615384615384617 0.7494075829383886 0.8316239316239317 0.0169826224328594
1 0.4935897435897436 0.7665876777251185 0.8333333333333334 0.019747235387045814
1 0.4952991452991453 0.7879146919431279 0.8316239316239317 0.016587677725118485
1 0.49444444444444446 0.8096366508688784 0.8401709401709402 0.015007898894154818
