0 0.3893162393162393 0.2815955766192733 0.10512820512820513 0.0071090047393364926
0 0.5978632478632478 0.2817930489731438 0.10512820512820513 0.008293838862559242
2 0.4982905982905983 0.2815955766192733 0.02905982905982906 0.0071090047393364926
0 0.7572649572649572 0.28613744075829384 0.10256410256410256 0.008293838862559242
0 0.9277777777777778 0.28475513428120064 0.1 0.007898894154818325
0 0.4098290598290598 0.28870458135860977 0.14615384615384616 0.008688783570300158
2 0.6277777777777778 0.290086887835703 0.029914529914529916 0.008293838862559242
0 0.4064102564102564 0.37657977883096366 0.1564102564102564 0.009083728278041074
0 0.3837606837606838 0.38507109004739337 0.1111111111111111 0.009478672985781991
2 0.5004273504273504 0.384478672985782 0.028205128205128206 0.007503949447077409
0 0.9320512820512821 0.38645339652448657 0.1188034188034188 0.008293838862559242
0 0.7598290598290598 0.3868483412322275 0.1076923076923077 0.009083728278041074
0 0.40555555555555556 0.3923775671406003 0.1547008547008547 0.007503949447077409
0 0.34273504273504274 0.5197472353870458 0.11965811965811966 0.0071090047393364926
2 0.47264957264957264 0.5197472353870458 0.02905982905982906 0.0071090047393364926
0 0.5893162393162393 0.5242890995260664 0.16153846153846155 0.008293838862559242
2 0.7346153846153847 0.5246840442338072 0.028205128205128206 0.006714060031595577
0 0.3662393162393162 0.5264612954186414 0.16666666666666666 0.009478672985781991
0 0.1064102564102564 0.5278436018957346 0.11367521367521367 0.008293838862559242
2 0.2188034188034188 0.5288309636650869 0.02905982905982906 0.0071090047393364926
0 0.861965811965812 0.5282385466034755 0.14786324786324787 0.009083728278041074
0 0.588034188034188 0.5321879936808847 0.15897435897435896 0.008293838862559242
2 0.7346153846153847 0.5321879936808847 0.028205128205128206 0.008293838862559242
0 0.3581196581196581 0.5343601895734598 0.15042735042735042 0.007898894154818325
2 0.47264957264957264 0.5357424960505529 0.02905982905982906 0.006714060031595577
0 0.1188034188034188 0.5361374407582938 0.13846153846153847 0.008293838862559242
0 0.2188034188034188 0.5367298578199052 0.02905982905982906 0.0071090047393364926
0 0.8615384615384616 0.5377172195892576 0.1641025641025641 0.009873617693522907
0 0.6141025641025641 0.5402843601895735 0.2128205128205128 0.008688783570300158
0 0.35683760683760685 0.5424565560821485 0.14786324786324787 0.008293838862559242
2 0.47264957264957264 0.5424565560821485 0.02905982905982906 0.008293838862559242
0 0.3525641025641026 0.5503554502369669 0.13931623931623932 0.008293838862559242
2 0.47264957264957264 0.5497630331753555 0.02905982905982906 0.0071090047393364926
0 0.09358974358974359 0.6739731437598736 0.1 0.008293838862559242
0 0.8431623931623932 0.6739731437598736 0.18376068376068377 0.008293838862559242
2 0.21752136752136753 0.6747630331753555 0.026495726495726495 0.006714060031595577
0 0.3641025641025641 0.6753554502369669 0.1452991452991453 0.007898894154818325
2 0.46282051282051284 0.6747630331753555 0.026495726495726495 0.006714060031595577
0 0.5854700854700855 0.6753554502369669 0.10256410256410256 0.007898894154818325
2 0.7106837606837607 0.6759478672985783 0.026495726495726495 0.006714060031595577
2 0.9782051282051282 0.6747630331753555 0.026495726495726495 0.006714060031595577
0 0.12179487179487179 0.6816745655608215 0.1547008547008547 0.007898894154818325
0 0.614957264957265 0.6832543443917851 0.16153846153846155 0.008688783570300158
0 0.8564102564102564 0.681872037914692 0.21025641025641026 0.008293838862559242
0 0.36709401709401707 0.6826619273301737 0.1547008547008547 0.007503949447077409
0 0.8474358974358974 0.6897709320695102 0.19230769230769232 0.008293838862559242
2 0.9777777777777777 0.6901658767772512 0.02564102564102564 0.007503949447077409
0 0.0782051282051282 0.740521327014218 0.13076923076923078 0.013428120063191154
2 0.1893162393162393 0.7411137440758294 0.03162393162393162 0.012243285939968405
0 0.29615384615384616 0.7411137440758294 0.10512820512820513 0.012243285939968405
2 0.47692307692307695 0.7411137440758294 0.042735042735042736 0.012243285939968405
0 0.29914529914529914 0.7515797788309637 0.11623931623931624 0.011848341232227487
0 0.05982905982905983 0.752172195892575 0.09401709401709402 0.01066350710900474
2 0.1893162393162393 0.7529620853080569 0.03162393162393162 0.012243285939968405
2 0.4782051282051282 0.7527646129541864 0.040170940170940174 0.009478672985781991
0 0.054273504273504275 0.7632306477093207 0.0829059829059829 0.012243285939968405
2 0.1893162393162393 0.7632306477093207 0.03162393162393162 0.012243285939968405
0 0.3260683760683761 0.7632306477093207 0.16495726495726495 0.012243285939968405
2 0.4782051282051282 0.7640205371248026 0.040170940170940174 0.01066350710900474
0 0.3487179487179487 0.7742890995260664 0.2153846153846154 0.013033175355450236
0 0.04700854700854701 0.7744865718799369 0.06324786324786325 0.009478672985781991
0 0.1893162393162393 0.7750789889415481 0.03162393162393162 0.012243285939968405
0 0.054273504273504275 0.785347551342812 0.0829059829059829 0.012243285939968405
2 0.1893162393162393 0.785347551342812 0.03162393162393162 0.012243285939968405
0 0.6307692307692307 0.7940363349131122 0.14871794871794872 0.008293838862559242
0 0.8662393162393163 0.7942338072669827 0.15128205128205127 0.008688783570300158
2 0.4987179487179487 0.28890205371248023 0.03162393162393162 0.007503949447077409
0 0.5803418803418804 0.290086887835703 0.05982905982905983 0.008293838862559242
2 0.823076923076923 0.28515007898894157 0.02735042735042735 0.009478672985781991
2 0.9901709401709402 0.2843601895734597 0.019658119658119658 0.008688783570300158
0 0.4047008547008547 0.37578988941548186 0.1564102564102564 0.009083728278041074
0 0.402991452991453 0.375 0.1564102564102564 0.009083728278041074
2 0.5012820512820513 0.37717219589257506 0.024786324786324785 0.008688783570300158
0 0.5841880341880342 0.37657977883096366 0.13760683760683762 0.006714060031595577
2 0.6743589743589744 0.37657977883096366 0.02564102564102564 0.007503949447077409
2 0.5008547008547009 0.3927725118483412 0.023931623931623933 0.007503949447077409
0 0.5858974358974359 0.3848736176935229 0.14273504273504273 0.008293838862559242
2 0.6752136752136753 0.38566350710900477 0.02735042735042735 0.005924170616113744
0 0.5871794871794872 0.3919826224328594 0.14358974358974358 0.006714060031595577
2 0.6747863247863248 0.3929699842022117 0.03333333333333333 0.0071090047393364926
2 0.8286324786324787 0.3868483412322275 0.03162393162393162 0.009083728278041074
2 0.47307692307692306 0.5270537124802528 0.028205128205128206 0.006714060031595577
2 0.7354700854700855 0.5402843601895735 0.026495726495726495 0.007898894154818325
2 0.9547008547008548 0.5284360189573459 0.02905982905982906 0.009478672985781991
2 0.9581196581196582 0.5369273301737757 0.03076923076923077 0.009873617693522907
2 0.21837606837606838 0.681872037914692 0.028205128205128206 0.008293838862559242
2 0.4658119658119658 0.6824644549763034 0.02564102564102564 0.009478672985781991
2 0.711965811965812 0.6828593996840442 0.02564102564102564 0.008688783570300158
2 0.9794871794871794 0.6826619273301737 0.02564102564102564 0.007503949447077409
2 0.955982905982906 0.7940363349131122 0.026495726495726495 0.008293838862559242
2 0.7200854700854701 0.7942338072669827 0.029914529914529916 0.007898894154818325
2 0.47991452991452993 0.7746840442338072 0.04188034188034188 0.012243285939968405
1 0.4235042735042735 0.2810031595576619 0.17863247863247864 0.007503949447077409
1 0.4282051282051282 0.28988941548183256 0.1794871794871795 0.007898894154818325
1 0.5982905982905983 0.2845576619273302 0.1076923076923077 0.0169826224328594
1 0.7747863247863248 0.2849526066350711 0.13760683760683762 0.008293838862559242
1 0.9414529914529914 0.28554502369668244 0.1170940170940171 0.010268562401263823
2 0.9952991452991453 0.38566350710900477 0.009401709401709401 0.006714060031595577
1 0.4205128205128205 0.37618483412322273 0.19145299145299147 0.009873617693522907
1 0.42264957264957265 0.38388625592417064 0.1905982905982906 0.007898894154818325
1 0.4222222222222222 0.39395734597156395 0.19145299145299147 0.006714060031595577
1 0.5991452991452991 0.3767772511848341 0.17264957264957265 0.00631911532385466
1 0.6042735042735042 0.38467614533965244 0.17264957264957265 0.008688783570300158
1 0.6064102564102564 0.3927725118483412 0.17863247863247864 0.009083728278041074
1 0.7747863247863248 0.38526856240126384 0.14273504273504273 0.009083728278041074
1 0.9358974358974359 0.3862559241706161 0.12478632478632479 0.00631911532385466
1 0.14316239316239315 0.5276461295418642 0.18547008547008548 0.009478672985781991
1 0.1423076923076923 0.5359399684044234 0.18205128205128204 0.008688783570300158
1 0.3854700854700855 0.5197472353870458 0.20683760683760682 0.007898894154818325
1 0.38632478632478634 0.5272511848341233 0.20854700854700856 0.0071090047393364926
1 0.3858974358974359 0.5351500789889415 0.20598290598290597 0.008688783570300158
1 0.38504273504273506 0.5410742496050553 0.20427350427350427 0.0071090047393364926
1 0.3871794871794872 0.5509478672985783 0.20341880341880342 0.007898894154818325
1 0.6286324786324786 0.5238941548183255 0.24188034188034188 0.008293838862559242
1 0.629059829059829 0.5317930489731437 0.24444444444444444 0.006714060031595577
1 0.6286324786324786 0.5398894154818326 0.24358974358974358 0.0071090047393364926
1 0.8782051282051282 0.5266587677725119 0.18376068376068377 0.009083728278041074
1 0.8764957264957265 0.5367298578199052 0.19743589743589743 0.011058451816745656
1 0.13803418803418804 0.6737756714060031 0.1905982905982906 0.008688783570300158
1 0.13760683760683762 0.6816745655608215 0.18974358974358974 0.010268562401263823
1 0.38504273504273506 0.674565560821485 0.18888888888888888 0.008688783570300158
1 0.38632478632478634 0.6834518167456556 0.19316239316239317 0.009083728278041074
1 0.6273504273504273 0.6747630331753555 0.19316239316239317 0.009083728278041074
1 0.6316239316239316 0.6834518167456556 0.18974358974358974 0.007503949447077409
1 0.8722222222222222 0.6741706161137441 0.24017094017094018 0.007898894154818325
1 0.8752136752136752 0.6824644549763034 0.24273504273504273 0.008688783570300158
1 0.8747863247863248 0.6903633491311216 0.24188034188034188 0.008688783570300158
1 0.10854700854700855 0.7403238546603476 0.19316239316239317 0.013033175355450236
1 0.10897435897435898 0.7525671406003159 0.19401709401709402 0.011453396524486572
1 0.10811965811965812 0.7748815165876777 0.1905982905982906 0.011848341232227487
1 0.11153846153846154 0.7865323854660348 0.19230769230769232 0.01382306477093207
1 0.37435897435897436 0.740916271721959 0.2547008547008547 0.011848341232227487
1 0.37051282051282053 0.7519747235387045 0.2606837606837607 0.011058451816745656
1 0.3700854700854701 0.7626382306477093 0.25811965811965815 0.011848341232227487
1 0.37564102564102564 0.7756714060031595 0.2606837606837607 0.013428120063191154
1 0.6452991452991453 0.7942338072669827 0.1811965811965812 0.008688783570300158
1 0.8786324786324786 0.7930489731437599 0.18461538461538463 0.007898894154818325
