2 0.42948717948717946 0.28850710900473936 0.03504273504273504 0.008293838862559242
0 0.20341880341880342 0.27942338072669826 0.09401709401709402 0.008293838862559242
2 0.9572649572649573 0.28732227488151657 0.02735042735042735 0.009083728278041074
0 0.03717948717948718 0.28278041074249605 0.07094017094017094 0.009478672985781991
0 0.5307692307692308 0.2825829383886256 0.08376068376068375 0.009083728278041074
0 0.705982905982906 0.283175355450237 0.07863247863247863 0.007898894154818325
0 0.358974358974359 0.28791469194312796 0.1076923076923077 0.008688783570300158
0 0.8829059829059829 0.2871248025276461 0.1282051282051282 0.009478672985781991
2 0.2047008547008547 0.28811216429699843 0.07435897435897436 0.006714060031595577
0 0.8581196581196581 0.37657977883096366 0.08034188034188035 0.006714060031595577
2 0.9683760683760684 0.37657977883096366 0.02905982905982906 0.006714060031595577
0 0.36196581196581196 0.3809241706161137 0.13418803418803418 0.008293838862559242
0 0.55 0.3811216429699842 0.10512820512820513 0.007898894154818325
0 0.039316239316239315 0.3834913112164297 0.07692307692307693 0.007898894154818325
0 0.1876068376068376 0.3836887835703002 0.0452991452991453 0.008293838862559242
0 0.7042735042735043 0.38270142180094785 0.05811965811965812 0.008688783570300158
0 0.8863247863247863 0.3848736176935229 0.13504273504273503 0.008293838862559242
2 0.5794871794871795 0.3902053712480253 0.03076923076923077 0.009478672985781991
0 0.3474358974358974 0.3896129541864139 0.10512820512820513 0.006714060031595577
2 0.4444444444444444 0.3896129541864139 0.02905982905982906 0.006714060031595577
0 0.8756410256410256 0.3921800947867299 0.11367521367521367 0.0071090047393364926
2 0.9683760683760684 0.3921800947867299 0.02905982905982906 0.0071090047393364926
0 0.42735042735042733 0.516390205371248 0.0905982905982906 0.008293838862559242
2 0.5376068376068376 0.5165876777251185 0.02905982905982906 0.005529225908372828
0 0.6858974358974359 0.5213270142180095 0.14615384615384616 0.008688783570300158
0 0.8905982905982905 0.5209320695102686 0.1076923076923077 0.009478672985781991
0 0.17393162393162392 0.5217219589257504 0.1358974358974359 0.007898894154818325
2 0.31196581196581197 0.5211295418641391 0.02905982905982906 0.006714060031595577
0 0.42606837606837605 0.5242890995260664 0.08803418803418804 0.008293838862559242
2 0.5376068376068376 0.5242890995260664 0.02905982905982906 0.008293838862559242
0 0.014102564102564103 0.5252764612954186 0.024786324786324785 0.008688783570300158
0 0.17393162393162392 0.5294233807266983 0.1358974358974359 0.008293838862559242
2 0.191025641025641 0.532780410742496 0.2709401709401709 0.0007898894154818325
0 0.667094017094017 0.5294233807266983 0.10854700854700855 0.008293838862559242
2 0.7726495726495727 0.5288309636650869 0.02564102564102564 0.0071090047393364926
2 0.9235042735042736 0.5298183254344392 0.029914529914529916 0.008293838862559242
0 0.42606837606837605 0.5321879936808847 0.08803418803418804 0.008293838862559242
2 0.5376068376068376 0.5315955766192733 0.02905982905982906 0.0071090047393364926
0 0.018376068376068377 0.5347551342812006 0.03504273504273504 0.008688783570300158
0 0.20085470085470086 0.5365323854660348 0.18974358974358974 0.006714060031595577
0 0.67008547008547 0.5373222748815166 0.11623931623931624 0.008293838862559242
2 0.7726495726495727 0.5367298578199052 0.02564102564102564 0.0071090047393364926
0 0.4512820512820513 0.5398894154818326 0.13846153846153847 0.008688783570300158
0 0.44145299145299144 0.54739336492891 0.1188034188034188 0.007898894154818325
2 0.5376068376068376 0.5471958925750395 0.02905982905982906 0.006714060031595577
0 0.4376068376068376 0.6692338072669827 0.10085470085470086 0.006714060031595577
0 0.18632478632478633 0.6721958925750395 0.11623931623931624 0.0071090047393364926
0 0.014102564102564103 0.6721958925750395 0.026495726495726495 0.0071090047393364926
2 0.06923076923076923 0.6721958925750395 0.02905982905982906 0.0071090047393364926
2 0.2846153846153846 0.6721958925750395 0.02905982905982906 0.0071090047393364926
0 0.6666666666666666 0.6761453396524486 0.1641025641025641 0.010268562401263823
0 0.8786324786324786 0.6763428120063191 0.1094017094017094 0.007503949447077409
0 0.43974358974358974 0.6769352290679305 0.10512820512820513 0.007898894154818325
0 0.023931623931623933 0.6802922590837283 0.046153846153846156 0.005924170616113744
0 0.1987179487179487 0.6793048973143759 0.14102564102564102 0.007898894154818325
0 0.4230769230769231 0.6852290679304898 0.07179487179487179 0.0071090047393364926
2 0.4982905982905983 0.6751579778830964 0.0017094017094017094 0.013033175355450236
0 0.018376068376068377 0.6877962085308057 0.03504273504273504 0.006714060031595577
2 0.06923076923076923 0.6877962085308057 0.02905982905982906 0.006714060031595577
0 0.1905982905982906 0.6877962085308057 0.12478632478632479 0.006714060031595577
2 0.2829059829059829 0.6872037914691943 0.02735042735042735 0.008688783570300158
0 0.8863247863247863 0.8001579778830964 0.1076923076923077 0.011848341232227487
0 0.017094017094017096 0.7918641390205371 0.03076923076923077 0.0071090047393364926
0 0.1717948717948718 0.7920616113744076 0.15384615384615385 0.009873617693522907
2 0.9594017094017094 0.7991706161137441 0.03675213675213675 0.013033175355450236
2 0.27136752136752135 0.7928515007898894 0.038461538461538464 0.011453396524486572
2 0.5235042735042735 0.7934439178515008 0.040170940170940174 0.008688783570300158
2 0.7871794871794872 0.7954186413902053 0.041025641025641026 0.008688783570300158
0 0.6602564102564102 0.7934439178515008 0.2111111111111111 0.01263823064770932
0 0.41068376068376067 0.7934439178515008 0.19572649572649573 0.015007898894154818
2 0.7662393162393163 0.6773301737756714 0.029914529914529916 0.008688783570300158
2 0.95 0.6753554502369669 0.026495726495726495 0.011058451816745656
2 0.5115384615384615 0.6773301737756714 0.026495726495726495 0.0071090047393364926
2 0.5115384615384615 0.6700236966824644 0.023076923076923078 0.007503949447077409
2 0.2846153846153846 0.6795023696682464 0.02905982905982906 0.008293838862559242
2 0.06965811965811966 0.6804897314375987 0.028205128205128206 0.00631911532385466
2 0.04401709401709402 0.5252764612954186 0.028205128205128206 0.0071090047393364926
2 0.05 0.5347551342812006 0.026495726495726495 0.007898894154818325
2 0.3128205128205128 0.5379146919431279 0.03076923076923077 0.009478672985781991
2 0.538034188034188 0.5396919431279621 0.029914529914529916 0.007503949447077409
2 0.773931623931624 0.5207345971563981 0.028205128205128206 0.008293838862559242
2 0.9705128205128205 0.3854660347551343 0.023076923076923078 0.009478672985781991
2 0.7525641025641026 0.38270142180094785 0.040170940170940174 0.008688783570300158
2 0.44188034188034186 0.3803317535545024 0.02905982905982906 0.009478672985781991
2 0.09401709401709402 0.3854660347551343 0.02905982905982906 0.009478672985781991
2 0.7606837606837606 0.2825829383886256 0.02905982905982906 0.008293838862559242
2 0.5914529914529915 0.283175355450237 0.03076923076923077 0.009478672985781991
2 0.08675213675213675 0.28416271721958924 0.024786324786324785 0.01066350710900474
1 0.053418803418803416 0.2837677725118483 0.10170940170940171 0.01066350710900474
1 0.20256410256410257 0.2823854660347551 0.09572649572649573 0.017377567140600316
1 0.37777777777777777 0.2835703001579779 0.14358974358974358 0.018957345971563982
1 0.55 0.28199052132701424 0.12051282051282051 0.011058451816745656
1 0.7217948717948718 0.2837677725118483 0.11196581196581197 0.01066350710900474
1 0.8931623931623932 0.283175355450237 0.15213675213675212 0.017377567140600316
1 0.055982905982905985 0.38388625592417064 0.11025641025641025 0.011058451816745656
1 0.20427350427350427 0.3830963665086888 0.08717948717948718 0.008688783570300158
1 0.37564102564102564 0.37993680884676145 0.16495726495726495 0.009478672985781991
1 0.3769230769230769 0.38921800947867297 0.16923076923076924 0.008293838862559242
1 0.5517094017094017 0.3854660347551343 0.10683760683760683 0.018957345971563982
1 0.7252136752136752 0.382306477093207 0.09829059829059829 0.008688783570300158
1 0.8987179487179487 0.37539494470774093 0.1683760683760684 0.008293838862559242
1 0.8987179487179487 0.38408372827804105 0.1700854700854701 0.008293838862559242
1 0.9 0.3915876777251185 0.1623931623931624 0.007503949447077409
1 0.03162393162393162 0.5250789889415481 0.05641025641025641 0.009873617693522907
1 0.03376068376068376 0.5345576619273301 0.062393162393162394 0.008293838862559242
1 0.21581196581196582 0.5203396524486572 0.22136752136752136 0.005924170616113744
1 0.21666666666666667 0.5292259083728278 0.21965811965811965 0.007898894154818325
1 0.21666666666666667 0.5375197472353871 0.22136752136752136 0.008688783570300158
1 0.4683760683760684 0.5161927330173776 0.17094017094017094 0.0071090047393364926
1 0.4658119658119658 0.5246840442338072 0.1658119658119658 0.007503949447077409
1 0.46923076923076923 0.5317930489731437 0.17094017094017094 0.008293838862559242
1 0.46923076923076923 0.5394944707740916 0.16923076923076924 0.007898894154818325
1 0.4705128205128205 0.5471958925750395 0.1735042735042735 0.006714060031595577
1 0.6995726495726495 0.5207345971563981 0.18034188034188034 0.007503949447077409
1 0.6978632478632478 0.5288309636650869 0.17692307692307693 0.008688783570300158
1 0.7004273504273504 0.5361374407582938 0.17692307692307693 0.007503949447077409
1 0.8923076923076924 0.5240916271721959 0.1111111111111111 0.018167456556082148
1 0.04316239316239316 0.6708135860979463 0.0829059829059829 0.008293838862559242
1 0.042735042735042736 0.6798973143759873 0.08376068376068375 0.005924170616113744
1 0.04316239316239316 0.6860189573459715 0.0829059829059829 0.00631911532385466
1 0.21495726495726497 0.6718009478672986 0.1717948717948718 0.00631911532385466
1 0.21495726495726497 0.6795023696682464 0.1752136752136752 0.005924170616113744
1 0.2153846153846154 0.6879936808846762 0.17094017094017094 0.0071090047393364926
1 0.452991452991453 0.6690363349131122 0.13504273504273503 0.008688783570300158
1 0.4547008547008547 0.6777251184834123 0.13504273504273503 0.0071090047393364926
2 0.5106837606837606 0.6846366508688784 0.03162393162393162 0.009873617693522907
1 0.4568376068376068 0.6858214849921012 0.13931623931623932 0.008293838862559242
1 0.6837606837606838 0.6757503949447078 0.19829059829059828 0.010268562401263823
1 0.897008547008547 0.6773301737756714 0.14273504273504273 0.008688783570300158
1 0.19572649572649573 0.792259083728278 0.19487179487179487 0.011848341232227487
1 0.4286324786324786 0.794431279620853 0.2299145299145299 0.009873617693522907
1 0.6829059829059829 0.7938388625592417 0.2547008547008547 0.01263823064770932
1 0.9025641025641026 0.7962085308056872 0.15384615384615385 0.02448657187993681
2 0.0452991452991453 0.7908767772511849 0.023931623931623933 0.008293838862559242
1 0.03247863247863248 0.7916666666666666 0.06324786324786325 0.009873617693522907
0 0.37905982905982905 0.27883096366508686 0.06752136752136752 0.008688783570300158
0 0.8991452991452992 0.278436018957346 0.06837606837606838 0.008688783570300158
0 0.5341880341880342 0.3896129541864139 0.06837606837606838 0.009083728278041074
0 0.22777777777777777 0.3834913112164297 0.03162393162393162 0.008688783570300158
0 0.9068376068376068 0.7898894154818326 0.07521367521367521 0.011058451816745656
