0 0.4438559322033898 0.19559173947577443 0.4216101694915254 0.0409054805401112
2 0.7733050847457628 0.19618745035742652 0.10451977401129943 0.035742652899126294
0 0.4502118644067797 0.24384432088959493 0.4187853107344633 0.04686258935663225
2 0.7609463276836158 0.2920969023034154 0.10240112994350282 0.0329626687847498
0 0.3689971751412429 0.29527402700556 0.2690677966101695 0.03852263701350278
0 0.3541666666666667 0.3461080222398729 0.2478813559322034 0.04328832406671962
2 0.7750706214689266 0.3425337569499603 0.06991525423728813 0.0329626687847498
0 0.4011299435028249 0.39416203335980937 0.3361581920903955 0.03931691818903892
0 0.3930084745762712 0.44181890389197775 0.3213276836158192 0.04011119936457506
2 0.7644774011299436 0.4390389197776013 0.08121468926553672 0.027402700555996824
0 0.4523305084745763 0.5595710881652105 0.4173728813559322 0.03891977760127085
0 0.3707627118644068 0.6030579825258141 0.2528248587570621 0.0329626687847498
2 0.7842514124293786 0.6090150913423352 0.0882768361581921 0.034551231135822084
0 0.4367937853107345 0.6528991262907069 0.3919491525423729 0.04209690230341541
2 0.7842514124293786 0.6572676727561557 0.0882768361581921 0.03415409054805401
0 0.4198446327683616 0.6981731532962668 0.3594632768361582 0.04765687053216839
2 0.7432909604519774 0.7067116759332804 0.16031073446327684 0.04567116759332804
0 0.4392655367231638 0.7486100079428117 0.3968926553672316 0.04527402700555997
2 0.7761299435028248 0.7525814138204925 0.11440677966101695 0.03733121525019857
2 0.698093220338983 0.39396346306592533 0.2266949152542373 0.04209690230341541
2 0.7754237288135594 0.24801429706115966 0.12994350282485875 0.03772835583796664
2 0.7457627118644068 0.5645353455123113 0.17372881355932204 0.04408260524225576
1 0.528954802259887 0.19221604447974583 0.5875706214689266 0.048451151707704525
1 0.534957627118644 0.2420571882446386 0.5840395480225988 0.044876886417791896
1 0.5250706214689266 0.28534551231135824 0.5727401129943502 0.050436854646544876
1 0.5215395480225988 0.34511517077045273 0.5840395480225988 0.04289118347895155
1 0.5300141242937854 0.38899920571882446 0.5783898305084746 0.03852263701350278
1 0.5204802259887006 0.4384432088959492 0.5819209039548022 0.04527402700555997
1 0.5374293785310734 0.55659253375695 0.5861581920903954 0.0409054805401112
1 0.5328389830508474 0.6052422557585385 0.5840395480225988 0.046068308181096106
1 0.5225988700564972 0.6507148530579825 0.5805084745762712 0.050436854646544876
1 0.5268361581920904 0.6957903097696585 0.5805084745762712 0.05877680698967434
1 0.5250706214689266 0.7488085782366958 0.5812146892655368 0.058379666401906276
