0 0.20238095238095238 0.17394179894179895 0.14831349206349206 0.027777777777777776
2 0.31299603174603174 0.18694885361552027 0.01984126984126984 0.02821869488536155
0 0.20126488095238096 0.19929453262786595 0.14856150793650794 0.026455026455026454
0 0.16728670634920634 0.22178130511463845 0.078125 0.020282186948853614
0 0.4417162698412698 0.2641093474426808 0.11458333333333333 0.04056437389770723
2 0.31101190476190477 0.2691798941798942 0.028769841269841268 0.03042328042328042
0 0.6150793650793651 0.2923280423280423 0.043154761904761904 0.021164021164021163
0 0.19444444444444445 0.32782186948853614 0.12896825396825398 0.023368606701940034
2 0.3162202380952381 0.33134920634920634 0.018353174603174604 0.021604938271604937
0 0.6247519841269841 0.33641975308641975 0.06349206349206349 0.027336860670194002
0 0.20027281746031747 0.3683862433862434 0.13814484126984128 0.02601410934744268
2 0.3148561507936508 0.3734567901234568 0.021081349206349208 0.021164021164021163
0 0.6247519841269841 0.37918871252204583 0.06547619047619048 0.023809523809523808
0 0.1966765873015873 0.47001763668430335 0.12549603174603174 0.024691358024691357
2 0.31808035714285715 0.4845679012345679 0.01711309523809524 0.021164021164021163
0 0.18985615079365079 0.531084656084656 0.10987103174603174 0.02601410934744268
0 0.41902281746031744 0.5436507936507936 0.10689484126984126 0.023809523809523808
2 0.31547619047619047 0.5458553791887125 0.022321428571428572 0.023809523809523808
2 0.5496031746031746 0.546957671957672 0.015873015873015872 0.01895943562610229
0 0.1953125 0.5557760141093474 0.12078373015873016 0.02513227513227513
0 0.40600198412698413 0.5656966490299824 0.08134920634920635 0.025573192239858905
2 0.5493551587301587 0.5679012345679012 0.015873015873015872 0.01675485008818342
0 0.6139632936507936 0.5798059964726632 0.028521825396825396 0.02821869488536155
0 0.4021577380952381 0.5886243386243386 0.07316468253968254 0.021164021164021163
2 0.5472470238095238 0.5897266313932981 0.01711309523809524 0.01895943562610229
0 0.19903273809523808 0.6040564373897708 0.12822420634920634 0.02821869488536155
2 0.31547619047619047 0.6071428571428571 0.022321428571428572 0.021164021164021163
0 0.4027777777777778 0.6130952380952381 0.0744047619047619 0.023368606701940034
2 0.5472470238095238 0.6130952380952381 0.01711309523809524 0.01895943562610229
0 0.6171875 0.6302910052910053 0.03695436507936508 0.02601410934744268
0 0.40736607142857145 0.6349206349206349 0.0835813492063492 0.021164021164021163
2 0.5472470238095238 0.6349206349206349 0.01711309523809524 0.021164021164021163
0 0.1974206349206349 0.6455026455026455 0.12202380952380952 0.02821869488536155
2 0.3162202380952381 0.6512345679012346 0.023809523809523808 0.025573192239858905
0 0.3851686507936508 0.658289241622575 0.039186507936507936 0.021164021164021163
2 0.5472470238095238 0.658289241622575 0.01711309523809524 0.021164021164021163
0 0.42497519841269843 0.6825396825396826 0.11879960317460317 0.023809523809523808
2 0.5446428571428571 0.6825396825396826 0.022321428571428572 0.023809523809523808
0 0.4001736111111111 0.7078924162257496 0.06919642857142858 0.023368606701940034
2 0.5440228174603174 0.708994708994709 0.021081349206349208 0.021164021164021163
0 0.1736111111111111 0.7299382716049383 0.07242063492063493 0.026895943562610228
2 0.31560019841269843 0.7334656084656085 0.025049603174603176 0.023368606701940034
0 0.43601190476190477 0.7334656084656085 0.14087301587301587 0.023368606701940034
2 0.5460069444444444 0.7334656084656085 0.01711309523809524 0.01895943562610229
0 0.41257440476190477 0.7552910052910053 0.09399801587301587 0.021164021164021163
2 0.5460069444444444 0.7552910052910053 0.01711309523809524 0.021164021164021163
0 0.3871527777777778 0.777336860670194 0.043154761904761904 0.023809523809523808
2 0.5460069444444444 0.7786596119929453 0.01711309523809524 0.021164021164021163
0 0.19828869047619047 0.7861552028218695 0.08754960317460317 0.027336860670194002
0 0.605530753968254 0.7872574955908289 0.04241071428571429 0.01984126984126984
0 0.38392857142857145 0.8004850088183422 0.03670634920634921 0.023368606701940034
2 0.5460069444444444 0.8004850088183422 0.01711309523809524 0.01895943562610229
0 0.38851686507936506 0.8225308641975309 0.045882936507936505 0.021604938271604937
2 0.5460069444444444 0.8225308641975309 0.01711309523809524 0.021604938271604937
0 0.6063988095238095 0.8225308641975309 0.04662698412698413 0.021604938271604937
2 0.5452628968253969 0.8664021164021164 0.014632936507936508 0.02204585537918871
0 0.39372519841269843 0.845679012345679 0.056299603174603176 0.021164021164021163
0 0.6060267857142857 0.8584656084656085 0.045882936507936505 0.023809523809523808
0 0.38578869047619047 0.8701499118165785 0.03794642857142857 0.01895943562610229
0 0.3865327380952381 0.8897707231040565 0.04439484126984127 0.021164021164021163
0 0.6060267857142857 0.8919753086419753 0.043402777777777776 0.01675485008818342
0 0.40935019841269843 0.9126984126984127 0.0900297619047619 0.021164021164021163
2 0.5450148809523809 0.9124779541446209 0.017609126984126984 0.017195767195767195
2 0.5447668650793651 0.933641975308642 0.01711309523809524 0.021604938271604937
0 0.3957093253968254 0.9360670194003528 0.06274801587301587 0.021164021164021163
2 0.2786458333333333 0.7848324514991182 0.06919642857142858 0.025573192239858905
2 0.5213293650793651 0.2687389770723104 0.027777777777777776 0.03130511463844797
2 0.5461309523809523 0.843915343915344 0.014384920634920634 0.019400352733686066
2 0.5455109126984127 0.8908730158730159 0.015128968253968254 0.024250440917107582
2 0.7506200396825397 0.21935626102292768 0.030009920634920636 0.02601410934744268
0 0.6732390873015873 0.2092151675485009 0.12475198412698413 0.045414462081128745
2 0.6697668650793651 0.5806878306878307 0.02554563492063492 0.02204585537918871
2 0.6759672619047619 0.6285273368606702 0.0220734126984127 0.026895943562610228
2 0.6762152777777778 0.7883597883597884 0.018105158730158732 0.025573192239858905
2 0.6744791666666666 0.8245149911816578 0.01711309523809524 0.02204585537918871
2 0.6742311507936508 0.857583774250441 0.016617063492063492 0.018518518518518517
2 0.6732390873015873 0.8939594356261023 0.016617063492063492 0.01984126984126984
1 0.22643849206349206 0.1966490299823633 0.19890873015873015 0.07142857142857142
1 0.22854662698412698 0.26962081128747795 0.19618055555555555 0.050705467372134036
1 0.2275545634920635 0.33024691358024694 0.19618055555555555 0.02292768959435626
1 0.22817460317460317 0.36948853615520283 0.19444444444444445 0.026455026455026454
1 0.2312748015873016 0.5451940035273368 0.19618055555555555 0.050705467372134036
1 0.2300347222222222 0.48059964726631393 0.19270833333333334 0.054673721340388004
1 0.23189484126984128 0.6042768959435626 0.19295634920634921 0.03130511463844797
1 0.23177083333333334 0.6477072310405644 0.19171626984126985 0.030864197530864196
1 0.23239087301587302 0.7297178130511464 0.1909722222222222 0.029982363315696647
1 0.2330109126984127 0.7881393298059964 0.1609623015873016 0.029541446208112873
1 0.4618055555555556 0.26168430335097004 0.15079365079365079 0.040123456790123455
1 0.46106150793650796 0.5432098765432098 0.19196428571428573 0.026455026455026454
1 0.4618055555555556 0.5661375661375662 0.19146825396825398 0.019400352733686066
1 0.4625496031746032 0.5881834215167548 0.18998015873015872 0.024691358024691357
1 0.4592013888888889 0.6155202821869489 0.18675595238095238 0.026455026455026454
1 0.46044146825396826 0.6358024691358025 0.1902281746031746 0.018518518518518517
1 0.4609375 0.6574074074074074 0.19171626984126985 0.02292768959435626
1 0.46106150793650796 0.6823192239858906 0.18998015873015872 0.028659611992945325
1 0.4609375 0.7096560846560847 0.1902281746031746 0.02072310405643739
1 0.45969742063492064 0.7352292768959435 0.18427579365079366 0.022486772486772486
1 0.4600694444444444 0.7561728395061729 0.1865079365079365 0.02292768959435626
1 0.4592013888888889 0.777336860670194 0.18824404761904762 0.018518518518518517
1 0.4593253968253968 0.8022486772486772 0.18799603174603174 0.021604938271604937
1 0.4599454365079365 0.8245149911816578 0.19072420634920634 0.020282186948853614
1 0.46106150793650796 0.8683862433862434 0.1884920634920635 0.026895943562610228
1 0.45870535714285715 0.8465608465608465 0.18874007936507936 0.018518518518518517
1 0.4595734126984127 0.8899911816578483 0.18551587301587302 0.023368606701940034
1 0.4595734126984127 0.9129188712522046 0.19146825396825398 0.022486772486772486
1 0.45783730158730157 0.935626102292769 0.19246031746031747 0.02292768959435626
1 0.6325644841269841 0.8937389770723104 0.10143849206349206 0.021164021164021163
1 0.6320684523809523 0.8582451499118166 0.09895833333333333 0.02513227513227513
1 0.6335565476190477 0.8240740740740741 0.09895833333333333 0.026455026455026454
1 0.6349206349206349 0.7861552028218695 0.10218253968253968 0.020282186948853614
1 0.6412450396825397 0.5771604938271605 0.08258928571428571 0.02821869488536155
1 0.6423611111111112 0.6287477954144621 0.08779761904761904 0.0291005291005291
1 0.6808035714285714 0.2881393298059965 0.17261904761904762 0.21119929453262787
0 0.6181795634920635 0.9294532627865961 0.07564484126984126 0.021164021164021163
0 0.17609126984126985 0.49514991181657847 0.08482142857142858 0.025573192239858905
0 0.1987847222222222 0.2623456790123457 0.13913690476190477 0.02821869488536155
0 0.15823412698412698 0.2857142857142857 0.05406746031746032 0.018518518518518517
