2 0.8824955908289241 0.33779761904761907 0.03218694885361552 0.01636904761904762
0 0.6031746031746031 0.3359375 0.08818342151675485 0.01314484126984127
2 0.4246031746031746 0.3350694444444444 0.03968253968253968 0.013392857142857142
0 0.1849647266313933 0.3349454365079365 0.07892416225749559 0.014632936507936508
0 0.6364638447971781 0.35168650793650796 0.16358024691358025 0.015376984126984126
0 0.16049382716049382 0.35119047619047616 0.03527336860670194 0.013392857142857142
2 0.42658730158730157 0.35168650793650796 0.03747795414462081 0.013392857142857142
0 0.6201499118165785 0.369171626984127 0.12301587301587301 0.014632936507936508
2 0.4270282186948854 0.37016369047619047 0.03747795414462081 0.014632936507936508
0 0.22420634920634921 0.3695436507936508 0.16005291005291006 0.015873015873015872
0 0.6172839506172839 0.38764880952380953 0.12081128747795414 0.013392857142857142
2 0.42724867724867727 0.38603670634920634 0.03527336860670194 0.01314484126984127
0 0.22530864197530864 0.38603670634920634 0.16490299823633156 0.014632936507936508
0 0.6344797178130511 0.4011656746031746 0.15520282186948853 0.014632936507936508
0 0.1966490299823633 0.400421626984127 0.10229276895943562 0.01314484126984127
2 0.4252645502645503 0.4029017857142857 0.03747795414462081 0.01314484126984127
0 0.6029541446208113 0.4185267857142857 0.09038800705467372 0.01314484126984127
2 0.4252645502645503 0.4192708333333333 0.03747795414462081 0.014632936507936508
0 0.24889770723104057 0.4174107142857143 0.20414462081128748 0.013392857142857142
2 0.878968253968254 0.4382440476190476 0.02601410934744268 0.014384920634920634
0 0.5921516754850088 0.4351438492063492 0.06966490299823633 0.01314484126984127
0 0.21626984126984128 0.43464781746031744 0.14153439153439154 0.014632936507936508
2 0.4243827160493827 0.43601190476190477 0.034832451499118164 0.013392857142857142
0 0.5923721340388007 0.45163690476190477 0.07451499118165784 0.013392857142857142
0 0.23522927689594356 0.45188492063492064 0.18562610229276896 0.015873015873015872
2 0.42658730158730157 0.453125 0.034832451499118164 0.013392857142857142
0 0.6629188712522046 0.4678819444444444 0.21119929453262787 0.014632936507936508
2 0.8723544973544973 0.46924603174603174 0.03747795414462081 0.013392857142857142
0 0.22883597883597884 0.46875 0.17195767195767195 0.014384920634920634
2 0.42570546737213405 0.46924603174603174 0.03747795414462081 0.011904761904761904
2 0.43033509700176364 0.48549107142857145 0.02821869488536155 0.01314484126984127
0 0.18077601410934743 0.48387896825396826 0.07231040564373897 0.014384920634920634
2 0.4314373897707231 0.5017361111111112 0.02601410934744268 0.011904761904761904
0 0.1814373897707231 0.5003720238095238 0.07451499118165784 0.01314484126984127
0 0.18694885361552027 0.5603918650793651 0.0837742504409171 0.014632936507936508
2 0.8500881834215167 0.5633680555555556 0.10229276895943562 0.014632936507936508
2 0.34678130511463845 0.5602678571428571 0.03747795414462081 0.011904761904761904
0 0.5853174603174603 0.5596478174603174 0.0701058201058201 0.01066468253968254
0 0.23037918871252205 0.574280753968254 0.16534391534391535 0.018105158730158732
0 0.6291887125220459 0.5758928571428571 0.15873015873015872 0.016865079365079364
2 0.8503086419753086 0.5793650793650794 0.10008818342151675 0.013392857142857142
0 0.6591710758377425 0.5921378968253969 0.21428571428571427 0.018105158730158732
2 0.8470017636684304 0.5961061507936508 0.10229276895943562 0.014632936507936508
2 0.46296296296296297 0.6489335317460317 0.03968253968253968 0.01314484126984127
0 0.23677248677248677 0.6479414682539683 0.18342151675485008 0.014632936507936508
2 0.4645061728395062 0.6659226190476191 0.03747795414462081 0.013392857142857142
0 0.23699294532627865 0.6651785714285714 0.1882716049382716 0.013392857142857142
2 0.46318342151675485 0.6817956349206349 0.03747795414462081 0.013392857142857142
0 0.23809523809523808 0.6817956349206349 0.1948853615520282 0.014384920634920634
0 0.6485890652557319 0.6889880952380952 0.1763668430335097 0.015873015873015872
2 0.8652998236331569 0.6906001984126984 0.03747795414462081 0.01314484126984127
0 0.2275132275132275 0.6989087301587301 0.1763668430335097 0.015873015873015872
2 0.46164021164021163 0.6982886904761905 0.03527336860670194 0.01314484126984127
0 0.6457231040564374 0.7056051587301587 0.1715167548500882 0.014384920634920634
2 0.8666225749559083 0.708953373015873 0.03747795414462081 0.01314484126984127
0 0.4645061728395062 0.7156498015873016 0.03747795414462081 0.01314484126984127
0 0.2279541446208113 0.7156498015873016 0.1693121693121693 0.014632936507936508
0 0.8670634920634921 0.7242063492063492 0.03747795414462081 0.015873015873015872
0 0.6078042328042328 0.7224702380952381 0.10008818342151675 0.018849206349206348
0 0.24338624338624337 0.7312748015873016 0.19929453262786595 0.014632936507936508
2 0.4623015873015873 0.7321428571428571 0.03747795414462081 0.013392857142857142
2 0.8659611992945326 0.7437996031746031 0.03968253968253968 0.015873015873015872
0 0.6155202821869489 0.7387152777777778 0.11375661375661375 0.014632936507936508
0 0.2603615520282187 0.7491319444444444 0.23412698412698413 0.014632936507936508
2 0.4627425044091711 0.7490079365079365 0.03747795414462081 0.013392857142857142
0 0.6062610229276896 0.755828373015873 0.08994708994708994 0.01711309523809524
2 0.8648589065255732 0.7596726190476191 0.03747795414462081 0.013392857142857142
0 0.263668430335097 0.7655009920634921 0.24162257495590828 0.018601190476190476
2 0.4634038800705467 0.7655009920634921 0.03968253968253968 0.01314484126984127
0 0.6082451499118166 0.7725694444444444 0.09303350970017636 0.014384920634920634
2 0.8652998236331569 0.7759176587301587 0.03747795414462081 0.01314484126984127
0 0.27204585537918874 0.7822420634920635 0.2601410934744268 0.014384920634920634
2 0.4636243386243386 0.7836061507936508 0.040123456790123455 0.01314484126984127
0 0.6225749559082893 0.7911706349206349 0.12257495590828923 0.018353174603174604
2 0.8635361552028219 0.7920386904761905 0.03747795414462081 0.01314484126984127
0 0.24404761904761904 0.7973710317460317 0.21119929453262787 0.013392857142857142
2 0.4623015873015873 0.8000992063492064 0.040123456790123455 0.013392857142857142
0 0.6261022927689595 0.8069196428571429 0.13227513227513227 0.01314484126984127
2 0.8650793650793651 0.8092757936507936 0.03968253968253968 0.013392857142857142
0 0.24404761904761904 0.8148561507936508 0.21119929453262787 0.014632936507936508
2 0.460978835978836 0.8154761904761905 0.040123456790123455 0.013392857142857142
0 0.2482363315696649 0.8317212301587301 0.21781305114638447 0.01314484126984127
2 0.460978835978836 0.8332093253968254 0.040123456790123455 0.01314484126984127
0 0.2449294532627866 0.8487103174603174 0.21119929453262787 0.014384920634920634
2 0.460978835978836 0.8500744047619048 0.040123456790123455 0.01314484126984127
0 0.20634920634920634 0.8649553571428571 0.13315696649029982 0.016121031746031748
2 0.46296296296296297 0.8678075396825397 0.03968253968253968 0.013392857142857142
2 0.873015873015873 0.35478670634920634 0.04056437389770723 0.014136904761904762
2 0.8811728395061729 0.37103174603174605 0.02513227513227513 0.011408730158730158
2 0.8743386243386243 0.38839285714285715 0.047619047619047616 0.013888888888888888
2 0.8761022927689595 0.40438988095238093 0.03968253968253968 0.014136904761904762
2 0.8761022927689595 0.42199900793650796 0.03880070546737213 0.014136904761904762
2 0.8791887125220459 0.4547371031746032 0.0291005291005291 0.011656746031746032
2 0.34656084656084657 0.5752728174603174 0.03350970017636684 0.016121031746031748
2 0.4645061728395062 0.7151537698412699 0.03747795414462081 0.01314484126984127
1 0.29651675485008816 0.33581349206349204 0.2985008818342152 0.01240079365079365
1 0.2934303350970018 0.35193452380952384 0.3082010582010582 0.014384920634920634
1 0.2945326278659612 0.36867559523809523 0.30158730158730157 0.015128968253968254
1 0.2945326278659612 0.3851686507936508 0.30423280423280424 0.012896825396825396
1 0.2960758377425044 0.40153769841269843 0.2993827160493827 0.015873015873015872
1 0.2934303350970018 0.4185267857142857 0.2940917107583774 0.014136904761904762
1 0.2951940035273369 0.4341517857142857 0.2985008818342152 0.016617063492063492
1 0.2940917107583774 0.451140873015873 0.30246913580246915 0.01636904761904762
1 0.29298941798941797 0.4671378968253968 0.304673721340388 0.017609126984126984
1 0.2951940035273369 0.4851190476190476 0.3002645502645503 0.016865079365079364
1 0.2951940035273369 0.5 0.3002645502645503 0.017361111111111112
1 0.7294973544973545 0.3366815476190476 0.34171075837742504 0.014136904761904762
1 0.7286155202821869 0.33618551587301587 0.34171075837742504 0.014136904761904762
1 0.25617283950617287 0.5571676587301587 0.21869488536155202 0.012648809523809524
1 0.25396825396825395 0.5756448412698413 0.2222222222222222 0.015376984126984126
1 0.7268518518518519 0.3539186507936508 0.3408289241622575 0.01488095238095238
1 0.7286155202821869 0.36929563492063494 0.3425925925925926 0.01636904761904762
1 0.7264109347442681 0.38603670634920634 0.34171075837742504 0.01711309523809524
1 0.7268518518518519 0.42137896825396826 0.3390652557319224 0.016865079365079364
1 0.7248677248677249 0.4367559523809524 0.3368606701940035 0.015873015873015872
1 0.7261904761904762 0.4525049603174603 0.3377425044091711 0.018105158730158732
1 0.7231040564373897 0.46825396825396826 0.3421516754850088 0.016865079365079364
1 0.25308641975308643 0.5744047619047619 0.2222222222222222 0.017857142857142856
1 0.7215608465608465 0.5625 0.3514109347442681 0.01636904761904762
1 0.7239858906525574 0.5793650793650794 0.35185185185185186 0.015376984126984126
1 0.7222222222222222 0.5942460317460317 0.35008818342151676 0.01636904761904762
1 0.31437389770723106 0.6475694444444444 0.3395061728395062 0.01636904761904762
1 0.31437389770723106 0.6634424603174603 0.3377425044091711 0.01636904761904762
1 0.31216931216931215 0.6803075396825397 0.3368606701940035 0.015376984126984126
1 0.3101851851851852 0.6963045634920635 0.3443562610229277 0.016617063492063492
1 0.3117283950617284 0.7140376984126984 0.3430335097001764 0.01636904761904762
1 0.31040564373897706 0.730406746031746 0.3368606701940035 0.015376984126984126
1 0.3099647266313933 0.748015873015873 0.3412698412698413 0.015873015873015872
1 0.31062610229276894 0.7646329365079365 0.34700176366843033 0.019345238095238096
1 0.31261022927689597 0.7805059523809523 0.3412698412698413 0.01636904761904762
1 0.31216931216931215 0.7963789682539683 0.3439153439153439 0.017361111111111112
1 0.30930335097001765 0.814484126984127 0.3425925925925926 0.018849206349206348
1 0.3097442680776014 0.831969246031746 0.34171075837742504 0.014632936507936508
1 0.31216931216931215 0.8490823412698413 0.3439153439153439 0.018601190476190476
1 0.31305114638447973 0.8663194444444444 0.34832451499118167 0.017857142857142856
1 0.7266313932980599 0.6891121031746031 0.3236331569664903 0.018601190476190476
1 0.7231040564373897 0.7058531746031746 0.3271604938271605 0.017857142857142856
1 0.7220017636684304 0.7229662698412699 0.33112874779541446 0.019345238095238096
1 0.724647266313933 0.7404513888888888 0.32848324514991184 0.02058531746031746
1 0.7248677248677249 0.7562003968253969 0.3298059964726631 0.014384920634920634
1 0.7202380952380952 0.7725694444444444 0.32142857142857145 0.019345238095238096
1 0.7217813051146384 0.7867063492063492 0.32275132275132273 0.019345238095238096
1 0.7233245149911817 0.8076636904761905 0.33024691358024694 0.019097222222222224
