2 0.6696581196581196 0.37855450236966826 0.05213675213675214 0.015402843601895734
0 0.6641025641025641 0.39316745655608215 0.5025641025641026 0.019352290679304898
0 0.6034188034188034 0.4099526066350711 0.3811965811965812 0.01579778830963665
0 0.5696581196581196 0.4263428120063191 0.31367521367521367 0.015402843601895734
2 0.6773504273504274 0.45734597156398105 0.05042735042735043 0.01263823064770932
0 0.5824786324786325 0.47393364928909953 0.33931623931623933 0.017377567140600316
0 0.6008547008547008 0.48992890995260663 0.37606837606837606 0.014612954186413903
0 0.638034188034188 0.504739336492891 0.45213675213675214 0.01579778830963665
0 0.6064102564102564 0.5211295418641391 0.3871794871794872 0.014612954186413903
2 0.6777777777777778 0.5669431279620853 0.05128205128205128 0.0169826224328594
0 0.6905982905982906 0.582740916271722 0.5435897435897435 0.015402843601895734
0 0.6978632478632478 0.6153238546603476 0.5700854700854701 0.016587677725118485
0 0.6423076923076924 0.631911532385466 0.45897435897435895 0.015007898894154818
0 0.6521367521367522 0.665481832543444 0.47863247863247865 0.017377567140600316
0 0.6641025641025641 0.6956951026856241 0.5025641025641026 0.017772511848341232
0 0.6965811965811965 0.7266982622432859 0.5675213675213675 0.015007898894154818
0 0.5991452991452991 0.7582938388625592 0.36752136752136755 0.015007898894154818
0 0.5448717948717948 0.7746840442338072 0.25213675213675213 0.01382306477093207
2 0.8141025641025641 0.7580963665086888 0.05726495726495726 0.015402843601895734
2 0.7034188034188035 0.7752764612954186 0.05811965811965812 0.014218009478672985
1 0.6316239316239316 0.7578988941548184 0.42735042735042733 0.011848341232227487
1 0.5803418803418804 0.7742890995260664 0.3247863247863248 0.01382306477093207
1 0.6679487179487179 0.4014612954186414 0.5034188034188034 0.06753554502369669
1 0.6397435897435897 0.48992890995260663 0.44871794871794873 0.07622432859399685
1 0.6982905982905983 0.6479067930489731 0.5641025641025641 0.1773301737756714
0 0.7047008547008548 0.7122827804107424 0.17692307692307693 0.01382306477093207
0 0.6893162393162393 0.6793048973143759 0.14957264957264957 0.01263823064770932
0 0.6042735042735042 0.6488941548183255 0.37948717948717947 0.013428120063191154
0 0.7132478632478633 0.5997235387045814 0.18034188034188034 0.01382306477093207
