0 0.3747863247863248 0.45082938388625593 0.5581196581196581 0.022511848341232227
2 0.8252136752136752 0.4490521327014218 0.10512820512820513 0.02448657187993681
0 0.3260683760683761 0.516390205371248 0.46923076923076923 0.025671406003159557
2 0.826068376068376 0.5128357030015798 0.10341880341880341 0.02330173775671406
0 0.3106837606837607 0.5789889415481833 0.46068376068376066 0.026856240126382307
2 0.8286324786324787 0.5785939968404423 0.1 0.022906793048973143
0 0.17863247863247864 0.6927330173775671 0.1623931623931624 0.018167456556082148
2 0.46324786324786327 0.6905608214849921 0.1811965811965812 0.022511848341232227
0 0.1799145299145299 0.7156398104265402 0.16324786324786325 0.02132701421800948
2 0.4329059829059829 0.714652448657188 0.12564102564102564 0.022511848341232227
0 0.19572649572649573 0.738349131121643 0.20854700854700856 0.02093206951026856
2 0.45726495726495725 0.7395339652448657 0.17606837606837608 0.022511848341232227
0 0.202991452991453 0.7622432859399684 0.19914529914529913 0.020537124802527645
2 0.4594017094017094 0.7640205371248026 0.1752136752136752 0.021721958925750396
1 0.488034188034188 0.45082938388625593 0.7794871794871795 0.024881516587677725
1 0.4876068376068376 0.5169826224328594 0.7888888888888889 0.026066350710900472
1 0.4794871794871795 0.5787914691943128 0.8 0.028041074249605055
1 0.3252136752136752 0.6915481832543444 0.45384615384615384 0.02132701421800948
1 0.2982905982905983 0.7166271721958926 0.4 0.021721958925750396
1 0.3192307692307692 0.7381516587677726 0.45555555555555555 0.023696682464454975
1 0.3252136752136752 0.7624407582938388 0.44358974358974357 0.02330173775671406
