0 0.23974358974358975 0.2916666666666667 0.3700854700854701 0.014612954186413903
2 0.47991452991452993 0.29186413902053715 0.04871794871794872 0.011848341232227487
0 0.5824786324786325 0.29265402843601895 0.07948717948717948 0.013428120063191154
2 0.9320512820512821 0.29324644549763035 0.05726495726495726 0.012243285939968405
0 0.1893162393162393 0.3114139020537125 0.2692307692307692 0.014612954186413903
2 0.4782051282051282 0.3108214849921011 0.05213675213675214 0.013428120063191154
0 0.6743589743589744 0.3135860979462875 0.26324786324786326 0.01579778830963665
2 0.9333333333333333 0.3135860979462875 0.0547008547008547 0.013428120063191154
0 0.10598290598290598 0.330173775671406 0.10256410256410256 0.013428120063191154
2 0.4782051282051282 0.330173775671406 0.05213675213675214 0.013428120063191154
0 0.6094017094017095 0.33293838862559244 0.13333333333333333 0.013428120063191154
2 0.9333333333333333 0.3335308056872038 0.0547008547008547 0.012243285939968405
0 0.2047008547008547 0.3499210110584518 0.3 0.013428120063191154
2 0.4782051282051282 0.3499210110584518 0.05213675213675214 0.013428120063191154
0 0.6106837606837607 0.35308056872037913 0.1358974358974359 0.015007898894154818
2 0.9333333333333333 0.35406793048973145 0.0547008547008547 0.012243285939968405
0 0.1641025641025641 0.3688783570300158 0.21196581196581196 0.013428120063191154
2 0.4782051282051282 0.3688783570300158 0.05213675213675214 0.013428120063191154
0 0.6068376068376068 0.37460505529225907 0.12991452991452992 0.013033175355450236
2 0.9333333333333333 0.37460505529225907 0.0547008547008547 0.013033175355450236
0 0.15 0.3886255924170616 0.1905982905982906 0.01579778830963665
2 0.4782051282051282 0.3882306477093207 0.05213675213675214 0.013428120063191154
0 0.7239316239316239 0.3955371248025277 0.3623931623931624 0.01382306477093207
0 0.1905982905982906 0.40916271721958924 0.2717948717948718 0.015007898894154818
2 0.4782051282051282 0.40837282780410744 0.05213675213675214 0.013428120063191154
0 0.6978632478632478 0.41567930489731436 0.31025641025641026 0.014612954186413903
0 0.9333333333333333 0.41567930489731436 0.0547008547008547 0.012243285939968405
0 0.19230769230769232 0.4283175355450237 0.27521367521367524 0.018562401263823063
2 0.4782051282051282 0.42812006319115326 0.05213675213675214 0.013428120063191154
0 0.5995726495726496 0.43562401263823064 0.11367521367521367 0.013428120063191154
2 0.9324786324786325 0.4358214849921011 0.0547008547008547 0.012243285939968405
0 0.2551282051282051 0.49229857819905215 0.4008547008547009 0.014612954186413903
2 0.9376068376068376 0.5027646129541864 0.05128205128205128 0.013428120063191154
0 0.614957264957265 0.5035545023696683 0.14444444444444443 0.013428120063191154
0 0.22735042735042735 0.5106635071090048 0.3452991452991453 0.015007898894154818
2 0.4782051282051282 0.5098736176935229 0.05213675213675214 0.013428120063191154
0 0.6277777777777778 0.5250789889415481 0.1700854700854701 0.014612954186413903
2 0.9376068376068376 0.523696682464455 0.05128205128205128 0.011848341232227487
2 0.4782051282051282 0.5268562401263823 0.05213675213675214 0.013428120063191154
0 0.1764957264957265 0.5290284360189573 0.24358974358974358 0.014612954186413903
0 0.16153846153846155 0.5462085308056872 0.21367521367521367 0.017377567140600316
2 0.4782051282051282 0.5466034755134281 0.05726495726495726 0.013428120063191154
0 0.6824786324786325 0.5450236966824644 0.2794871794871795 0.013428120063191154
2 0.9367521367521368 0.5450236966824644 0.05128205128205128 0.013428120063191154
0 0.21153846153846154 0.563783570300158 0.31367521367521367 0.014612954186413903
0 0.7064102564102565 0.5669431279620853 0.32735042735042735 0.015402843601895734
0 0.12991452991452992 0.582345971563981 0.15042735042735042 0.014612954186413903
0 0.4782051282051282 0.5817535545023697 0.05213675213675214 0.013428120063191154
0 0.7102564102564103 0.5874802527646129 0.3213675213675214 0.017772511848341232
0 0.6311965811965812 0.6093996840442338 0.17692307692307693 0.014218009478672985
2 0.9311965811965812 0.6084123222748815 0.06581196581196581 0.012243285939968405
0 0.635042735042735 0.6301342812006319 0.18461538461538463 0.01382306477093207
2 0.9376068376068376 0.6291469194312796 0.05128205128205128 0.011848341232227487
0 0.15555555555555556 0.634083728278041 0.21367521367521367 0.018562401263823063
2 0.4782051282051282 0.6338862559241706 0.05213675213675214 0.013428120063191154
0 0.16666666666666666 0.6504739336492891 0.2341880341880342 0.013428120063191154
0 0.6034188034188034 0.65086887835703 0.12307692307692308 0.01579778830963665
2 0.9376068376068376 0.6504739336492891 0.05128205128205128 0.013428120063191154
2 0.4794871794871795 0.6512638230647709 0.0547008547008547 0.011848341232227487
0 0.11495726495726495 0.6682464454976303 0.13076923076923078 0.011848341232227487
2 0.4790598290598291 0.6682464454976303 0.05213675213675214 0.011848341232227487
0 0.6440170940170941 0.67239336492891 0.20598290598290597 0.02014218009478673
2 0.9376068376068376 0.6721958925750395 0.05128205128205128 0.011848341232227487
0 0.144017094017094 0.6856240126382307 0.1905982905982906 0.013428120063191154
2 0.4782051282051282 0.6850315955766193 0.05213675213675214 0.012243285939968405
0 0.6628205128205128 0.693522906793049 0.24017094017094018 0.013428120063191154
2 0.9405982905982906 0.6919431279620853 0.0452991452991453 0.010268562401263823
0 0.15854700854700854 0.7033965244865719 0.21794871794871795 0.015007898894154818
2 0.47991452991452993 0.7033965244865719 0.05213675213675214 0.013428120063191154
0 0.6333333333333333 0.714652448657188 0.1811965811965812 0.01382306477093207
2 0.9303418803418804 0.7144549763033176 0.06581196581196581 0.013428120063191154
0 0.12991452991452992 0.7197867298578199 0.1623931623931624 0.016192733017377565
2 0.47991452991452993 0.7207740916271722 0.05213675213675214 0.013428120063191154
0 0.6316239316239316 0.735387045813586 0.1794871794871795 0.01579778830963665
0 0.11068376068376068 0.7365718799368088 0.12222222222222222 0.013428120063191154
2 0.47692307692307695 0.735781990521327 0.0547008547008547 0.013428120063191154
2 0.9376068376068376 0.7365718799368088 0.05128205128205128 0.013428120063191154
0 0.16538461538461538 0.7537519747235387 0.23333333333333334 0.016192733017377565
2 0.47692307692307695 0.7535545023696683 0.0547008547008547 0.013428120063191154
0 0.6200854700854701 0.7567140600315956 0.1547008547008547 0.015007898894154818
2 0.9303418803418804 0.7567140600315956 0.06581196581196581 0.011848341232227487
0 0.19316239316239317 0.7717219589257504 0.2905982905982906 0.017377567140600316
2 0.47692307692307695 0.7711295418641391 0.0547008547008547 0.012243285939968405
0 0.6196581196581197 0.7776461295418642 0.15726495726495726 0.017377567140600316
2 0.9376068376068376 0.7776461295418642 0.05128205128205128 0.011848341232227487
0 0.16965811965811967 0.7885071090047393 0.24700854700854702 0.016192733017377565
2 0.4782051282051282 0.7877172195892576 0.05213675213675214 0.012243285939968405
0 0.6525641025641026 0.799565560821485 0.22136752136752136 0.016192733017377565
2 0.9376068376068376 0.7989731437598736 0.05128205128205128 0.013428120063191154
0 0.144017094017094 0.8056872037914692 0.1905982905982906 0.013428120063191154
2 0.4782051282051282 0.8056872037914692 0.05213675213675214 0.013428120063191154
0 0.65 0.8203001579778831 0.21623931623931625 0.016587677725118485
2 0.9303418803418804 0.8199052132701422 0.06581196581196581 0.013428120063191154
0 0.16666666666666666 0.8226698262243286 0.2341880341880342 0.013428120063191154
2 0.4782051282051282 0.8226698262243286 0.05213675213675214 0.013428120063191154
2 0.9324786324786325 0.3957345971563981 0.0547008547008547 0.01579778830963665
2 0.9376068376068376 0.5673380726698263 0.05641025641025641 0.01382306477093207
2 0.9405982905982906 0.5878751974723538 0.05726495726495726 0.015402843601895734
2 0.4824786324786325 0.49229857819905215 0.04700854700854701 0.014612954186413903
2 0.4777777777777778 0.563783570300158 0.05299145299145299 0.011453396524486572
2 0.47649572649572647 0.5809636650868878 0.05213675213675214 0.013428120063191154
1 0.2794871794871795 0.29127172195892576 0.452991452991453 0.01382306477093207
1 0.27863247863247864 0.31121642969984203 0.452991452991453 0.014218009478672985
1 0.28076923076923077 0.3293838862559242 0.45042735042735044 0.013428120063191154
1 0.28076923076923077 0.3499210110584518 0.44871794871794873 0.014218009478672985
1 0.28034188034188035 0.36808846761453395 0.4478632478632479 0.015007898894154818
1 0.2794871794871795 0.38783570300157977 0.4495726495726496 0.013428120063191154
1 0.2816239316239316 0.40975513428120064 0.45213675213675214 0.014612954186413903
1 0.28034188034188035 0.4273301737756714 0.4547008547008547 0.018957345971563982
1 0.2782051282051282 0.4928909952606635 0.45555555555555555 0.01579778830963665
1 0.28034188034188035 0.5100710900473934 0.4495726495726496 0.01382306477093207
1 0.2799145299145299 0.5274486571879937 0.45042735042735044 0.014612954186413903
1 0.2829059829059829 0.5438388625592417 0.4547008547008547 0.015007898894154818
1 0.28034188034188035 0.5645734597156398 0.4512820512820513 0.013033175355450236
1 0.28034188034188035 0.5817535545023697 0.4495726495726496 0.015007898894154818
1 0.27863247863247864 0.6336887835703001 0.4581196581196581 0.017772511848341232
1 0.2794871794871795 0.6512638230647709 0.4564102564102564 0.015007898894154818
1 0.2799145299145299 0.6674565560821485 0.45897435897435895 0.01579778830963665
1 0.2764957264957265 0.6844391785150079 0.45555555555555555 0.016587677725118485
1 0.27692307692307694 0.7031990521327014 0.46324786324786327 0.015402843601895734
1 0.27564102564102566 0.7182069510268563 0.45897435897435895 0.0169826224328594
1 0.27521367521367524 0.7369668246445498 0.46153846153846156 0.017377567140600316
1 0.27521367521367524 0.7533570300157978 0.4598290598290598 0.01382306477093207
1 0.2764957264957265 0.7709320695102686 0.45555555555555555 0.018167456556082148
1 0.2764957264957265 0.7879146919431279 0.4623931623931624 0.01579778830963665
1 0.27863247863247864 0.8050947867298578 0.4581196581196581 0.0169826224328594
1 0.2760683760683761 0.8236571879936809 0.4564102564102564 0.015402843601895734
1 0.752991452991453 0.2934439178515008 0.4170940170940171 0.01579778830963665
1 0.7525641025641026 0.3131911532385466 0.42136752136752137 0.01579778830963665
1 0.7521367521367521 0.33293838862559244 0.4222222222222222 0.015007898894154818
1 0.7504273504273504 0.3524881516587678 0.4222222222222222 0.017772511848341232
1 0.7517094017094017 0.37519747235387046 0.41965811965811967 0.014218009478672985
1 0.7512820512820513 0.3963270142180095 0.4205128205128205 0.016192733017377565
1 0.7525641025641026 0.4152843601895735 0.42136752136752137 0.017772511848341232
1 0.7521367521367521 0.4354265402843602 0.41367521367521365 0.015402843601895734
1 0.7508547008547009 0.504739336492891 0.4230769230769231 0.015007898894154818
1 0.7517094017094017 0.5244865718799369 0.4247863247863248 0.014218009478672985
1 0.7555555555555555 0.5454186413902053 0.4222222222222222 0.014218009478672985
1 0.7547008547008547 0.5667456556082149 0.4239316239316239 0.014218009478672985
1 0.7594017094017094 0.5864928909952607 0.4264957264957265 0.016587677725118485
1 0.7525641025641026 0.608609794628752 0.41965811965811967 0.014218009478672985
1 0.755982905982906 0.6303317535545023 0.4247863247863248 0.014218009478672985
1 0.7525641025641026 0.6510663507109005 0.4230769230769231 0.014612954186413903
1 0.7534188034188034 0.6714060031595577 0.4247863247863248 0.018167456556082148
1 0.7525641025641026 0.6929304897314376 0.4230769230769231 0.013033175355450236
1 0.7534188034188034 0.714652448657188 0.42136752136752137 0.01382306477093207
1 0.7538461538461538 0.7355845181674565 0.4239316239316239 0.015402843601895734
1 0.7525641025641026 0.7561216429699842 0.42136752136752137 0.014612954186413903
1 0.752991452991453 0.7774486571879937 0.4239316239316239 0.0169826224328594
1 0.7512820512820513 0.7981832543443917 0.4239316239316239 0.017377567140600316
1 0.7542735042735043 0.8203001579778831 0.42136752136752137 0.017377567140600316
