0 0.22008547008547008 0.21860189573459715 0.33076923076923076 0.0169826224328594
0 0.6615384615384615 0.21721958925750395 0.2376068376068376 0.013428120063191154
2 0.9136752136752136 0.21721958925750395 0.0547008547008547 0.013428120063191154
2 0.452991452991453 0.21781200631911532 0.05128205128205128 0.012243285939968405
0 0.15 0.2353870458135861 0.1905982905982906 0.016587677725118485
2 0.45427350427350427 0.2353870458135861 0.05384615384615385 0.013428120063191154
0 0.6418803418803419 0.2377567140600316 0.19829059829059828 0.013428120063191154
2 0.9136752136752136 0.23716429699842023 0.0547008547008547 0.012243285939968405
0 0.18547008547008548 0.2527646129541864 0.26153846153846155 0.014218009478672985
2 0.9136752136752136 0.2567140600315956 0.0547008547008547 0.013428120063191154
0 0.6205128205128205 0.2586887835703002 0.15555555555555556 0.013428120063191154
0 0.18076923076923077 0.26895734597156395 0.25213675213675213 0.015007898894154818
0 0.6051282051282051 0.27764612954186413 0.12478632478632479 0.011848341232227487
2 0.9247863247863248 0.2772511848341232 0.037606837606837605 0.013428120063191154
0 0.17094017094017094 0.28672985781990523 0.23247863247863249 0.015007898894154818
2 0.452991452991453 0.2859399684044234 0.05128205128205128 0.013428120063191154
0 0.6623931623931624 0.29877567140600314 0.24102564102564103 0.016192733017377565
2 0.9136752136752136 0.29778830963665087 0.0547008547008547 0.013428120063191154
0 0.2047008547008547 0.30312006319115326 0.3 0.014612954186413903
2 0.452991452991453 0.3029225908372828 0.05128205128205128 0.013428120063191154
0 0.629059829059829 0.3187203791469194 0.17264957264957265 0.013428120063191154
2 0.9252136752136753 0.3193127962085308 0.03504273504273504 0.012243285939968405
0 0.19615384615384615 0.32187993680884674 0.2829059829059829 0.015007898894154818
2 0.4534188034188034 0.3193127962085308 0.05042735042735043 0.014612954186413903
0 0.16538461538461538 0.33846761453396523 0.22136752136752136 0.016587677725118485
2 0.4547008547008547 0.33767772511848343 0.04786324786324787 0.011848341232227487
0 0.6303418803418803 0.33945497630331756 0.1752136752136752 0.013033175355450236
2 0.9243589743589744 0.33945497630331756 0.03504273504273504 0.013033175355450236
2 0.9256410256410257 0.3599921011058452 0.037606837606837605 0.01382306477093207
0 0.1794871794871795 0.3550552922590837 0.24957264957264957 0.013428120063191154
2 0.452991452991453 0.3550552922590837 0.05128205128205128 0.013428120063191154
0 0.6277777777777778 0.35959715639810425 0.1700854700854701 0.012243285939968405
0 0.22435897435897437 0.37203791469194314 0.33931623931623933 0.017377567140600316
0 0.6376068376068376 0.38052922590837285 0.18974358974358974 0.014612954186413903
0 0.15128205128205127 0.3886255924170616 0.19316239316239317 0.01579778830963665
2 0.452991452991453 0.3886255924170616 0.05128205128205128 0.013428120063191154
0 0.6064102564102564 0.4004739336492891 0.12735042735042734 0.013428120063191154
2 0.9136752136752136 0.4004739336492891 0.0547008547008547 0.013428120063191154
0 0.6756410256410257 0.42022116903633494 0.2658119658119658 0.013428120063191154
2 0.9149572649572649 0.4208135860979463 0.05213675213675214 0.012243285939968405
0 0.6205128205128205 0.4415481832543444 0.15726495726495726 0.01579778830963665
2 0.9145299145299145 0.4411532385466035 0.0547008547008547 0.013428120063191154
0 0.6051282051282051 0.46109794628751977 0.12478632478632479 0.012243285939968405
2 0.9149572649572649 0.46109794628751977 0.05213675213675214 0.012243285939968405
0 0.16538461538461538 0.46386255924170616 0.24871794871794872 0.014612954186413903
2 0.452991452991453 0.46386255924170616 0.05128205128205128 0.012243285939968405
0 0.12991452991452992 0.48124012638230645 0.1794871794871795 0.016192733017377565
2 0.452991452991453 0.4808451816745656 0.05128205128205128 0.012243285939968405
0 0.6068376068376068 0.4814375987361769 0.12991452991452992 0.013428120063191154
2 0.9145299145299145 0.4820300157977883 0.0547008547008547 0.012243285939968405
0 0.14316239316239315 0.4980252764612954 0.19914529914529913 0.016587677725118485
2 0.452991452991453 0.49842022116903634 0.05128205128205128 0.013428120063191154
0 0.7047008547008548 0.5023696682464455 0.32393162393162395 0.01579778830963665
0 0.2230769230769231 0.5157977883096366 0.358974358974359 0.017377567140600316
0 0.629059829059829 0.5217219589257504 0.17264957264957265 0.013428120063191154
2 0.9136752136752136 0.5223143759873617 0.0547008547008547 0.012243285939968405
0 0.09786324786324786 0.5319905213270142 0.11367521367521367 0.013428120063191154
2 0.45726495726495725 0.5339652448657188 0.05128205128205128 0.013428120063191154
0 0.10042735042735043 0.5489731437598736 0.11367521367521367 0.013428120063191154
2 0.45555555555555555 0.5493680884676145 0.0547008547008547 0.013428120063191154
0 0.16111111111111112 0.565955766192733 0.23504273504273504 0.013428120063191154
2 0.452991452991453 0.5665481832543444 0.05128205128205128 0.012243285939968405
0 0.18376068376068377 0.5835308056872038 0.28547008547008546 0.014612954186413903
2 0.45384615384615384 0.5835308056872038 0.05128205128205128 0.012243285939968405
0 0.6068376068376068 0.5920221169036335 0.12991452991452992 0.013428120063191154
0 0.6008547008547008 0.6084123222748815 0.11623931623931624 0.014612954186413903
0 0.6064102564102564 0.6253949447077409 0.12735042735042734 0.014612954186413903
0 0.144017094017094 0.6368483412322274 0.17863247863247864 0.014612954186413903
2 0.452991452991453 0.6374407582938388 0.05128205128205128 0.013428120063191154
0 0.6260683760683761 0.641390205371248 0.16666666666666666 0.013428120063191154
2 0.4547008547008547 0.6544233807266983 0.05128205128205128 0.013428120063191154
0 0.147008547008547 0.656003159557662 0.18974358974358974 0.013428120063191154
0 0.632051282051282 0.657780410742496 0.17863247863247864 0.014612954186413903
0 0.15427350427350428 0.67239336492891 0.20427350427350427 0.013033175355450236
2 0.4547008547008547 0.6718009478672986 0.05128205128205128 0.011848341232227487
0 0.6192307692307693 0.6735781990521327 0.152991452991453 0.014612954186413903
0 0.1423076923076923 0.6889810426540285 0.17692307692307693 0.014612954186413903
2 0.452991452991453 0.6883886255924171 0.05128205128205128 0.013428120063191154
0 0.617948717948718 0.6895734597156398 0.15042735042735042 0.013428120063191154
0 0.6542735042735043 0.7053712480252765 0.2230769230769231 0.013428120063191154
0 0.17777777777777778 0.7065560821484992 0.24615384615384617 0.013428120063191154
2 0.452991452991453 0.7065560821484992 0.05128205128205128 0.013428120063191154
0 0.6474358974358975 0.7223538704581358 0.2094017094017094 0.013428120063191154
0 0.16538461538461538 0.7235387045813586 0.22136752136752136 0.013428120063191154
2 0.4512820512820513 0.7235387045813586 0.0547008547008547 0.013428120063191154
0 0.6517094017094017 0.7381516587677726 0.21794871794871795 0.015007898894154818
0 0.144017094017094 0.7399289099526066 0.17863247863247864 0.014612954186413903
2 0.452991452991453 0.740916271721959 0.05128205128205128 0.013428120063191154
0 0.5726495726495726 0.754739336492891 0.05982905982905983 0.013428120063191154
0 0.22905982905982905 0.7584913112164297 0.3487179487179487 0.01382306477093207
0 0.576068376068376 0.7711295418641391 0.07179487179487179 0.014612954186413903
0 0.16965811965811967 0.7744865718799369 0.2299145299145299 0.015007898894154818
2 0.452991452991453 0.7750789889415481 0.05128205128205128 0.012243285939968405
0 0.5897435897435898 0.7875197472353871 0.09401709401709402 0.013428120063191154
0 0.2423076923076923 0.7932464454976303 0.3752136752136752 0.014612954186413903
0 0.6303418803418803 0.8041074249605056 0.17692307692307693 0.01579778830963665
0 0.15555555555555556 0.8102290679304898 0.20683760683760682 0.014612954186413903
2 0.452991452991453 0.8096366508688784 0.05128205128205128 0.013428120063191154
0 0.6094017094017095 0.8204976303317536 0.13846153846153847 0.014612954186413903
0 0.1764957264957265 0.8258293838862559 0.24358974358974358 0.015007898894154818
2 0.4512820512820513 0.8258293838862559 0.0547008547008547 0.011848341232227487
2 0.4517094017094017 0.25296208530805686 0.05555555555555555 0.012243285939968405
2 0.45213675213675214 0.26954976303317535 0.05641025641025641 0.014612954186413903
2 0.45555555555555555 0.3730252764612954 0.05128205128205128 0.012243285939968405
2 0.45555555555555555 0.5159952606635071 0.05982905982905983 0.01382306477093207
2 0.4534188034188034 0.7567140600315956 0.05726495726495726 0.01579778830963665
2 0.452991452991453 0.7936413902053713 0.05299145299145299 0.012243285939968405
2 0.9256410256410257 0.38052922590837285 0.037606837606837605 0.01382306477093207
2 0.9192307692307692 0.502172195892575 0.05384615384615385 0.014612954186413903
1 0.26837606837606837 0.2170221169036335 0.4239316239316239 0.01382306477093207
1 0.26794871794871794 0.23597946287519747 0.43675213675213675 0.018562401263823063
1 0.2675213675213675 0.2523696682464455 0.4239316239316239 0.014218009478672985
1 0.2675213675213675 0.2679699842022117 0.42905982905982903 0.016192733017377565
1 0.26837606837606837 0.2859399684044234 0.4239316239316239 0.014218009478672985
1 0.2675213675213675 0.30252764612954186 0.4256410256410256 0.01579778830963665
1 0.2658119658119658 0.32049763033175355 0.4256410256410256 0.01382306477093207
1 0.2675213675213675 0.3380726698262243 0.42905982905982903 0.01579778830963665
1 0.26666666666666666 0.3542654028436019 0.4205128205128205 0.014218009478672985
1 0.2709401709401709 0.37243285939968407 0.4307692307692308 0.01579778830963665
1 0.26837606837606837 0.3886255924170616 0.4239316239316239 0.016587677725118485
1 0.25811965811965815 0.46346761453396523 0.441025641025641 0.016192733017377565
1 0.258974358974359 0.48104265402843605 0.441025641025641 0.01579778830963665
1 0.2606837606837607 0.4980252764612954 0.4376068376068376 0.017377567140600316
1 0.2623931623931624 0.5140205371248026 0.4478632478632479 0.018562401263823063
1 0.2606837606837607 0.5317930489731437 0.4495726495726496 0.0169826224328594
1 0.2623931623931624 0.5489731437598736 0.4358974358974359 0.017377567140600316
1 0.26153846153846155 0.565955766192733 0.4358974358974359 0.014218009478672985
1 0.2602564102564103 0.5829383886255924 0.43846153846153846 0.014218009478672985
1 0.2675213675213675 0.6364533965244866 0.42905982905982903 0.016192733017377565
1 0.26666666666666666 0.6546208530805687 0.4307692307692308 0.01382306477093207
1 0.2658119658119658 0.6714060031595577 0.4341880341880342 0.015007898894154818
1 0.2670940170940171 0.6883886255924171 0.4247863247863248 0.017377567140600316
1 0.2658119658119658 0.7057661927330173 0.4256410256410256 0.015007898894154818
1 0.2675213675213675 0.7225513428120063 0.4239316239316239 0.016192733017377565
1 0.27008547008547007 0.7395339652448657 0.4256410256410256 0.015402843601895734
1 0.26794871794871794 0.7584913112164297 0.42991452991452994 0.014612954186413903
1 0.26794871794871794 0.7740916271721959 0.42991452991452994 0.016587677725118485
1 0.26623931623931624 0.7932464454976303 0.43162393162393164 0.013033175355450236
1 0.27136752136752135 0.8092417061611374 0.4247863247863248 0.016587677725118485
1 0.26837606837606837 0.8256319115323855 0.42735042735042733 0.012243285939968405
1 0.7431623931623932 0.21623222748815166 0.4042735042735043 0.012243285939968405
1 0.7435897435897436 0.2381516587677725 0.4017094017094017 0.013428120063191154
1 0.7427350427350428 0.2586887835703002 0.4017094017094017 0.014218009478672985
1 0.7444444444444445 0.2796208530805687 0.4 0.013428120063191154
1 0.7427350427350428 0.29778830963665087 0.40341880341880343 0.016587677725118485
1 0.7427350427350428 0.3195102685624013 0.40341880341880343 0.01579778830963665
1 0.7418803418803419 0.3412322274881517 0.4 0.01579778830963665
1 0.7423076923076923 0.3597946287519747 0.405982905982906 0.014218009478672985
1 0.7448717948717949 0.3807266982622433 0.39914529914529917 0.018957345971563982
1 0.7427350427350428 0.40027646129541866 0.40341880341880343 0.0169826224328594
1 0.7431623931623932 0.4206161137440758 0.4025641025641026 0.015007898894154818
1 0.7418803418803419 0.440955766192733 0.4017094017094017 0.016192733017377565
1 0.7414529914529915 0.46188783570300157 0.4008547008547009 0.0169826224328594
1 0.7423076923076923 0.48183254344391785 0.4025641025641026 0.015007898894154818
1 0.7444444444444445 0.5027646129541864 0.40512820512820513 0.018167456556082148
1 0.7427350427350428 0.5211295418641391 0.40341880341880343 0.016192733017377565
