2 0.8606770833333334 0.477783203125 0.029947916666666668 0.01220703125
0 0.3004557291666667 0.357666015625 0.08268229166666667 0.01708984375
2 0.5979817708333334 0.3662109375 0.033203125 0.01953125
0 0.6653645833333334 0.369384765625 0.06380208333333333 0.01318359375
2 0.8603515625 0.374755859375 0.030598958333333332 0.01220703125
0 0.662109375 0.3896484375 0.059895833333333336 0.013671875
0 0.296875 0.376708984375 0.07421875 0.01513671875
2 0.5944010416666666 0.388671875 0.029947916666666668 0.0166015625
2 0.8597005208333334 0.394287109375 0.030598958333333332 0.01220703125
0 0.7135416666666666 0.412109375 0.15885416666666666 0.017578125
0 0.30859375 0.40087890625 0.11328125 0.013671875
2 0.5960286458333334 0.408447265625 0.031901041666666664 0.01220703125
2 0.8590494791666666 0.415771484375 0.030598958333333332 0.01708984375
0 0.7132161458333334 0.43310546875 0.15690104166666666 0.017578125
2 0.5947265625 0.427001953125 0.031901041666666664 0.01611328125
0 0.2903645833333333 0.421630859375 0.08072916666666667 0.01318359375
2 0.8606770833333334 0.435791015625 0.029947916666666668 0.01220703125
0 0.7200520833333334 0.45361328125 0.18489583333333334 0.015625
2 0.5891927083333334 0.447509765625 0.0390625 0.01611328125
0 0.2822265625 0.443115234375 0.054036458333333336 0.01220703125
2 0.8603515625 0.455810546875 0.031901041666666664 0.01220703125
0 0.6800130208333334 0.474609375 0.10221354166666667 0.0166015625
2 0.5911458333333334 0.470947265625 0.032552083333333336 0.01513671875
0 0.3092447916666667 0.465576171875 0.11588541666666667 0.01708984375
2 0.8616536458333334 0.534912109375 0.027994791666666668 0.01220703125
0 0.67578125 0.532470703125 0.08333333333333333 0.01611328125
0 0.5921223958333334 0.532958984375 0.033203125 0.01220703125
0 0.2848307291666667 0.526123046875 0.068359375 0.02099609375
2 0.8619791666666666 0.554443359375 0.029947916666666668 0.01220703125
0 0.6748046875 0.551513671875 0.080078125 0.01220703125
0 0.38671875 0.5498046875 0.2669270833333333 0.0205078125
2 0.5914713541666666 0.553466796875 0.033203125 0.01220703125
2 0.8590494791666666 0.574462890625 0.031901041666666664 0.01220703125
0 0.6569010416666666 0.573486328125 0.0546875 0.01220703125
2 0.59375 0.576904296875 0.033854166666666664 0.01318359375
0 0.3232421875 0.568603515625 0.138671875 0.02099609375
2 0.8600260416666666 0.593994140625 0.02734375 0.01708984375
0 0.6783854166666666 0.59228515625 0.08984375 0.0146484375
2 0.8629557291666666 0.669189453125 0.031901041666666664 0.01220703125
0 0.6962890625 0.6689453125 0.12955729166666666 0.0166015625
0 0.5888671875 0.668701171875 0.031901041666666664 0.01220703125
0 0.3268229166666667 0.6669921875 0.14583333333333334 0.021484375
2 0.8642578125 0.690185546875 0.030598958333333332 0.01220703125
0 0.6988932291666666 0.68896484375 0.13216145833333334 0.0205078125
2 0.8616536458333334 0.7119140625 0.029296875 0.013671875
0 0.6953125 0.713134765625 0.13020833333333334 0.01708984375
2 0.8616536458333334 0.73193359375 0.035807291666666664 0.0185546875
0 0.6966145833333334 0.735595703125 0.13932291666666666 0.01708984375
2 0.5872395833333334 0.731201171875 0.03515625 0.01220703125
0 0.353515625 0.732421875 0.21484375 0.0244140625
2 0.8639322916666666 0.752685546875 0.029947916666666668 0.01220703125
0 0.6715494791666666 0.753662109375 0.08138020833333333 0.01513671875
2 0.58203125 0.75390625 0.033854166666666664 0.013671875
0 0.2701822916666667 0.75537109375 0.05078125 0.0185546875
2 0.8616536458333334 0.77490234375 0.030598958333333332 0.013671875
0 0.666015625 0.77880859375 0.07161458333333333 0.0146484375
2 0.5856119791666666 0.799560546875 0.031901041666666664 0.01318359375
0 0.3704427083333333 0.801025390625 0.2513020833333333 0.02001953125
2 0.5852864583333334 0.822998046875 0.037760416666666664 0.01611328125
0 0.310546875 0.825927734375 0.13411458333333334 0.02392578125
2 0.5856119791666666 0.690185546875 0.037109375 0.01611328125
2 0.5882161458333334 0.667236328125 0.031901041666666664 0.01220703125
1 0.4404296875 0.36376953125 0.3548177083333333 0.0283203125
1 0.4384765625 0.382080078125 0.3561197916666667 0.02783203125
1 0.4361979166666667 0.403564453125 0.3580729166666667 0.02490234375
1 0.4339192708333333 0.444580078125 0.357421875 0.02587890625
1 0.431640625 0.42431640625 0.3567708333333333 0.0224609375
1 0.4309895833333333 0.467529296875 0.3606770833333333 0.02294921875
1 0.4296875 0.52294921875 0.3528645833333333 0.0224609375
1 0.4306640625 0.5478515625 0.3587239583333333 0.0224609375
1 0.4306640625 0.571044921875 0.3626302083333333 0.02587890625
1 0.4329427083333333 0.665283203125 0.3580729166666667 0.01904296875
1 0.427734375 0.688720703125 0.359375 0.02392578125
1 0.4274088541666667 0.730224609375 0.361328125 0.02392578125
1 0.4235026041666667 0.75537109375 0.3561197916666667 0.0185546875
1 0.4231770833333333 0.802001953125 0.3567708333333333 0.02099609375
1 0.4254557291666667 0.8232421875 0.3626302083333333 0.021484375
1 0.75390625 0.370849609375 0.24348958333333334 0.02001953125
1 0.7548828125 0.392578125 0.24283854166666666 0.0205078125
1 0.7545572916666666 0.413330078125 0.24088541666666666 0.02099609375
1 0.7548828125 0.433349609375 0.240234375 0.02294921875
1 0.7548828125 0.452880859375 0.248046875 0.02197265625
1 0.7522786458333334 0.474853515625 0.24283854166666666 0.02587890625
1 0.7584635416666666 0.5341796875 0.24609375 0.0185546875
1 0.7555338541666666 0.552734375 0.24153645833333334 0.017578125
1 0.75390625 0.573486328125 0.24348958333333334 0.01318359375
1 0.7578125 0.595947265625 0.24869791666666666 0.01611328125
1 0.7535807291666666 0.66748046875 0.248046875 0.0166015625
1 0.7552083333333334 0.68994140625 0.25390625 0.01953125
1 0.7552083333333334 0.712646484375 0.2526041666666667 0.01611328125
1 0.7561848958333334 0.73095703125 0.24934895833333334 0.0185546875
1 0.7565104166666666 0.755126953125 0.2513020833333333 0.01611328125
1 0.7555338541666666 0.776611328125 0.2532552083333333 0.02001953125
0 0.5126953125 0.363037109375 0.08268229166666667 0.01708984375
0 0.5139973958333334 0.386962890625 0.08268229166666667 0.01708984375
0 0.5068359375 0.449462890625 0.08268229166666667 0.01708984375
0 0.5113932291666666 0.427490234375 0.08268229166666667 0.01708984375
0 0.37890625 0.525390625 0.037760416666666664 0.017578125
0 0.33984375 0.524658203125 0.03515625 0.01904296875
0 0.4505208333333333 0.527587890625 0.09244791666666667 0.01904296875
0 0.2965494791666667 0.688232421875 0.10221354166666667 0.01708984375
