0 0.23470052083333334 0.3916015625 0.10221354166666667 0.0263671875
0 0.5192057291666666 0.397216796875 0.10872395833333333 0.02294921875
0 0.3821614583333333 0.392333984375 0.040364583333333336 0.02294921875
2 0.24055989583333334 0.41552734375 0.043619791666666664 0.021484375
2 0.38671875 0.416259765625 0.040364583333333336 0.02001953125
2 0.5247395833333334 0.417724609375 0.0390625 0.02001953125
2 0.654296875 0.419677734375 0.028645833333333332 0.01904296875
0 0.84765625 0.456298828125 0.24739583333333334 0.06494140625
0 0.24153645833333334 0.570556640625 0.10807291666666667 0.02001953125
0 0.5377604166666666 0.55908203125 0.18489583333333334 0.02734375
0 0.3899739583333333 0.563720703125 0.040364583333333336 0.01904296875
2 0.24381510416666666 0.59521484375 0.046223958333333336 0.0224609375
2 0.3870442708333333 0.588623046875 0.042317708333333336 0.02099609375
2 0.5377604166666666 0.583740234375 0.040364583333333336 0.02099609375
2 0.6774088541666666 0.578125 0.038411458333333336 0.021484375
0 0.6985677083333334 0.72802734375 0.09114583333333333 0.0263671875
0 0.5592447916666666 0.7373046875 0.05078125 0.0263671875
0 0.4088541666666667 0.75146484375 0.17708333333333334 0.037109375
0 0.24739583333333334 0.759765625 0.08072916666666667 0.0263671875
2 0.7014973958333334 0.755615234375 0.041015625 0.02392578125
2 0.5608723958333334 0.767333984375 0.043619791666666664 0.02392578125
2 0.4075520833333333 0.77978515625 0.045572916666666664 0.025390625
2 0.24772135416666666 0.791748046875 0.047526041666666664 0.02490234375
0 0.6435546875 0.39794921875 0.12174479166666667 0.0205078125
0 0.6722005208333334 0.55419921875 0.048828125 0.0224609375
1 0.23404947916666666 0.402099609375 0.10611979166666667 0.04638671875
1 0.3870442708333333 0.404541015625 0.054036458333333336 0.04736328125
1 0.5192057291666666 0.4072265625 0.107421875 0.041015625
1 0.6451822916666666 0.4091796875 0.125 0.0458984375
1 0.24055989583333334 0.58349609375 0.10872395833333333 0.0458984375
1 0.3876953125 0.57861328125 0.041015625 0.0478515625
1 0.5387369791666666 0.56982421875 0.185546875 0.048828125
1 0.6725260416666666 0.564208984375 0.053385416666666664 0.04833984375
1 0.2470703125 0.77587890625 0.080078125 0.0576171875
1 0.4091796875 0.763916015625 0.17643229166666666 0.06005859375
1 0.5602213541666666 0.752685546875 0.050130208333333336 0.05517578125
1 0.6956380208333334 0.7421875 0.10872395833333333 0.052734375
