0 0.19490131578947367 0.4130184331797235 0.07072368421052631 0.026497695852534562
0 0.5024671052631579 0.4130184331797235 0.12006578947368421 0.021889400921658985
0 0.7993421052631579 0.41359447004608296 0.16776315789473684 0.02534562211981567
2 0.19407894736842105 0.44930875576036866 0.14144736842105263 0.016129032258064516
2 0.49835526315789475 0.44873271889400923 0.14144736842105263 0.01728110599078341
2 0.8001644736842105 0.44930875576036866 0.14309210526315788 0.016129032258064516
0 0.8050986842105263 0.6555299539170507 0.24177631578947367 0.027649769585253458
0 0.5 0.6543778801843319 0.18092105263157895 0.020737327188940093
0 0.20148026315789475 0.658410138248848 0.11348684210526316 0.024193548387096774
2 0.4967105263157895 0.6918202764976958 0.14144736842105263 0.01728110599078341
2 0.8001644736842105 0.6918202764976958 0.07072368421052631 0.01728110599078341
2 0.19490131578947367 0.6935483870967742 0.07072368421052631 0.016129032258064516
0 0.36101973684210525 0.913594470046083 0.1069078947368421 0.018433179723502304
0 0.6710526315789473 0.9124423963133641 0.23355263157894737 0.02304147465437788
2 0.35855263157894735 0.9498847926267281 0.14144736842105263 0.01728110599078341
2 0.662828947368421 0.9493087557603687 0.14144736842105263 0.016129032258064516
1 0.20148026315789475 0.4302995391705069 0.15953947368421054 0.056451612903225805
1 0.5049342105263158 0.42914746543778803 0.1611842105263158 0.06105990783410138
1 0.7976973684210527 0.42684331797235026 0.17434210526315788 0.06105990783410138
1 0.20394736842105263 0.6756912442396313 0.12171052631578948 0.06566820276497695
1 0.5016447368421053 0.6722350230414746 0.17763157894736842 0.0587557603686636
1 0.8067434210526315 0.6722350230414746 0.2450657894736842 0.06797235023041474
1 0.3560855263157895 0.9285714285714286 0.16282894736842105 0.06221198156682028
1 0.6759868421052632 0.9297235023041475 0.24342105263157895 0.06221198156682028
