0 0.6561643835616439 0.2445054945054945 0.11506849315068493 0.02564102564102564
2 0.9356164383561644 0.24267399267399267 0.0547945205479452 0.016483516483516484
0 0.6746575342465754 0.2696886446886447 0.1547945205479452 0.026556776556776556
2 0.9356164383561644 0.2696886446886447 0.06027397260273973 0.019230769230769232
0 0.6719178082191781 0.29624542124542125 0.14383561643835616 0.019230769230769232
2 0.9356164383561644 0.29624542124542125 0.06027397260273973 0.019230769230769232
0 0.2410958904109589 0.3118131868131868 0.010958904109589041 0.010073260073260074
0 0.7164383561643836 0.3218864468864469 0.2328767123287671 0.019230769230769232
2 0.9356164383561644 0.3228021978021978 0.06027397260273973 0.0173992673992674
0 0.7109589041095891 0.3484432234432234 0.22465753424657534 0.026556776556776556
2 0.9356164383561644 0.3489010989010989 0.06027397260273973 0.018315018315018316
0 0.19041095890410958 0.4519230769230769 0.27945205479452057 0.022893772893772892
2 0.4006849315068493 0.44963369963369965 0.05342465753424658 0.016483516483516484
0 0.6643835616438356 0.4574175824175824 0.12876712328767123 0.022893772893772892
2 0.9335616438356165 0.4555860805860806 0.056164383561643834 0.0173992673992674
0 0.14383561643835616 0.47710622710622713 0.1863013698630137 0.02197802197802198
2 0.40205479452054793 0.47619047619047616 0.056164383561643834 0.018315018315018316
0 0.6952054794520548 0.4816849816849817 0.18767123287671234 0.023809523809523808
2 0.9335616438356165 0.4803113553113553 0.056164383561643834 0.0173992673992674
0 0.7068493150684931 0.5064102564102564 0.2136986301369863 0.023809523809523808
2 0.9321917808219178 0.5045787545787546 0.05342465753424658 0.016483516483516484
0 0.20684931506849316 0.61492673992674 0.3095890410958904 0.021062271062271064
2 0.4438356164383562 0.6117216117216118 0.0547945205479452 0.016483516483516484
0 0.6863013698630137 0.6176739926739927 0.1726027397260274 0.022893772893772892
2 0.9335616438356165 0.6158424908424909 0.056164383561643834 0.0173992673992674
0 0.13082191780821917 0.6387362637362637 0.16027397260273973 0.019230769230769232
2 0.44452054794520546 0.6378205128205128 0.056164383561643834 0.0173992673992674
0 0.7363013698630136 0.6410256410256411 0.27808219178082194 0.02564102564102564
0 0.13013698630136986 0.6639194139194139 0.15616438356164383 0.023809523809523808
2 0.44452054794520546 0.6625457875457875 0.056164383561643834 0.0173992673992674
0 0.6931506849315069 0.6671245421245421 0.1863013698630137 0.021062271062271064
0 0.934931506849315 0.6643772893772893 0.05342465753424658 0.0173992673992674
0 0.7280821917808219 0.6886446886446886 0.26164383561643834 0.020146520146520148
2 0.9335616438356165 0.6895604395604396 0.056164383561643834 0.016483516483516484
0 0.7232876712328767 0.7142857142857143 0.25205479452054796 0.023809523809523808
2 0.9335616438356165 0.7142857142857143 0.056164383561643834 0.016483516483516484
0 0.7082191780821918 0.7408424908424909 0.20273972602739726 0.02197802197802198
2 0.9335616438356165 0.7380952380952381 0.056164383561643834 0.018315018315018316
0 0.1821917808219178 0.8154761904761905 0.2547945205479452 0.019230769230769232
2 0.44452054794520546 0.815018315018315 0.056164383561643834 0.018315018315018316
0 0.17123287671232876 0.8406593406593407 0.2356164383561644 0.018315018315018316
2 0.44452054794520546 0.8411172161172161 0.056164383561643834 0.0173992673992674
0 0.16917808219178082 0.8658424908424909 0.23424657534246576 0.021062271062271064
2 0.44452054794520546 0.8658424908424909 0.056164383561643834 0.0173992673992674
0 0.17123287671232876 0.8910256410256411 0.2328767123287671 0.018315018315018316
2 0.4438356164383562 0.8882783882783882 0.049315068493150684 0.018315018315018316
0 0.21438356164383562 0.9166666666666666 0.32465753424657534 0.020146520146520148
2 0.4452054794520548 0.9120879120879121 0.052054794520547946 0.020146520146520148
2 0.9397260273972603 0.6405677655677655 0.052054794520547946 0.019230769230769232
1 0.7815068493150685 0.24175824175824176 0.37123287671232874 0.020146520146520148
1 0.7835616438356164 0.2692307692307692 0.37534246575342467 0.023809523809523808
1 0.7815068493150685 0.29716117216117216 0.37123287671232874 0.021062271062271064
1 0.7849315068493151 0.32142857142857145 0.36712328767123287 0.023809523809523808
1 0.7897260273972603 0.3475274725274725 0.3821917808219178 0.026556776556776556
1 0.7821917808219178 0.45604395604395603 0.3589041095890411 0.016483516483516484
1 0.7821917808219178 0.4803113553113553 0.3589041095890411 0.024725274725274724
1 0.7828767123287671 0.5064102564102564 0.37123287671232874 0.023809523809523808
1 0.7787671232876713 0.6163003663003663 0.37123287671232874 0.023809523809523808
1 0.7794520547945205 0.6405677655677655 0.36712328767123287 0.021062271062271064
1 0.7808219178082192 0.6662087912087912 0.3698630136986301 0.019230769230769232
1 0.7801369863013699 0.6886446886446886 0.36575342465753424 0.02197802197802198
1 0.7815068493150685 0.7147435897435898 0.363013698630137 0.022893772893772892
1 0.7801369863013699 0.7385531135531136 0.36575342465753424 0.022893772893772892
1 0.2650684931506849 0.614010989010989 0.426027397260274 0.022893772893772892
1 0.23972602739726026 0.4519230769230769 0.37534246575342467 0.021062271062271064
1 0.24246575342465754 0.4766483516483517 0.38082191780821917 0.021062271062271064
1 0.2623287671232877 0.6382783882783882 0.4232876712328767 0.023809523809523808
1 0.26095890410958905 0.6620879120879121 0.4178082191780822 0.02564102564102564
1 0.26438356164383564 0.8145604395604396 0.4191780821917808 0.021062271062271064
1 0.26301369863013696 0.8406593406593407 0.42191780821917807 0.020146520146520148
1 0.26301369863013696 0.8653846153846154 0.42191780821917807 0.02197802197802198
1 0.2623287671232877 0.8923992673992674 0.4232876712328767 0.021062271062271064
1 0.26438356164383564 0.9143772893772893 0.41643835616438357 0.021062271062271064
