0 0.6919166666666666 0.6545615589016829 0.0795 0.012400354295837024
2 0.7485 0.6536758193091231 0.010666666666666666 0.0141718334809566
0 0.5264166666666666 0.6606510186005314 0.07183333333333333 0.013950398582816652
2 0.7495833333333334 0.670947741364039 0.010166666666666666 0.013728963684676704
0 0.6835 0.6700620017714792 0.06266666666666666 0.012400354295837024
0 0.5455833333333333 0.6780336581045173 0.10983333333333334 0.013728963684676704
0 0.6945 0.6868910540301152 0.085 0.015057573073516387
0 0.5408333333333334 0.6934233835252436 0.10066666666666667 0.015279007971656332
0 0.6111666666666666 0.6935341009743136 0.009333333333333334 0.010628875110717449
0 0.68675 0.7021700620017715 0.06916666666666667 0.0141718334809566
0 0.5298333333333334 0.7099202834366696 0.07833333333333334 0.012400354295837024
0 0.6105 0.7090345438441098 0.010666666666666666 0.0141718334809566
0 0.6645833333333333 0.7185562444641276 0.024833333333333332 0.012400354295837024
0 0.5213333333333333 0.7255314437555359 0.06133333333333333 0.012178919397697077
2 0.6116666666666667 0.741585473870682 0.009 0.011957484499557131
0 0.5213333333333333 0.7411426040744021 0.06133333333333333 0.012400354295837024
0 0.5174166666666666 0.758414526129318 0.0535 0.012400354295837024
0 0.5204166666666666 0.775022143489814 0.0605 0.015057573073516387
0 0.6905833333333333 0.7855403011514615 0.1005 0.013507528786536759
0 0.5109166666666667 0.7895261293179805 0.0405 0.012178919397697077
0 0.686 0.8015943312666076 0.09133333333333334 0.012400354295837024
0 0.51675 0.8067980513728964 0.05216666666666667 0.012178919397697077
0 0.6605833333333333 0.8188662533215235 0.0405 0.012400354295837024
2 0.7491666666666666 0.8177590788308238 0.009333333333333334 0.010628875110717449
2 0.61025 0.6610938883968114 0.012833333333333334 0.013950398582816652
2 0.61125 0.6778122232063774 0.011833333333333333 0.013286093888396812
2 0.6098333333333333 0.7255314437555359 0.010333333333333333 0.014393268379096545
2 0.6110833333333333 0.7586359610274579 0.012833333333333334 0.013286093888396812
2 0.6105 0.7731399468556245 0.008333333333333333 0.014393268379096545
2 0.6113333333333333 0.7898582816651905 0.011666666666666667 0.013286093888396812
2 0.61125 0.8062444641275465 0.010833333333333334 0.011071744906997343
2 0.74975 0.8010407440212578 0.012166666666666666 0.012621789193976971
2 0.74975 0.7839902568644819 0.013833333333333333 0.013950398582816652
2 0.75 0.687223206377325 0.011 0.014393268379096545
2 0.7500833333333333 0.7017271922054916 0.010833333333333334 0.01550044286979628
2 0.7496666666666667 0.7191098317094774 0.01 0.012621789193976971
1 0.5523333333333333 0.6603188662533215 0.12533333333333332 0.01550044286979628
1 0.5539166666666666 0.6769264836138176 0.12783333333333333 0.01550044286979628
1 0.5534166666666667 0.6922054915854738 0.12583333333333332 0.013286093888396812
1 0.55375 0.70837023914969 0.1265 0.014614703277236492
1 0.5526666666666666 0.7256421612046059 0.12366666666666666 0.013286093888396812
1 0.5535 0.7408104517271922 0.127 0.012621789193976971
1 0.5544166666666667 0.758414526129318 0.12783333333333333 0.012843224092116917
1 0.5520833333333334 0.7742471213463242 0.12416666666666666 0.013507528786536759
1 0.5538333333333333 0.7893046944198405 0.12833333333333333 0.014393268379096545
1 0.5531666666666667 0.8063551815766165 0.12633333333333333 0.013507528786536759
1 0.7029166666666666 0.654118689105403 0.10183333333333333 0.012400354295837024
1 0.703 0.6690655447298495 0.10166666666666667 0.013507528786536759
1 0.70375 0.6862267493356953 0.1035 0.01550044286979628
1 0.7033333333333334 0.7017271922054916 0.10433333333333333 0.014614703277236492
1 0.7033333333333334 0.7203277236492471 0.10266666666666667 0.013728963684676704
1 0.6991666666666667 0.7858724534986714 0.11733333333333333 0.013286093888396812
1 0.6979166666666666 0.8024800708591674 0.11516666666666667 0.012400354295837024
1 0.6978333333333333 0.8173162090345438 0.115 0.01550044286979628
