0 0.7109375 0.08500345542501728 0.0634765625 0.02902557014512785
0 0.554443359375 0.08500345542501728 0.07861328125 0.0248790601243953
2 0.637451171875 0.09053213545266067 0.03173828125 0.013821700069108501
0 0.568115234375 0.14478230822391155 0.10595703125 0.029716655148583276
0 0.707763671875 0.14443676572218384 0.05712890625 0.0221147201105736
0 0.543701171875 0.19799585348997928 0.05712890625 0.021423635107118175
0 0.560791015625 0.2563925362819627 0.09130859375 0.0248790601243953
0 0.705322265625 0.25673807878369037 0.05224609375 0.021423635107118175
0 0.537353515625 0.31375259156876295 0.04443359375 0.0248790601243953
0 0.708740234375 0.36109191430545956 0.06201171875 0.026952315134761574
0 0.5341796875 0.36247408431237044 0.0380859375 0.022805805114029024
0 0.209716796875 0.3818244644091223 0.04345703125 0.028334485141672427
0 0.417724609375 0.3818244644091223 0.07080078125 0.028334485141672427
0 0.554931640625 0.412232204561161 0.08056640625 0.026952315134761574
0 0.211669921875 0.45162404975812026 0.04736328125 0.028334485141672427
0 0.420166015625 0.45162404975812026 0.07568359375 0.028334485141672427
0 0.53857421875 0.4647546648237733 0.0498046875 0.024187975120939877
0 0.22021484375 0.5200414651002073 0.0654296875 0.031098825155494125
0 0.426025390625 0.5200414651002073 0.08544921875 0.028334485141672427
0 0.709228515625 0.5387007601935038 0.06298828125 0.025570145127850726
0 0.84912109375 0.5383552176917761 0.0693359375 0.0248790601243953
0 0.2080078125 0.5908776779543884 0.041015625 0.03178991015894955
0 0.420654296875 0.5946786454733932 0.07470703125 0.026952315134761574
0 0.7119140625 0.5950241879751209 0.0693359375 0.02626123013130615
0 0.835693359375 0.5957152729785764 0.04248046875 0.0248790601243953
2 0.773193359375 0.5977885279889427 0.03271484375 0.02073255010366275
0 0.7060546875 0.6499654457498272 0.056640625 0.024187975120939877
0 0.836181640625 0.6520387007601935 0.04345703125 0.022805805114029024
0 0.236572265625 0.6582584657912923 0.09716796875 0.028334485141672427
0 0.40966796875 0.6596406357982032 0.0546875 0.033863165169315826
0 0.8447265625 0.7097442985487215 0.060546875 0.0248790601243953
0 0.692626953125 0.7125086385625432 0.03466796875 0.023496890117484452
0 0.414306640625 0.7170006910850034 0.06201171875 0.028334485141672427
0 0.260498046875 0.7201105736005529 0.14501953125 0.0304077401520387
0 0.72265625 0.7664132688320664 0.08984375 0.0248790601243953
0 0.82470703125 0.7657221838286109 0.0205078125 0.02626123013130615
0 0.2177734375 0.7819626814098134 0.0537109375 0.028334485141672427
0 0.427490234375 0.7819626814098134 0.09033203125 0.028334485141672427
0 0.689208984375 0.8144436765722184 0.02294921875 0.024187975120939877
0 0.853759765625 0.813752591568763 0.07861328125 0.022805805114029024
0 0.209716796875 0.8434692467173462 0.04345703125 0.029716655148583276
0 0.42041015625 0.8441603317208016 0.076171875 0.028334485141672427
2 0.640380859375 0.14720110573600553 0.03173828125 0.013821700069108501
1 0.73388671875 0.6043538355217691 0.11328125 0.04906703524533518
0 0.70654296875 0.651347615756738 0.0576171875 0.026952315134761574
1 0.58447265625 0.08465791292328956 0.14453125 0.035245335176226675
1 0.58544921875 0.14270905321354527 0.14453125 0.03248099516240498
