2 0.8330860534124629 0.2041015625 0.15281899109792285 0.021484375
0 0.5960682492581603 0.205810546875 0.14910979228486648 0.02001953125
0 0.14020771513353117 0.208251953125 0.1572700296735905 0.02685546875
2 0.4068991097922849 0.2080078125 0.10311572700296735 0.0185546875
0 0.1261127596439169 0.238037109375 0.12759643916913946 0.02392578125
2 0.4128338278931751 0.235107421875 0.10756676557863501 0.02001953125
2 0.8401335311572701 0.24169921875 0.16691394658753708 0.021484375
0 0.6016320474777448 0.2451171875 0.16172106824925817 0.021484375
0 0.1190652818991098 0.263916015625 0.11795252225519288 0.01904296875
2 0.41097922848664686 0.263916015625 0.11127596439169139 0.01904296875
2 0.8323442136498517 0.2822265625 0.1513353115727003 0.021484375
0 0.581973293768546 0.287109375 0.12240356083086053 0.025390625
0 0.09310089020771513 0.29248046875 0.06602373887240356 0.0185546875
2 0.41060830860534125 0.29248046875 0.10756676557863501 0.0185546875
0 0.11313056379821959 0.3212890625 0.10905044510385757 0.0185546875
2 0.41172106824925814 0.3212890625 0.10979228486646884 0.0185546875
2 0.8379080118694362 0.322509765625 0.16246290801186944 0.02099609375
0 0.5879080118694362 0.32763671875 0.13427299703264095 0.025390625
0 0.11498516320474778 0.349365234375 0.1172106824925816 0.02001953125
2 0.41097922848664686 0.349853515625 0.11127596439169139 0.01904296875
2 0.8341988130563798 0.36279296875 0.15059347181008903 0.021484375
0 0.612759643916914 0.367431640625 0.1884272997032641 0.02294921875
2 0.8364243323442137 0.4033203125 0.15504451038575667 0.021484375
0 0.5867952522255193 0.406982421875 0.13353115727002968 0.02685546875
2 0.2548219584569733 0.42529296875 0.14317507418397626 0.021484375
2 0.8431008902077152 0.4443359375 0.16839762611275966 0.0224609375
0 0.5830860534124629 0.44677734375 0.12462908011869436 0.0224609375
0 0.14094955489614244 0.453857421875 0.17655786350148367 0.02392578125
2 0.8438427299703264 0.4853515625 0.16691394658753708 0.021484375
0 0.13649851632047477 0.489013671875 0.16913946587537093 0.02392578125
0 0.5838278931750742 0.486328125 0.12166172106824925 0.0185546875
0 0.14169139465875372 0.527099609375 0.1824925816023739 0.02392578125
2 0.8397626112759644 0.525390625 0.15281899109792285 0.0224609375
0 0.5701038575667656 0.5283203125 0.09421364985163205 0.0185546875
0 0.16691394658753708 0.5634765625 0.2403560830860534 0.0302734375
0 0.6309347181008902 0.5703125 0.2158753709198813 0.0263671875
0 0.11795252225519288 0.600341796875 0.14094955489614244 0.02587890625
0 0.6327893175074184 0.611083984375 0.2195845697329377 0.02685546875
0 0.11869436201780416 0.63818359375 0.14985163204747776 0.025390625
2 0.8579376854599406 0.65234375 0.19213649851632048 0.0283203125
0 0.6064540059347181 0.656005859375 0.16691394658753708 0.02392578125
0 0.09013353115727003 0.673828125 0.09866468842729971 0.0283203125
2 0.40875370919881304 0.776123046875 0.11572700296735905 0.02001953125
0 0.10608308605341246 0.779052734375 0.12759643916913946 0.02001953125
2 0.40875370919881304 0.8173828125 0.11572700296735905 0.021484375
0 0.10905044510385757 0.81982421875 0.14094955489614244 0.0302734375
2 0.40986646884273 0.858154296875 0.11795252225519288 0.02001953125
0 0.10459940652818991 0.860107421875 0.14094955489614244 0.03076171875
2 0.4068991097922849 0.89990234375 0.11943620178041543 0.021484375
0 0.12314540059347182 0.90087890625 0.17062314540059348 0.029296875
2 0.4091246290801187 0.939697265625 0.11943620178041543 0.02099609375
0 0.1346439169139466 0.941162109375 0.20252225519287834 0.03173828125
2 0.8557121661721068 0.57080078125 0.18768545994065283 0.0263671875
2 0.8571958456973294 0.609130859375 0.17878338278931752 0.02294921875
1 0.25927299703264095 0.2080078125 0.39688427299703266 0.0302734375
1 0.26520771513353114 0.23583984375 0.40578635014836795 0.0234375
1 0.2626112759643917 0.262939453125 0.41097922848664686 0.02197265625
1 0.26409495548961426 0.2919921875 0.40801186943620177 0.021484375
1 0.26149851632047477 0.32275390625 0.4102373887240356 0.0224609375
1 0.26409495548961426 0.35009765625 0.413946587537092 0.025390625
1 0.1836053412462908 0.55029296875 0.28560830860534125 0.279296875
1 0.7155044510385756 0.20556640625 0.39243323442136496 0.0205078125
1 0.7206973293768546 0.242919921875 0.4013353115727003 0.02197265625
1 0.7143916913946587 0.286865234375 0.39020771513353114 0.02783203125
1 0.7206973293768546 0.32666015625 0.4013353115727003 0.029296875
1 0.712166172106825 0.368408203125 0.3887240356083086 0.02880859375
1 0.7173590504451038 0.406494140625 0.3961424332344214 0.02880859375
1 0.724406528189911 0.44775390625 0.40875370919881304 0.02734375
1 0.7270029673590505 0.48779296875 0.40801186943620177 0.0224609375
1 0.7184718100890207 0.52685546875 0.38946587537091987 0.0244140625
1 0.7351632047477745 0.5703125 0.4287833827893175 0.0283203125
1 0.7366468842729971 0.609375 0.4258160237388724 0.025390625
1 0.7399851632047477 0.65283203125 0.43249258160237386 0.0234375
1 0.25667655786350146 0.780029296875 0.42433234421364985 0.02197265625
1 0.25370919881305637 0.821044921875 0.4258160237388724 0.03076171875
1 0.25111275964391694 0.861572265625 0.43397626112759646 0.02978515625
1 0.24962908011869436 0.90234375 0.4310089020771513 0.0263671875
1 0.2518545994065282 0.94287109375 0.43249258160237386 0.029296875
