0 0.24752475247524752 0.05625 0.0627062706270627 0.009722222222222222
2 0.3927392739273927 0.05486111111111111 0.0462046204620462 0.009722222222222222
0 0.25495049504950495 0.07118055555555555 0.0858085808580858 0.010416666666666666
2 0.3886138613861386 0.07083333333333333 0.0462046204620462 0.009722222222222222
0 0.24174917491749176 0.0875 0.054455445544554455 0.009722222222222222
2 0.39026402640264024 0.08680555555555555 0.0462046204620462 0.011111111111111112
0 0.24752475247524752 0.10138888888888889 0.06930693069306931 0.011111111111111112
2 0.38778877887788776 0.10277777777777777 0.04785478547854786 0.011111111111111112
0 0.25123762376237624 0.11736111111111111 0.08168316831683169 0.015277777777777777
2 0.38613861386138615 0.11736111111111111 0.0462046204620462 0.011111111111111112
0 0.23556105610561057 0.13333333333333333 0.05198019801980198 0.011111111111111112
2 0.3882013201320132 0.13402777777777777 0.04867986798679868 0.0125
0 0.5639438943894389 0.15034722222222222 0.10643564356435643 0.01597222222222222
2 0.735973597359736 0.14756944444444445 0.0594059405940594 0.013194444444444444
0 0.7495874587458746 0.2420138888888889 0.07508250825082509 0.011805555555555555
2 0.9228547854785478 0.24166666666666667 0.05693069306930693 0.0125
0 0.761963696369637 0.2625 0.10313531353135313 0.0125
2 0.9253300330033003 0.26319444444444445 0.05693069306930693 0.0125
0 0.7425742574257426 0.28402777777777777 0.06435643564356436 0.0125
2 0.9228547854785478 0.2829861111111111 0.05528052805280528 0.013194444444444444
0 0.4344059405940594 0.30277777777777776 0.08663366336633663 0.016666666666666666
2 0.5816831683168316 0.30486111111111114 0.054455445544554455 0.015277777777777777
0 0.7495874587458746 0.303125 0.08168316831683169 0.013194444444444444
2 0.9220297029702971 0.30451388888888886 0.05693069306930693 0.013194444444444444
0 0.43234323432343236 0.3194444444444444 0.08085808580858085 0.0125
2 0.58003300330033 0.3215277777777778 0.054455445544554455 0.015277777777777777
0 0.7586633663366337 0.32743055555555556 0.09653465346534654 0.01597222222222222
2 0.9245049504950495 0.32395833333333335 0.05693069306930693 0.013194444444444444
0 0.4298679867986799 0.33611111111111114 0.07425742574257425 0.016666666666666666
2 0.58003300330033 0.33784722222222224 0.054455445544554455 0.013194444444444444
0 0.09653465346534654 0.3506944444444444 0.07095709570957096 0.015277777777777777
0 0.7400990099009901 0.3472222222222222 0.0627062706270627 0.013888888888888888
2 0.2784653465346535 0.35347222222222224 0.05528052805280528 0.013888888888888888
2 0.9212046204620462 0.3472222222222222 0.05693069306930693 0.013888888888888888
0 0.09818481848184818 0.371875 0.07095709570957096 0.01597222222222222
2 0.27764026402640263 0.3746527777777778 0.05363036303630363 0.013194444444444444
0 0.884075907590759 0.37916666666666665 0.04372937293729373 0.009722222222222222
0 0.11674917491749175 0.3909722222222222 0.11138613861386139 0.013888888888888888
2 0.2784653465346535 0.3909722222222222 0.05528052805280528 0.013888888888888888
0 0.40016501650165015 0.38993055555555556 0.0594059405940594 0.013194444444444444
2 0.6134488448844885 0.39305555555555555 0.05693069306930693 0.0125
0 0.11097359735973597 0.41180555555555554 0.10148514851485149 0.013888888888888888
0 0.42161716171617164 0.40729166666666666 0.10396039603960396 0.01597222222222222
2 0.27764026402640263 0.4125 0.05363036303630363 0.013888888888888888
2 0.6126237623762376 0.4097222222222222 0.05528052805280528 0.013888888888888888
0 0.4141914191419142 0.4232638888888889 0.08745874587458746 0.014583333333333334
0 0.09570957095709572 0.4326388888888889 0.06765676567656766 0.013888888888888888
2 0.2801155115511551 0.43125 0.05363036303630363 0.013888888888888888
2 0.610973597359736 0.4270833333333333 0.05363036303630363 0.0125
0 0.7297854785478548 0.43819444444444444 0.05528052805280528 0.018055555555555554
0 0.3943894389438944 0.43993055555555555 0.052805280528052806 0.01597222222222222
2 0.9228547854785478 0.43472222222222223 0.05528052805280528 0.015277777777777777
2 0.610973597359736 0.44340277777777776 0.05528052805280528 0.013194444444444444
0 0.13077557755775576 0.45069444444444445 0.13613861386138615 0.016666666666666666
2 0.27764026402640263 0.45208333333333334 0.05528052805280528 0.013888888888888888
0 0.7256600660066007 0.45381944444444444 0.04537953795379538 0.013194444444444444
0 0.42326732673267325 0.45694444444444443 0.10891089108910891 0.015277777777777777
2 0.9220297029702971 0.4534722222222222 0.05528052805280528 0.015277777777777777
2 0.610973597359736 0.46041666666666664 0.05528052805280528 0.013888888888888888
0 0.14645214521452146 0.4701388888888889 0.16584158415841585 0.019444444444444445
2 0.275990099009901 0.47152777777777777 0.05528052805280528 0.013888888888888888
0 0.7186468646864687 0.4701388888888889 0.034653465346534656 0.015277777777777777
0 0.4282178217821782 0.4739583333333333 0.12046204620462046 0.01597222222222222
2 0.9203795379537953 0.46979166666666666 0.05528052805280528 0.014583333333333334
2 0.610973597359736 0.47708333333333336 0.05528052805280528 0.013888888888888888
0 0.12293729372937294 0.48715277777777777 0.12046204620462046 0.017361111111111112
2 0.2784653465346535 0.4909722222222222 0.05528052805280528 0.013888888888888888
0 0.7285478547854786 0.4878472222222222 0.057755775577557754 0.017361111111111112
0 0.429042904290429 0.4909722222222222 0.12211221122112212 0.015277777777777777
2 0.9245049504950495 0.48680555555555555 0.05528052805280528 0.013888888888888888
2 0.610973597359736 0.49409722222222224 0.05528052805280528 0.013194444444444444
0 0.7363861386138614 0.5045138888888889 0.07178217821782178 0.014583333333333334
0 0.43234323432343236 0.5069444444444444 0.13036303630363036 0.013888888888888888
2 0.9220297029702971 0.5020833333333333 0.05693069306930693 0.013888888888888888
2 0.6093234323432343 0.5097222222222222 0.05693069306930693 0.0125
0 0.7681518151815182 0.5173611111111112 0.12871287128712872 0.016666666666666666
0 0.46782178217821785 0.5243055555555556 0.20297029702970298 0.018055555555555554
2 0.9212046204620462 0.51875 0.05528052805280528 0.013888888888888888
2 0.6101485148514851 0.5270833333333333 0.05363036303630363 0.0125
0 0.7413366336633663 0.5350694444444445 0.07838283828382839 0.013194444444444444
2 0.9212046204620462 0.5368055555555555 0.05528052805280528 0.015277777777777777
0 0.11427392739273927 0.5440972222222222 0.08663366336633663 0.01597222222222222
2 0.24834983498349836 0.5472222222222223 0.052805280528052806 0.013888888888888888
0 0.7339108910891089 0.5541666666666667 0.06848184818481848 0.013888888888888888
2 0.9179042904290429 0.5538194444444444 0.05528052805280528 0.013194444444444444
0 0.11551155115511551 0.5652777777777778 0.08745874587458746 0.013888888888888888
2 0.24917491749174916 0.5666666666666667 0.054455445544554455 0.013888888888888888
0 0.7256600660066007 0.5697916666666667 0.05198019801980198 0.01597222222222222
2 0.9195544554455446 0.5680555555555555 0.05528052805280528 0.013888888888888888
0 0.46328382838283827 0.5840277777777778 0.09158415841584158 0.018055555555555554
2 0.6295379537953796 0.5854166666666667 0.054455445544554455 0.013888888888888888
0 0.7541254125412541 0.5871527777777777 0.10891089108910891 0.01597222222222222
2 0.9212046204620462 0.5850694444444444 0.05528052805280528 0.014583333333333334
0 0.08374587458745875 0.6048611111111111 0.06518151815181518 0.013888888888888888
0 0.4570957095709571 0.6010416666666667 0.08250825082508251 0.01597222222222222
2 0.6295379537953796 0.6027777777777777 0.054455445544554455 0.015277777777777777
0 0.7384488448844885 0.6045138888888889 0.07920792079207921 0.014583333333333334
2 0.9195544554455446 0.6020833333333333 0.05363036303630363 0.015277777777777777
0 0.08292079207920793 0.6215277777777778 0.06518151815181518 0.013888888888888888
2 0.3353960396039604 0.6027777777777777 0.05198019801980198 0.015277777777777777
0 0.4603960396039604 0.6190972222222222 0.08745874587458746 0.013194444444444444
0 0.7454620462046204 0.6201388888888889 0.09323432343234324 0.018055555555555554
2 0.6295379537953796 0.6204861111111111 0.056105610561056105 0.013194444444444444
2 0.9207920792079208 0.6201388888888889 0.054455445544554455 0.015277777777777777
0 0.1216996699669967 0.634375 0.13943894389438943 0.017361111111111112
2 0.33457095709570955 0.6354166666666666 0.05363036303630363 0.013888888888888888
0 0.7372112211221122 0.6364583333333333 0.08003300330033003 0.01875
0 0.45585808580858084 0.6361111111111111 0.07838283828382839 0.015277777777777777
2 0.6283003300330033 0.6381944444444444 0.05528052805280528 0.013888888888888888
2 0.91996699669967 0.6357638888888889 0.054455445544554455 0.013194444444444444
0 0.10643564356435643 0.6513888888888889 0.11386138613861387 0.013888888888888888
2 0.33374587458745875 0.6493055555555556 0.05363036303630363 0.015277777777777777
0 0.7264851485148515 0.6527777777777778 0.05693069306930693 0.013888888888888888
0 0.46204620462046203 0.6548611111111111 0.07920792079207921 0.013888888888888888
2 0.6283003300330033 0.6569444444444444 0.05528052805280528 0.013888888888888888
2 0.9220297029702971 0.6534722222222222 0.05033003300330033 0.013888888888888888
0 0.10561056105610561 0.6690972222222222 0.10891089108910891 0.01597222222222222
2 0.3353960396039604 0.6673611111111111 0.05528052805280528 0.013888888888888888
0 0.7264851485148515 0.66875 0.05693069306930693 0.015277777777777777
0 0.48267326732673266 0.6725694444444444 0.1353135313531353 0.013194444444444444
2 0.9195544554455446 0.6690972222222222 0.05198019801980198 0.014583333333333334
2 0.6283003300330033 0.675 0.05528052805280528 0.013888888888888888
2 0.33457095709570955 0.6822916666666666 0.05363036303630363 0.013194444444444444
0 0.7574257425742574 0.684375 0.12046204620462046 0.014583333333333334
0 0.46493399339933994 0.6902777777777778 0.09818481848184818 0.013888888888888888
2 0.9170792079207921 0.6840277777777778 0.05198019801980198 0.013888888888888888
2 0.6274752475247525 0.6934027777777778 0.05858085808580858 0.01875
0 0.19389438943894388 0.7229166666666667 0.04455445544554455 0.013888888888888888
2 0.3857260726072607 0.7208333333333333 0.05363036303630363 0.0125
0 0.5771452145214522 0.7232638888888889 0.12953795379537955 0.01597222222222222
2 0.7739273927392739 0.7222222222222222 0.06930693069306931 0.0125
2 0.07962046204620463 0.7326388888888888 0.05363036303630363 0.0125
0 0.18688118811881188 0.740625 0.03217821782178218 0.014583333333333334
2 0.3857260726072607 0.7364583333333333 0.05363036303630363 0.013194444444444444
2 0.08085808580858085 0.7524305555555556 0.054455445544554455 0.014583333333333334
0 0.5573432343234324 0.7496527777777777 0.08663366336633663 0.02013888888888889
2 0.7698019801980198 0.7489583333333333 0.06105610561056106 0.01875
0 0.19595709570957096 0.7597222222222222 0.05528052805280528 0.015277777777777777
2 0.3873762376237624 0.7548611111111111 0.05363036303630363 0.015277777777777777
2 0.07920792079207921 0.7680555555555556 0.054455445544554455 0.013888888888888888
2 0.38325082508250824 0.7743055555555556 0.05528052805280528 0.015277777777777777
0 0.2037953795379538 0.775 0.06930693069306931 0.0125
2 0.07755775577557755 0.7868055555555555 0.054455445544554455 0.013888888888888888
2 0.3840759075907591 0.7899305555555556 0.05528052805280528 0.013194444444444444
0 0.2306105610561056 0.7909722222222222 0.12623762376237624 0.0125
2 0.07962046204620463 0.8038194444444444 0.05528052805280528 0.013194444444444444
0 0.20503300330033003 0.80625 0.07508250825082509 0.016666666666666666
2 0.3849009900990099 0.8076388888888889 0.05528052805280528 0.015277777777777777
2 0.3865511551155115 0.825 0.05528052805280528 0.015277777777777777
0 0.19843234323432343 0.8263888888888888 0.06683168316831684 0.013888888888888888
0 0.18935643564356436 0.8434027777777777 0.05198019801980198 0.01597222222222222
2 0.3840759075907591 0.8427083333333333 0.05528052805280528 0.013194444444444444
0 0.21782178217821782 0.8618055555555556 0.10891089108910891 0.015277777777777777
2 0.3849009900990099 0.8576388888888888 0.05528052805280528 0.015277777777777777
2 0.0924092409240924 0.8642361111111111 0.056105610561056105 0.014583333333333334
2 0.38325082508250824 0.8756944444444444 0.05528052805280528 0.015277777777777777
2 0.09323432343234324 0.8819444444444444 0.054455445544554455 0.015277777777777777
0 0.20255775577557755 0.88125 0.07838283828382839 0.0125
0 0.20833333333333334 0.8986111111111111 0.09323432343234324 0.015277777777777777
2 0.37912541254125415 0.8972222222222223 0.05528052805280528 0.015277777777777777
2 0.09364686468646864 0.9041666666666667 0.05528052805280528 0.015277777777777777
0 0.19843234323432343 0.915625 0.07838283828382839 0.01597222222222222
2 0.3816006600660066 0.9149305555555556 0.05528052805280528 0.014583333333333334
2 0.09034653465346534 0.9222222222222223 0.05528052805280528 0.015277777777777777
0 0.18853135313531352 0.9340277777777778 0.05693069306930693 0.015277777777777777
2 0.38283828382838286 0.9347222222222222 0.052805280528052806 0.015277777777777777
2 0.08952145214521452 0.94375 0.05693069306930693 0.015277777777777777
0 0.1901815181518152 0.9520833333333333 0.05858085808580858 0.018055555555555554
2 0.3811881188118812 0.9520833333333333 0.052805280528052806 0.015277777777777777
2 0.08952145214521452 0.9659722222222222 0.05693069306930693 0.015277777777777777
0 0.21782178217821782 0.9722222222222222 0.1188118811881188 0.016666666666666666
2 0.3844884488448845 0.9715277777777778 0.052805280528052806 0.015277777777777777
2 0.08993399339933994 0.9833333333333333 0.056105610561056105 0.015277777777777777
2 0.09942244224422442 0.10347222222222222 0.04702970297029703 0.011111111111111112
2 0.09942244224422442 0.11493055555555555 0.04867986798679868 0.014583333333333334
2 0.09818481848184818 0.128125 0.0462046204620462 0.010416666666666666
0 0.0985973597359736 0.6840277777777778 0.10313531353135313 0.013888888888888888
2 0.3378712871287129 0.6208333333333333 0.05198019801980198 0.0125
1 0.3164191419141914 0.05625 0.2037953795379538 0.011111111111111112
1 0.31064356435643564 0.07013888888888889 0.2037953795379538 0.015277777777777777
1 0.31435643564356436 0.08541666666666667 0.19801980198019803 0.013888888888888888
1 0.31146864686468645 0.10104166666666667 0.20214521452145215 0.014583333333333334
1 0.3102310231023102 0.11458333333333333 0.19801980198019803 0.018055555555555554
1 0.3102310231023102 0.1329861111111111 0.20132013201320131 0.014583333333333334
1 0.6386138613861386 0.1486111111111111 0.2623762376237624 0.020833333333333332
1 0.18275577557755776 0.35138888888888886 0.2466996699669967 0.020833333333333332
1 0.1844059405940594 0.37256944444444445 0.2433993399339934 0.01875
1 0.18523102310231024 0.39305555555555555 0.24174917491749176 0.015277777777777777
1 0.18316831683168316 0.4111111111111111 0.24587458745874588 0.016666666666666666
1 0.18564356435643564 0.4322916666666667 0.24752475247524752 0.014583333333333334
1 0.183993399339934 0.4527777777777778 0.23927392739273928 0.018055555555555554
1 0.18646864686468648 0.46875 0.24257425742574257 0.020833333333333332
1 0.1844059405940594 0.48993055555555554 0.2433993399339934 0.017361111111111112
1 0.17285478547854785 0.5458333333333333 0.2037953795379538 0.020833333333333332
1 0.1745049504950495 0.5649305555555556 0.2037953795379538 0.014583333333333334
1 0.20585808580858087 0.6045138888888889 0.31600660066006603 0.011805555555555555
1 0.20627062706270627 0.6201388888888889 0.31353135313531355 0.013888888888888888
1 0.20585808580858087 0.6354166666666666 0.3094059405940594 0.016666666666666666
1 0.2037953795379538 0.6513888888888889 0.31518151815181517 0.018055555555555554
1 0.2075082508250825 0.6684027777777778 0.3094059405940594 0.017361111111111112
1 0.20833333333333334 0.6854166666666667 0.31435643564356436 0.016666666666666666
1 0.2933168316831683 0.7229166666666667 0.24174917491749176 0.0125
1 0.29207920792079206 0.7420138888888889 0.24257425742574257 0.014583333333333334
1 0.29042904290429045 0.7576388888888889 0.24422442244224424 0.018055555555555554
1 0.29125412541254125 0.7743055555555556 0.24422442244224424 0.016666666666666666
1 0.2887788778877888 0.7916666666666666 0.24422442244224424 0.0125
1 0.2887788778877888 0.8059027777777777 0.24587458745874588 0.017361111111111112
1 0.28836633663366334 0.8246527777777778 0.25 0.01875
1 0.2891914191419142 0.84375 0.2466996699669967 0.016666666666666666
1 0.2887788778877888 0.8611111111111112 0.24917491749174916 0.013888888888888888
1 0.2863036303630363 0.8802083333333334 0.24917491749174916 0.013194444444444444
1 0.28506600660066006 0.8979166666666667 0.2466996699669967 0.013888888888888888
1 0.2863036303630363 0.9152777777777777 0.2508250825082508 0.016666666666666666
1 0.2854785478547855 0.9333333333333333 0.24917491749174916 0.018055555555555554
1 0.28217821782178215 0.9510416666666667 0.24257425742574257 0.01875
1 0.28465346534653463 0.9701388888888889 0.24917491749174916 0.018055555555555554
1 0.6608910891089109 0.7229166666666667 0.297029702970297 0.0125
1 0.658003300330033 0.7510416666666667 0.2896039603960396 0.02013888888888889
1 0.49834983498349833 0.30277777777777776 0.22112211221122113 0.018055555555555554
1 0.4991749174917492 0.3215277777777778 0.21617161716171618 0.018055555555555554
1 0.49834983498349833 0.3375 0.21617161716171618 0.016666666666666666
1 0.5066006600660066 0.3923611111111111 0.2739273927392739 0.016666666666666666
1 0.5037128712871287 0.4079861111111111 0.2731023102310231 0.014583333333333334
1 0.504950495049505 0.4253472222222222 0.2739273927392739 0.017361111111111112
1 0.5045379537953796 0.4423611111111111 0.27145214521452143 0.018055555555555554
1 0.504950495049505 0.45902777777777776 0.2706270627062706 0.015277777777777777
1 0.5041254125412541 0.4739583333333333 0.26897689768976896 0.017361111111111112
1 0.5045379537953796 0.49236111111111114 0.27145214521452143 0.019444444444444445
1 0.5041254125412541 0.5079861111111111 0.2706270627062706 0.014583333333333334
1 0.5020627062706271 0.5256944444444445 0.2698019801980198 0.016666666666666666
1 0.5358910891089109 0.5836805555555555 0.2433993399339934 0.01875
1 0.5367161716171617 0.6013888888888889 0.24504950495049505 0.019444444444444445
1 0.5367161716171617 0.6208333333333333 0.2433993399339934 0.015277777777777777
1 0.5371287128712872 0.6371527777777778 0.24257425742574257 0.01875
1 0.540016501650165 0.65625 0.24174917491749176 0.015277777777777777
1 0.5375412541254125 0.6739583333333333 0.2466996699669967 0.017361111111111112
1 0.540016501650165 0.6934027777777778 0.2400990099009901 0.017361111111111112
1 0.8316831683168316 0.24131944444444445 0.24257425742574257 0.013194444444444444
1 0.8316831683168316 0.2621527777777778 0.24257425742574257 0.01597222222222222
1 0.8325082508250825 0.28541666666666665 0.24257425742574257 0.016666666666666666
1 0.8279702970297029 0.30277777777777776 0.2433993399339934 0.013888888888888888
1 0.8325082508250825 0.3246527777777778 0.2508250825082508 0.01597222222222222
1 0.8312706270627063 0.34756944444444443 0.24174917491749176 0.02013888888888889
1 0.8271452145214522 0.43680555555555556 0.24504950495049505 0.015277777777777777
1 0.8238448844884488 0.4534722222222222 0.24834983498349836 0.013888888888888888
1 0.8246699669966997 0.4701388888888889 0.2466996699669967 0.015277777777777777
1 0.8267326732673267 0.4864583333333333 0.2508250825082508 0.02013888888888889
1 0.8263201320132013 0.5020833333333333 0.25495049504950495 0.015277777777777777
1 0.8287953795379538 0.5166666666666667 0.25 0.018055555555555554
1 0.8259075907590759 0.5347222222222222 0.24422442244224424 0.018055555555555554
1 0.823019801980198 0.5541666666666667 0.24834983498349836 0.013888888888888888
1 0.8254950495049505 0.5690972222222223 0.2466996699669967 0.01597222222222222
1 0.8250825082508251 0.5868055555555556 0.24917491749174916 0.016666666666666666
1 0.8246699669966997 0.6020833333333333 0.25 0.013888888888888888
1 0.8250825082508251 0.6163194444444444 0.25577557755775576 0.01597222222222222
1 0.8238448844884488 0.6354166666666666 0.25495049504950495 0.013888888888888888
1 0.8226072607260726 0.6527777777777778 0.24752475247524752 0.013888888888888888
1 0.8242574257425742 0.6680555555555555 0.24752475247524752 0.016666666666666666
1 0.8197194719471947 0.6840277777777778 0.25165016501650167 0.016666666666666666
