0 0.7079062957540263 0.06705729166666667 0.05856515373352855 0.01953125
2 0.8125915080527086 0.06640625 0.01903367496339678 0.020833333333333332
0 0.7005856515373353 0.08854166666666667 0.0424597364568082 0.018229166666666668
2 0.8114934114202049 0.08658854166666667 0.015373352855051245 0.01953125
0 0.7335285505124451 0.10286458333333333 0.10834553440702782 0.020833333333333332
0 0.6994875549048316 0.12174479166666667 0.04026354319180088 0.016927083333333332
2 0.8210102489019033 0.12174479166666667 0.06076134699853587 0.022135416666666668
0 0.7316983894582724 0.140625 0.1061493411420205 0.0234375
2 0.2822108345534407 0.16145833333333334 0.022693997071742314 0.018229166666666668
0 0.7251098096632503 0.15755208333333334 0.09004392386530015 0.020833333333333332
0 0.18191800878477307 0.16276041666666666 0.0636896046852123 0.018229166666666668
2 0.8210102489019033 0.138671875 0.05929721815519766 0.016927083333333332
0 0.1808199121522694 0.17903645833333334 0.06149341142020498 0.01953125
2 0.2822108345534407 0.18294270833333334 0.019765739385065886 0.022135416666666668
0 0.19070278184480235 0.216796875 0.08565153733528551 0.022135416666666668
2 0.28257686676427524 0.19791666666666666 0.01903367496339678 0.015625
0 0.1815519765739385 0.19856770833333334 0.06442166910688141 0.01953125
2 0.28257686676427524 0.21744791666666666 0.01903367496339678 0.015625
2 0.4725475841874085 0.236328125 0.022693997071742314 0.014322916666666666
0 0.7075402635431918 0.23307291666666666 0.05636896046852123 0.020833333333333332
0 0.19070278184480235 0.234375 0.08272327964860908 0.018229166666666668
0 0.5424597364568082 0.244140625 0.07906295754026355 0.01953125
2 0.8195461200585652 0.23372395833333334 0.024158125915080528 0.01953125
2 0.2822108345534407 0.236328125 0.01683748169838946 0.01953125
2 0.6332357247437774 0.24153645833333334 0.03806734992679356 0.022135416666666668
0 0.3583455344070278 0.236328125 0.04904831625183016 0.01953125
2 0.47291361639824303 0.2513020833333333 0.02635431918008785 0.015625
0 0.6998535871156661 0.2506510416666667 0.040995607613469986 0.016927083333333332
0 0.1870424597364568 0.2526041666666667 0.07540263543191801 0.018229166666666668
2 0.821376281112738 0.24869791666666666 0.02342606149341142 0.018229166666666668
2 0.2829428989751098 0.2526041666666667 0.01683748169838946 0.018229166666666668
0 0.1965592972181552 0.2688802083333333 0.09736456808199122 0.01953125
0 0.718887262079063 0.2662760416666667 0.07759882869692533 0.01953125
0 0.35212298682284043 0.2825520833333333 0.06881405563689605 0.0234375
2 0.28184480234260617 0.26953125 0.017569546120058566 0.018229166666666668
2 0.8199121522693997 0.2682291666666667 0.02342606149341142 0.015625
2 0.4740117130307467 0.2858072916666667 0.024158125915080528 0.016927083333333332
0 0.7273060029282576 0.283203125 0.09736456808199122 0.022135416666666668
0 0.20241581259150807 0.2864583333333333 0.1061493411420205 0.018229166666666668
0 0.5545387994143485 0.2936197916666667 0.10322108345534407 0.016927083333333332
0 0.3532210834553441 0.302734375 0.07101024890190337 0.022135416666666668
2 0.8224743777452416 0.2845052083333333 0.024158125915080528 0.016927083333333332
2 0.28257686676427524 0.287109375 0.017569546120058566 0.014322916666666666
2 0.6398243045387995 0.294921875 0.01903367496339678 0.016927083333333332
2 0.4747437774524158 0.3020833333333333 0.024158125915080528 0.015625
0 0.1910688140556369 0.3046875 0.0849194729136164 0.018229166666666668
0 0.7225475841874085 0.3020833333333333 0.08638360175695461 0.020833333333333332
0 0.5446559297218155 0.3131510416666667 0.0849194729136164 0.01953125
0 0.36346998535871156 0.3190104166666667 0.09150805270863836 0.015625
2 0.8210102489019033 0.3033854166666667 0.024158125915080528 0.018229166666666668
2 0.6390922401171303 0.3131510416666667 0.017569546120058566 0.016927083333333332
2 0.4754758418740849 0.3196614583333333 0.024158125915080528 0.016927083333333332
0 0.739385065885798 0.3216145833333333 0.12152269399707175 0.026041666666666668
0 0.215592972181552 0.3209635416666667 0.13250366032210834 0.01953125
0 0.35724743777452417 0.3365885416666667 0.07759882869692533 0.022135416666666668
2 0.2822108345534407 0.3033854166666667 0.015373352855051245 0.020833333333333332
2 0.4751098096632504 0.337890625 0.02342606149341142 0.016927083333333332
0 0.20461200585651537 0.3404947916666667 0.11054172767203514 0.016927083333333332
0 0.698389458272328 0.3365885416666667 0.03806734992679356 0.022135416666666668
2 0.2822108345534407 0.3404947916666667 0.018301610541727673 0.016927083333333332
0 0.3693265007320644 0.35546875 0.1061493411420205 0.020833333333333332
2 0.8092972181551976 0.3391927083333333 0.06076134699853587 0.01953125
2 0.4751098096632504 0.35546875 0.02342606149341142 0.015625
0 0.19985358711566617 0.3587239583333333 0.09956076134699854 0.022135416666666668
0 0.698389458272328 0.35546875 0.03806734992679356 0.018229166666666668
0 0.5329428989751098 0.3658854166666667 0.0629575402635432 0.018229166666666668
2 0.8092972181551976 0.35546875 0.06076134699853587 0.0234375
2 0.28257686676427524 0.3587239583333333 0.017569546120058566 0.016927083333333332
0 0.35651537335285505 0.373046875 0.07906295754026355 0.01953125
2 0.6387262079062958 0.365234375 0.024158125915080528 0.016927083333333332
2 0.4751098096632504 0.373046875 0.02342606149341142 0.016927083333333332
0 0.7060761346998536 0.37109375 0.05490483162518302 0.020833333333333332
0 0.18850658857979502 0.375 0.07979502196193265 0.018229166666666668
0 0.5285505124450952 0.3834635416666667 0.05417276720351391 0.022135416666666668
0 0.34004392386530014 0.3899739583333333 0.04319180087847731 0.022135416666666668
2 0.8199121522693997 0.3919270833333333 0.02342606149341142 0.020833333333333332
2 0.28074670571010246 0.3776041666666667 0.018301610541727673 0.018229166666666668
2 0.6379941434846267 0.3828125 0.022693997071742314 0.018229166666666668
2 0.4747437774524158 0.3912760416666667 0.024158125915080528 0.014322916666666666
0 0.732796486090776 0.3912760416666667 0.11127379209370425 0.016927083333333332
0 0.5541727672035139 0.4016927083333333 0.1054172767203514 0.022135416666666668
2 0.8210102489019033 0.3743489583333333 0.024158125915080528 0.016927083333333332
2 0.6379941434846267 0.3997395833333333 0.022693997071742314 0.018229166666666668
0 0.38177159590043924 0.431640625 0.13103953147877012 0.01953125
2 0.4751098096632504 0.4342447916666667 0.01903367496339678 0.016927083333333332
0 0.3616398243045388 0.451171875 0.09370424597364568 0.01953125
2 0.4751098096632504 0.4518229166666667 0.01903367496339678 0.015625
0 0.5614934114202049 0.451171875 0.12005856515373353 0.01953125
0 0.3532210834553441 0.4694010416666667 0.0739385065885798 0.01953125
0 0.7079062957540263 0.4576822916666667 0.055636896046852125 0.01953125
0 0.1800878477306003 0.49609375 0.0629575402635432 0.018229166666666668
2 0.4751098096632504 0.4674479166666667 0.017569546120058566 0.018229166666666668
0 0.5808931185944363 0.4700520833333333 0.15885797950219618 0.020833333333333332
2 0.8085651537335286 0.4622395833333333 0.03733528550512445 0.018229166666666668
2 0.28257686676427524 0.4798177083333333 0.02342606149341142 0.016927083333333332
0 0.37042459736456806 0.4934895833333333 0.10688140556368961 0.03125
0 0.17972181551976574 0.4791666666666667 0.06076134699853587 0.0234375
0 0.7265739385065886 0.4778645833333333 0.09443631039531479 0.0234375
2 0.4740117130307467 0.4869791666666667 0.019765739385065886 0.015625
2 0.8078330893118595 0.4791666666666667 0.03733528550512445 0.018229166666666668
2 0.28184480234260617 0.4973958333333333 0.02342606149341142 0.015625
0 0.17642752562225475 0.5325520833333334 0.0527086383601757 0.020833333333333332
0 0.7258418740849195 0.494140625 0.09297218155197658 0.01953125
0 0.5362371888726208 0.5071614583333334 0.05636896046852123 0.016927083333333332
2 0.8078330893118595 0.4954427083333333 0.03587115666178624 0.016927083333333332
0 0.7049780380673499 0.51171875 0.05417276720351391 0.020833333333333332
0 0.17972181551976574 0.51171875 0.06076134699853587 0.018229166666666668
0 0.5614934114202049 0.5227864583333334 0.12298682284040996 0.024739583333333332
2 0.8071010248901903 0.5143229166666666 0.03587115666178624 0.018229166666666668
0 0.38250366032210836 0.541015625 0.1383601756954612 0.045572916666666664
0 0.7115666178623719 0.5305989583333334 0.06734992679355783 0.01953125
2 0.2822108345534407 0.5143229166666666 0.018301610541727673 0.0234375
0 0.5505124450951684 0.5436197916666666 0.09956076134699854 0.022135416666666668
2 0.8071010248901903 0.5299479166666666 0.03733528550512445 0.018229166666666668
2 0.6390922401171303 0.5423177083333334 0.017569546120058566 0.016927083333333332
0 0.1683748169838946 0.5494791666666666 0.0424597364568082 0.018229166666666668
2 0.28111273792093705 0.5305989583333334 0.02342606149341142 0.016927083333333332
0 0.195095168374817 0.603515625 0.09297218155197658 0.016927083333333332
0 0.6998535871156661 0.5755208333333334 0.040995607613469986 0.018229166666666668
2 0.8001464128843339 0.576171875 0.06442166910688141 0.022135416666666668
0 0.18338213762811129 0.568359375 0.07540263543191801 0.01953125
2 0.28111273792093705 0.5494791666666666 0.01903367496339678 0.020833333333333332
0 0.3528550512445095 0.6048177083333334 0.0746705710102489 0.016927083333333332
0 0.7133967789165446 0.5963541666666666 0.07247437774524158 0.0234375
2 0.4732796486090776 0.6028645833333334 0.022693997071742314 0.018229166666666668
0 0.20571010248901903 0.5852864583333334 0.11420204978038068 0.01953125
0 0.5274524158125915 0.6100260416666666 0.057833089311859445 0.01953125
2 0.28111273792093705 0.5670572916666666 0.020497803806734993 0.016927083333333332
2 0.6383601756954612 0.609375 0.017569546120058566 0.0234375
0 0.3528550512445095 0.62109375 0.07320644216691069 0.018229166666666668
0 0.708272327964861 0.61328125 0.05929721815519766 0.018229166666666668
2 0.47364568081991215 0.6223958333333334 0.021961932650073207 0.015625
0 0.517203513909224 0.6276041666666666 0.03587115666178624 0.018229166666666668
2 0.6379941434846267 0.626953125 0.018301610541727673 0.014322916666666666
0 0.35871156661786235 0.6399739583333334 0.08638360175695461 0.016927083333333332
0 0.6987554904831625 0.62890625 0.04172767203513909 0.018229166666666668
2 0.4732796486090776 0.6419270833333334 0.024158125915080528 0.015625
0 0.5190336749633968 0.6438802083333334 0.036603221083455345 0.016927083333333332
2 0.6387262079062958 0.6458333333333334 0.018301610541727673 0.018229166666666668
0 0.3341874084919473 0.6595052083333334 0.034407027818448024 0.016927083333333332
2 0.4740117130307467 0.6595052083333334 0.022693997071742314 0.01953125
0 0.5186676427525623 0.6634114583333334 0.034407027818448024 0.016927083333333332
2 0.637628111273792 0.6627604166666666 0.017569546120058566 0.018229166666666668
0 0.3411420204978038 0.6751302083333334 0.05124450951683748 0.01953125
2 0.2840409956076135 0.6998697916666666 0.01903367496339678 0.016927083333333332
2 0.4725475841874085 0.677734375 0.022693997071742314 0.014322916666666666
0 0.5413616398243045 0.6783854166666666 0.07979502196193265 0.020833333333333332
0 0.18191800878477307 0.6790364583333334 0.06661786237188873 0.022135416666666668
0 0.3528550512445095 0.6946614583333334 0.07613469985358712 0.022135416666666668
2 0.2822108345534407 0.71875 0.018301610541727673 0.015625
2 0.4725475841874085 0.6959635416666666 0.024158125915080528 0.01953125
0 0.5450219619326501 0.6946614583333334 0.09004392386530015 0.01953125
0 0.18118594436310395 0.6985677083333334 0.06808199121522694 0.01953125
0 0.6987554904831625 0.6985677083333334 0.04172767203513909 0.022135416666666668
2 0.2796486090775988 0.7330729166666666 0.021961932650073207 0.020833333333333332
2 0.8005124450951684 0.7005208333333334 0.06076134699853587 0.020833333333333332
0 0.5486822840409956 0.716796875 0.095900439238653 0.016927083333333332
0 0.20241581259150807 0.7141927083333334 0.10761346998535871 0.024739583333333332
2 0.636896046852123 0.7161458333333334 0.017569546120058566 0.015625
0 0.7130307467057101 0.7180989583333334 0.07174231332357248 0.022135416666666668
2 0.28074670571010246 0.751953125 0.022693997071742314 0.016927083333333332
0 0.3645680819912152 0.7395833333333334 0.09809663250366032 0.0234375
0 0.19619326500732065 0.7330729166666666 0.09809663250366032 0.020833333333333332
2 0.4740117130307467 0.740234375 0.022693997071742314 0.016927083333333332
0 0.7075402635431918 0.7356770833333334 0.05929721815519766 0.018229166666666668
0 0.36749633967789164 0.7571614583333334 0.1054172767203514 0.01953125
0 0.20717423133235724 0.7545572916666666 0.11859443631039532 0.016927083333333332
2 0.4740117130307467 0.7571614583333334 0.024158125915080528 0.016927083333333332
0 0.7079062957540263 0.7532552083333334 0.06442166910688141 0.016927083333333332
2 0.2822108345534407 0.7708333333333334 0.018301610541727673 0.0234375
0 0.3715226939970717 0.7766927083333334 0.10907759882869693 0.022135416666666668
2 0.4725475841874085 0.775390625 0.024158125915080528 0.016927083333333332
0 0.7390190336749634 0.7708333333333334 0.12371888726207907 0.0234375
2 0.2814787701317716 0.7884114583333334 0.022693997071742314 0.016927083333333332
0 0.5307467057101025 0.7858072916666666 0.06442166910688141 0.01953125
0 0.3850658857979502 0.79296875 0.13616398243045388 0.018229166666666668
0 0.5307467057101025 0.8046875 0.06442166910688141 0.018229166666666668
0 0.530380673499268 0.8209635416666666 0.06222547584187409 0.022135416666666668
0 0.6947291361639825 0.8287760416666666 0.03513909224011713 0.01953125
0 0.523792093704246 0.837890625 0.046120058565153735 0.016927083333333332
2 0.8001464128843339 0.8294270833333334 0.06149341142020498 0.018229166666666668
2 0.2814787701317716 0.8919270833333334 0.024158125915080528 0.015625
0 0.3854319180087848 0.8541666666666666 0.14568081991215226 0.020833333333333332
0 0.5497803806734992 0.85546875 0.10102489019033675 0.020833333333333332
0 0.7020497803806734 0.8489583333333334 0.05124450951683748 0.020833333333333332
2 0.6357979502196194 0.85546875 0.0212298682284041 0.018229166666666668
0 0.1720351390922401 0.8528645833333334 0.048316251830161056 0.0234375
2 0.28074670571010246 0.91015625 0.024158125915080528 0.018229166666666668
0 0.359809663250366 0.873046875 0.09443631039531479 0.01953125
2 0.4725475841874085 0.8743489583333334 0.024158125915080528 0.014322916666666666
0 0.7035139092240117 0.8658854166666666 0.05124450951683748 0.020833333333333332
0 0.19802342606149342 0.8736979166666666 0.10322108345534407 0.0234375
0 0.3857979502196193 0.8899739583333334 0.1390922401171303 0.022135416666666668
2 0.4725475841874085 0.8893229166666666 0.022693997071742314 0.018229166666666668
0 0.698389458272328 0.8828125 0.03806734992679356 0.018229166666666668
0 0.20607613469985359 0.8938802083333334 0.116398243045388 0.022135416666666668
0 0.3532210834553441 0.9088541666666666 0.0739385065885798 0.020833333333333332
0 0.4725475841874085 0.91015625 0.022693997071742314 0.015625
0 0.2042459736456808 0.9088541666666666 0.11273792093704246 0.018229166666666668
2 0.28038067349926793 0.9296875 0.02342606149341142 0.018229166666666668
0 0.3576134699853587 0.9270833333333334 0.08711566617862372 0.020833333333333332
0 0.4718155197657394 0.9251302083333334 0.022693997071742314 0.01953125
0 0.5245241581259151 0.923828125 0.04904831625183016 0.016927083333333332
2 0.6383601756954612 0.9283854166666666 0.01903367496339678 0.018229166666666668
0 0.19838945827232796 0.9270833333333334 0.10248901903367497 0.020833333333333332
2 0.2814787701317716 0.9446614583333334 0.0212298682284041 0.01953125
0 0.3480966325036603 0.9420572916666666 0.06222547584187409 0.016927083333333332
2 0.4732796486090776 0.9427083333333334 0.022693997071742314 0.018229166666666668
0 0.5366032210834554 0.9401041666666666 0.07027818448023426 0.0234375
0 0.17020497803806736 0.9420572916666666 0.046120058565153735 0.022135416666666668
2 0.6390922401171303 0.94140625 0.01903367496339678 0.015625
0 0.695095168374817 0.9453125 0.03587115666178624 0.020833333333333332
0 0.3576134699853587 0.962890625 0.08272327964860908 0.022135416666666668
2 0.8122254758418741 0.9446614583333334 0.024158125915080528 0.016927083333333332
2 0.4743777452415813 0.9602864583333334 0.020497803806734993 0.01953125
0 0.537701317715959 0.962890625 0.07686676427525622 0.022135416666666668
2 0.6383601756954612 0.962890625 0.01903367496339678 0.016927083333333332
0 0.6991215226939971 0.9615885416666666 0.043923865300146414 0.016927083333333332
2 0.8122254758418741 0.9622395833333334 0.024158125915080528 0.018229166666666668
0 0.19363103953147878 0.3932291666666667 0.09297218155197658 0.020833333333333332
2 0.28184480234260617 0.3938802083333333 0.020497803806734993 0.016927083333333332
0 0.18997071742313323 0.62109375 0.0841874084919473 0.020833333333333332
2 0.28184480234260617 0.5859375 0.02342606149341142 0.018229166666666668
2 0.2822108345534407 0.6009114583333334 0.0212298682284041 0.01953125
2 0.2814787701317716 0.619140625 0.022693997071742314 0.022135416666666668
0 0.1731332357247438 0.7708333333333334 0.053440702781844804 0.015625
0 0.19546120058565153 0.787109375 0.09809663250366032 0.01953125
2 0.28257686676427524 0.6803385416666666 0.020497803806734993 0.01953125
2 0.2796486090775988 0.875 0.02342606149341142 0.015625
2 0.2814787701317716 0.857421875 0.022693997071742314 0.024739583333333332
2 0.46961932650073207 0.541015625 0.03733528550512445 0.01953125
2 0.47364568081991215 0.79296875 0.020497803806734993 0.018229166666666668
2 0.6383601756954612 0.83984375 0.01903367496339678 0.015625
2 0.6387262079062958 0.8209635416666666 0.019765739385065886 0.01953125
2 0.6394582723279648 0.8001302083333334 0.0212298682284041 0.014322916666666666
2 0.6383601756954612 0.7877604166666666 0.020497803806734993 0.018229166666666668
2 0.8210102489019033 0.158203125 0.06222547584187409 0.01953125
2 0.8114934114202049 0.10221354166666667 0.022693997071742314 0.014322916666666666
2 0.821376281112738 0.3196614583333333 0.02342606149341142 0.016927083333333332
2 0.4754758418740849 0.85546875 0.022693997071742314 0.020833333333333332
2 0.6387262079062958 0.451171875 0.022693997071742314 0.016927083333333332
2 0.6383601756954612 0.525390625 0.020497803806734993 0.022135416666666668
2 0.6390922401171303 0.6783854166666666 0.017569546120058566 0.018229166666666668
2 0.6390922401171303 0.6985677083333334 0.021961932650073207 0.01953125
1 0.22144948755490484 0.162109375 0.14421669106881405 0.01953125
1 0.22181551976573938 0.17838541666666666 0.14494875549048317 0.018229166666666668
1 0.22071742313323572 0.19856770833333334 0.14568081991215226 0.022135416666666668
1 0.22108345534407028 0.21809895833333334 0.14494875549048317 0.016927083333333332
1 0.22071742313323572 0.236328125 0.14275256222547583 0.022135416666666668
1 0.2192532942898975 0.2545572916666667 0.1398243045387994 0.01953125
1 0.21998535871156663 0.2708333333333333 0.14128843338213762 0.018229166666666668
1 0.22071742313323572 0.2864583333333333 0.14421669106881405 0.020833333333333332
1 0.21998535871156663 0.3053385416666667 0.14421669106881405 0.016927083333333332
1 0.21961932650073207 0.341796875 0.14202049780380674 0.014322916666666666
1 0.22035139092240116 0.359375 0.14348462664714495 0.018229166666666668
1 0.22144948755490484 0.3782552083333333 0.14128843338213762 0.016927083333333332
1 0.21998535871156663 0.392578125 0.14421669106881405 0.022135416666666668
1 0.22181551976573938 0.478515625 0.14641288433382138 0.022135416666666668
1 0.22218155197657394 0.4967447916666667 0.14421669106881405 0.014322916666666666
1 0.22071742313323572 0.513671875 0.14568081991215226 0.016927083333333332
1 0.22181551976573938 0.5305989583333334 0.14348462664714495 0.022135416666666668
1 0.22035139092240116 0.548828125 0.14348462664714495 0.01953125
1 0.2192532942898975 0.5677083333333334 0.14714494875549047 0.020833333333333332
1 0.22108345534407028 0.5859375 0.14641288433382138 0.020833333333333332
1 0.22144948755490484 0.603515625 0.14568081991215226 0.014322916666666666
1 0.22181551976573938 0.619140625 0.14641288433382138 0.022135416666666668
1 0.22071742313323572 0.6796875 0.14568081991215226 0.018229166666666668
1 0.21998535871156663 0.6985677083333334 0.14421669106881405 0.01953125
1 0.21998535871156663 0.7174479166666666 0.14714494875549047 0.018229166666666668
1 0.22035139092240116 0.734375 0.14641288433382138 0.020833333333333332
1 0.21998535871156663 0.7688802083333334 0.1486090775988287 0.01953125
1 0.22108345534407028 0.7513020833333334 0.1478770131771596 0.018229166666666668
1 0.22035139092240116 0.7890625 0.1493411420204978 0.015625
1 0.22218155197657394 0.8580729166666666 0.14275256222547583 0.0234375
1 0.22071742313323572 0.876953125 0.14568081991215226 0.01953125
1 0.22108345534407028 0.8919270833333334 0.14494875549048317 0.018229166666666668
1 0.22071742313323572 0.9095052083333334 0.14568081991215226 0.01953125
1 0.21961932650073207 0.9264322916666666 0.14494875549048317 0.01953125
1 0.2192532942898975 0.9440104166666666 0.14421669106881405 0.015625
1 0.40007320644216693 0.2532552083333333 0.1705710102489019 0.01953125
1 0.4019033674963397 0.2858072916666667 0.17130307467057102 0.016927083333333332
1 0.40300146412884336 0.302734375 0.1705710102489019 0.016927083333333332
1 0.40226939970717424 0.3196614583333333 0.1705710102489019 0.01953125
1 0.40226939970717424 0.3359375 0.17349926793557832 0.020833333333333332
1 0.4011713030746706 0.3561197916666667 0.17130307467057102 0.01953125
1 0.4015373352855051 0.3743489583333333 0.17349926793557832 0.016927083333333332
1 0.40226939970717424 0.392578125 0.1720351390922401 0.01953125
1 0.400805270863836 0.43359375 0.16910688140556368 0.0234375
1 0.40007320644216693 0.4518229166666667 0.16910688140556368 0.0234375
1 0.4019033674963397 0.4713541666666667 0.1698389458272328 0.018229166666666668
1 0.4015373352855051 0.4947916666666667 0.16764275256222547 0.033854166666666664
1 0.4015373352855051 0.5436197916666666 0.17642752562225475 0.04296875
1 0.4015373352855051 0.60546875 0.16910688140556368 0.018229166666666668
1 0.4015373352855051 0.6236979166666666 0.16764275256222547 0.018229166666666668
1 0.4011713030746706 0.66015625 0.1698389458272328 0.015625
1 0.4019033674963397 0.6770833333333334 0.17276720351390923 0.020833333333333332
1 0.40300146412884336 0.6419270833333334 0.16764275256222547 0.018229166666666668
1 0.39970717423133234 0.697265625 0.1698389458272328 0.01953125
1 0.40043923865300146 0.740234375 0.1683748169838946 0.022135416666666668
1 0.4011713030746706 0.759765625 0.1683748169838946 0.016927083333333332
1 0.40043923865300146 0.7760416666666666 0.1683748169838946 0.018229166666666668
1 0.40007320644216693 0.7942708333333334 0.16764275256222547 0.015625
1 0.40007320644216693 0.8548177083333334 0.17349926793557832 0.016927083333333332
1 0.40007320644216693 0.8736979166666666 0.1720351390922401 0.015625
1 0.40043923865300146 0.888671875 0.17130307467057102 0.014322916666666666
1 0.40043923865300146 0.908203125 0.1683748169838946 0.016927083333333332
1 0.40007320644216693 0.9264322916666666 0.1720351390922401 0.016927083333333332
1 0.4011713030746706 0.94140625 0.17130307467057102 0.018229166666666668
1 0.4011713030746706 0.9622395833333334 0.1683748169838946 0.0234375
1 0.5779648609077599 0.24479166666666666 0.1500732064421669 0.020833333333333332
1 0.5757686676427526 0.2923177083333333 0.14568081991215226 0.016927083333333332
1 0.5757686676427526 0.3111979166666667 0.14568081991215226 0.018229166666666668
1 0.5761346998535871 0.3639322916666667 0.1478770131771596 0.01953125
1 0.5765007320644217 0.3828125 0.1486090775988287 0.018229166666666668
1 0.5761346998535871 0.3997395833333333 0.1478770131771596 0.018229166666666668
1 0.5757686676427526 0.4505208333333333 0.14714494875549047 0.018229166666666668
1 0.5735724743777453 0.5227864583333334 0.14714494875549047 0.01953125
1 0.5739385065885798 0.5436197916666666 0.1478770131771596 0.022135416666666668
1 0.5732064421669106 0.6080729166666666 0.1478770131771596 0.018229166666666668
1 0.5732064421669106 0.6276041666666666 0.1493411420204978 0.015625
1 0.5735724743777453 0.64453125 0.14421669106881405 0.018229166666666668
1 0.5761346998535871 0.6627604166666666 0.1478770131771596 0.015625
1 0.575402635431918 0.6783854166666666 0.1478770131771596 0.015625
1 0.5768667642752562 0.69921875 0.14641288433382138 0.018229166666666668
1 0.5732064421669106 0.716796875 0.14494875549048317 0.01953125
1 0.5728404099560761 0.7845052083333334 0.15300146412884333 0.01953125
1 0.5735724743777453 0.802734375 0.15153733528550511 0.014322916666666666
1 0.5750366032210834 0.8209635416666666 0.1500732064421669 0.022135416666666668
1 0.575402635431918 0.83984375 0.1493411420204978 0.018229166666666668
1 0.5743045387994143 0.8567708333333334 0.14714494875549047 0.018229166666666668
1 0.575402635431918 0.92578125 0.15080527086383602 0.020833333333333332
1 0.5746705710102489 0.9440104166666666 0.14641288433382138 0.020833333333333332
1 0.5750366032210834 0.9609375 0.1486090775988287 0.020833333333333332
1 0.75 0.06901041666666667 0.14568081991215226 0.018229166666666668
1 0.75 0.0859375 0.14128843338213762 0.015625
1 0.7518301610541728 0.10416666666666667 0.14348462664714495 0.018229166666666668
1 0.7683016105417276 0.12239583333333333 0.17642752562225475 0.018229166666666668
1 0.7650073206442167 0.14127604166666666 0.17130307467057102 0.022135416666666668
1 0.767203513909224 0.16015625 0.17423133235724744 0.018229166666666668
1 0.7558565153733529 0.23111979166666666 0.15300146412884333 0.022135416666666668
1 0.7565885797950219 0.2506510416666667 0.15446559297218154 0.014322916666666666
1 0.7565885797950219 0.267578125 0.15739385065885797 0.01953125
1 0.7558565153733529 0.2858072916666667 0.15153733528550511 0.01953125
1 0.7554904831625183 0.30078125 0.15666178623718888 0.020833333333333332
1 0.7554904831625183 0.3216145833333333 0.15519765739385066 0.020833333333333332
1 0.7595168374816984 0.3385416666666667 0.1603221083455344 0.015625
1 0.7595168374816984 0.3561197916666667 0.16325036603221083 0.01953125
1 0.7543923865300146 0.3717447916666667 0.15300146412884333 0.016927083333333332
1 0.7554904831625183 0.3932291666666667 0.15373352855051245 0.020833333333333332
1 0.753294289897511 0.458984375 0.1493411420204978 0.022135416666666668
1 0.7521961932650073 0.478515625 0.14714494875549047 0.01953125
1 0.7514641288433382 0.4947916666666667 0.14714494875549047 0.018229166666666668
1 0.7521961932650073 0.5110677083333334 0.1486090775988287 0.01953125
1 0.7521961932650073 0.53125 0.1486090775988287 0.018229166666666668
1 0.7562225475841874 0.6022135416666666 0.15519765739385066 0.07161458333333333
1 0.7540263543191801 0.734375 0.15373352855051245 0.09114583333333333
1 0.753294289897511 0.8502604166666666 0.15519765739385066 0.06510416666666667
1 0.7507320644216691 0.9420572916666666 0.1500732064421669 0.01953125
1 0.7514641288433382 0.9615885416666666 0.1486090775988287 0.022135416666666668
0 0.34992679355783307 0.251953125 0.06734992679355783 0.016927083333333332
0 0.3246705710102489 0.234375 0.015373352855051245 0.018229166666666668
1 0.4088579795021962 0.23697916666666666 0.15300146412884333 0.015625
1 0.40226939970717424 0.23502604166666666 0.16764275256222547 0.01953125
