2 0.85703125 0.2831890331890332 0.1640625 0.03391053391053391
0 0.7015625 0.3124098124098124 0.246875 0.020202020202020204
0 0.68203125 0.332972582972583 0.2078125 0.015151515151515152
0 0.6765625 0.38636363636363635 0.190625 0.015151515151515152
0 0.17734375 0.40584415584415584 0.1953125 0.012265512265512266
2 0.48046875 0.4069264069264069 0.0421875 0.008658008658008658
0 0.77109375 0.4087301587301587 0.3796875 0.015151515151515152
0 0.178125 0.42568542568542567 0.20625 0.012987012987012988
2 0.48046875 0.42712842712842713 0.0421875 0.010101010101010102
0 0.66953125 0.4296536796536797 0.1765625 0.015151515151515152
0 0.12109375 0.4476911976911977 0.0890625 0.012265512265512266
2 0.47890625 0.4476911976911977 0.0421875 0.013708513708513708
0 0.74453125 0.4512987012987013 0.3265625 0.016594516594516596
0 0.2171875 0.4675324675324675 0.275 0.015873015873015872
2 0.48046875 0.4660894660894661 0.0421875 0.012987012987012988
0 0.67109375 0.4736652236652237 0.1734375 0.016594516594516596
0 0.240625 0.487012987012987 0.328125 0.012987012987012988
2 0.48046875 0.48773448773448774 0.0421875 0.008658008658008658
0 0.19609375 0.5075757575757576 0.2390625 0.012265512265512266
2 0.4796875 0.5086580086580087 0.0375 0.01443001443001443
0 0.19140625 0.5313852813852814 0.2171875 0.013708513708513708
2 0.47890625 0.5281385281385281 0.0390625 0.008658008658008658
0 0.66015625 0.5656565656565656 0.1953125 0.012987012987012988
2 0.946875 0.564935064935065 0.04375 0.010101010101010102
0 0.20859375 0.5685425685425686 0.2703125 0.01443001443001443
2 0.48046875 0.5689033189033189 0.0421875 0.00937950937950938
0 0.62265625 0.5847763347763347 0.0890625 0.010822510822510822
2 0.94453125 0.584054834054834 0.0484375 0.010822510822510822
0 0.18984375 0.5894660894660895 0.2171875 0.01443001443001443
2 0.48046875 0.5891053391053391 0.0421875 0.007936507936507936
0 0.675 0.604978354978355 0.209375 0.013708513708513708
2 0.94453125 0.6046176046176046 0.0484375 0.011544011544011544
0 0.23125 0.61002886002886 0.275 0.013708513708513708
2 0.48046875 0.6093073593073594 0.0421875 0.00937950937950938
0 0.675 0.6259018759018758 0.2 0.013708513708513708
2 0.946875 0.6248196248196248 0.04375 0.010101010101010102
0 0.1875 0.6291486291486291 0.2 0.015873015873015872
2 0.47890625 0.6291486291486291 0.0390625 0.012987012987012988
0 0.67890625 0.6432178932178932 0.2046875 0.013708513708513708
0 0.9453125 0.6457431457431457 0.046875 0.010101010101010102
0 0.26015625 0.6493506493506493 0.3390625 0.011544011544011544
2 0.48046875 0.6493506493506493 0.0421875 0.008658008658008658
0 0.7015625 0.6670274170274171 0.246875 0.013708513708513708
2 0.94453125 0.6645021645021645 0.0484375 0.011544011544011544
0 0.175 0.6684704184704184 0.1625 0.012265512265512266
2 0.48046875 0.6699134199134199 0.0421875 0.007936507936507936
0 0.22421875 0.6922799422799423 0.2765625 0.016594516594516596
2 0.48046875 0.6904761904761905 0.0421875 0.008658008658008658
0 0.7171875 0.7041847041847041 0.278125 0.011544011544011544
2 0.94453125 0.7045454545454546 0.0484375 0.012265512265512266
0 0.18203125 0.7113997113997114 0.1890625 0.015873015873015872
0 0.48046875 0.7113997113997114 0.0421875 0.008658008658008658
0 0.65234375 0.7251082251082251 0.1484375 0.015873015873015872
2 0.9453125 0.7251082251082251 0.046875 0.010101010101010102
0 0.21171875 0.7308802308802309 0.2453125 0.012987012987012988
2 0.48046875 0.7308802308802309 0.0421875 0.008658008658008658
0 0.653125 0.7449494949494949 0.153125 0.015151515151515152
2 0.9453125 0.7445887445887446 0.046875 0.010101010101010102
0 0.18359375 0.7507215007215007 0.1796875 0.013708513708513708
2 0.48046875 0.7518037518037518 0.0421875 0.008658008658008658
2 0.8484375 0.36075036075036077 0.171875 0.030303030303030304
1 0.2921875 0.4054834054834055 0.425 0.012987012987012988
1 0.2890625 0.424963924963925 0.41875 0.012987012987012988
1 0.28828125 0.44733044733044736 0.4171875 0.012987012987012988
1 0.28984375 0.4668109668109668 0.4171875 0.015873015873015872
1 0.28828125 0.48593073593073594 0.4203125 0.013708513708513708
1 0.2890625 0.5075757575757576 0.421875 0.015151515151515152
1 0.29296875 0.5299422799422799 0.4171875 0.015151515151515152
1 0.29296875 0.5681818181818182 0.4296875 0.015151515151515152
1 0.290625 0.5887445887445888 0.421875 0.01443001443001443
1 0.29609375 0.61002886002886 0.4140625 0.013708513708513708
1 0.3 0.6273448773448773 0.403125 0.016594516594516596
1 0.29453125 0.6497113997113997 0.4046875 0.013708513708513708
1 0.2984375 0.6691919191919192 0.4125 0.013708513708513708
1 0.29296875 0.6908369408369408 0.4109375 0.015151515151515152
1 0.29765625 0.711038961038961 0.4140625 0.016594516594516596
1 0.2953125 0.7312409812409812 0.40625 0.013708513708513708
1 0.29765625 0.7503607503607503 0.4078125 0.01443001443001443
1 0.75859375 0.3033910533910534 0.3640625 0.0772005772005772
1 0.771875 0.4134199134199134 0.38125 0.13564213564213565
1 0.771875 0.5652958152958153 0.403125 0.013708513708513708
1 0.775 0.584054834054834 0.39375 0.012265512265512266
1 0.76953125 0.6042568542568543 0.3921875 0.015151515151515152
1 0.77265625 0.6262626262626263 0.3984375 0.011544011544011544
1 0.771875 0.6446608946608947 0.390625 0.012265512265512266
1 0.77421875 0.6666666666666666 0.3921875 0.015873015873015872
1 0.7734375 0.7034632034632035 0.39375 0.012987012987012988
1 0.775 0.724025974025974 0.39375 0.013708513708513708
1 0.7765625 0.7456709956709957 0.403125 0.013708513708513708
