0 0.6709370424597365 0.06705729166666667 0.10468521229868229 0.022135416666666668
2 0.8111273792093704 0.06575520833333333 0.06149341142020498 0.024739583333333332
0 0.19875549048316252 0.08203125 0.07101024890190337 0.020833333333333332
0 0.6665446559297218 0.083984375 0.095900439238653 0.024739583333333332
2 0.3008784773060029 0.08203125 0.017569546120058566 0.015625
0 0.4333821376281113 0.091796875 0.08784773060029283 0.01953125
2 0.5527086383601757 0.091796875 0.060029282576866766 0.01953125
0 0.20900439238653 0.10091145833333333 0.09150805270863836 0.01953125
2 0.3008784773060029 0.099609375 0.017569546120058566 0.016927083333333332
0 0.6742313323572474 0.103515625 0.11127379209370425 0.01953125
0 0.4381405563689605 0.10611979166666667 0.09736456808199122 0.022135416666666668
0 0.20827232796486092 0.11783854166666667 0.09004392386530015 0.016927083333333332
2 0.29941434846266474 0.1171875 0.02342606149341142 0.015625
0 0.43484626647144947 0.125 0.09370424597364568 0.018229166666666668
0 0.404099560761347 0.142578125 0.032210834553440704 0.016927083333333332
2 0.7968521229868228 0.146484375 0.06222547584187409 0.01953125
0 0.6705710102489019 0.16536458333333334 0.10688140556368961 0.0234375
0 0.20900439238653 0.18619791666666666 0.09150805270863836 0.020833333333333332
2 0.29904831625183015 0.18489583333333334 0.024158125915080528 0.018229166666666668
0 0.6683748169838946 0.18619791666666666 0.09956076134699854 0.020833333333333332
0 0.664714494875549 0.203125 0.09224011713030747 0.020833333333333332
0 0.19912152269399708 0.20377604166666666 0.07320644216691069 0.022135416666666668
2 0.29904831625183015 0.20377604166666666 0.024158125915080528 0.016927083333333332
0 0.20571010248901903 0.22005208333333334 0.0849194729136164 0.018229166666666668
2 0.2986822840409956 0.22005208333333334 0.021961932650073207 0.018229166666666668
0 0.42313323572474376 0.22786458333333334 0.07027818448023426 0.020833333333333332
2 0.5647877013177159 0.2265625 0.022693997071742314 0.018229166666666668
0 0.2170571010248902 0.23958333333333334 0.1061493411420205 0.018229166666666668
2 0.29904831625183015 0.23828125 0.024158125915080528 0.018229166666666668
0 0.42752562225475843 0.24479166666666666 0.07613469985358712 0.020833333333333332
2 0.5647877013177159 0.244140625 0.022693997071742314 0.014322916666666666
0 0.20314787701317716 0.255859375 0.07979502196193265 0.014322916666666666
2 0.29904831625183015 0.255859375 0.024158125915080528 0.014322916666666666
0 0.671303074670571 0.2610677083333333 0.1054172767203514 0.024739583333333332
2 0.8107613469985359 0.2604166666666667 0.0636896046852123 0.026041666666666668
0 0.438506588579795 0.2623697916666667 0.09809663250366032 0.01953125
2 0.5647877013177159 0.26171875 0.022693997071742314 0.018229166666666668
0 0.4410688140556369 0.2825520833333333 0.10322108345534407 0.018229166666666668
0 0.6855783308931186 0.2779947916666667 0.13396778916544655 0.016927083333333332
2 0.5647877013177159 0.2799479166666667 0.022693997071742314 0.018229166666666668
0 0.6346998535871157 0.2955729166666667 0.032210834553440704 0.015625
2 0.2752562225475842 0.3020833333333333 0.060029282576866766 0.020833333333333332
0 0.43228404099560763 0.3020833333333333 0.08565153733528551 0.020833333333333332
2 0.5647877013177159 0.30078125 0.022693997071742314 0.018229166666666668
0 0.6339677891654466 0.3131510416666667 0.03074670571010249 0.01953125
0 0.21815519765739386 0.3209635416666667 0.10980966325036604 0.01953125
0 0.212298682284041 0.3391927083333333 0.09809663250366032 0.01953125
0 0.19875549048316252 0.3567708333333333 0.07101024890190337 0.018229166666666668
0 0.4150805270863836 0.3704427083333333 0.05417276720351391 0.016927083333333332
2 0.5669838945827232 0.3704427083333333 0.018301610541727673 0.016927083333333332
0 0.2020497803806735 0.373046875 0.07759882869692533 0.016927083333333332
0 0.6548316251830161 0.3834635416666667 0.07247437774524158 0.01953125
2 0.8250366032210834 0.380859375 0.01903367496339678 0.01953125
0 0.21412884333821378 0.3919270833333333 0.10322108345534407 0.0234375
0 0.41398243045387995 0.3899739583333333 0.05197657393850659 0.01953125
2 0.5666178623718887 0.3893229166666667 0.014641288433382138 0.020833333333333332
0 0.6632503660322109 0.4010416666666667 0.09077598828696926 0.018229166666666668
2 0.825402635431918 0.400390625 0.018301610541727673 0.016927083333333332
0 0.6731332357247438 0.41796875 0.10907759882869693 0.020833333333333332
2 0.8239385065885798 0.4166666666666667 0.022693997071742314 0.018229166666666668
0 0.21046852122986823 0.4446614583333333 0.09736456808199122 0.022135416666666668
0 0.44143484626647145 0.4544270833333333 0.10688140556368961 0.0234375
2 0.5534407027818448 0.4537760416666667 0.060029282576866766 0.01953125
0 0.22218155197657394 0.4615885416666667 0.11786237188872621 0.01953125
0 0.41398243045387995 0.4720052083333333 0.05197657393850659 0.016927083333333332
0 0.6346998535871157 0.470703125 0.032210834553440704 0.022135416666666668
2 0.825402635431918 0.4700520833333333 0.018301610541727673 0.018229166666666668
0 0.1863103953147877 0.4791666666666667 0.046120058565153735 0.026041666666666668
0 0.43740849194729137 0.4876302083333333 0.095900439238653 0.01953125
0 0.6683748169838946 0.4876302083333333 0.09956076134699854 0.022135416666666668
2 0.825402635431918 0.48828125 0.018301610541727673 0.018229166666666668
2 0.28953147877013174 0.4459635416666667 0.06076134699853587 0.022135416666666668
0 0.4158125915080527 0.5065104166666666 0.055636896046852125 0.0234375
0 0.43923865300146414 0.5234375 0.10248901903367497 0.018229166666666668
0 0.6445827232796486 0.5416666666666666 0.05197657393850659 0.018229166666666668
2 0.825402635431918 0.5416666666666666 0.018301610541727673 0.018229166666666668
2 0.2642752562225476 0.55859375 0.0629575402635432 0.0234375
0 0.6497071742313324 0.5579427083333334 0.06222547584187409 0.016927083333333332
2 0.825402635431918 0.5592447916666666 0.018301610541727673 0.014322916666666666
0 0.212298682284041 0.5774739583333334 0.09809663250366032 0.01953125
0 0.6449487554904831 0.576171875 0.0527086383601757 0.016927083333333332
2 0.825402635431918 0.576171875 0.018301610541727673 0.016927083333333332
0 0.1965592972181552 0.5950520833333334 0.06661786237188873 0.018229166666666668
0 0.1870424597364568 0.611328125 0.04758418740849195 0.016927083333333332
0 0.4315519765739385 0.6204427083333334 0.08711566617862372 0.016927083333333332
2 0.5527086383601757 0.623046875 0.060029282576866766 0.01953125
0 0.4198389458272328 0.63671875 0.0636896046852123 0.018229166666666668
0 0.42569546120058566 0.6569010416666666 0.07540263543191801 0.01953125
0 0.6665446559297218 0.666015625 0.09882869692532943 0.024739583333333332
2 0.8111273792093704 0.6673177083333334 0.06149341142020498 0.022135416666666668
2 0.28587115666178625 0.6829427083333334 0.06222547584187409 0.022135416666666668
0 0.6698389458272328 0.6868489583333334 0.10248901903367497 0.01953125
0 0.19802342606149342 0.7005208333333334 0.06954612005856516 0.020833333333333332
0 0.6731332357247438 0.7018229166666666 0.10907759882869693 0.018229166666666668
0 0.20863836017569545 0.7180989583333334 0.09224011713030747 0.024739583333333332
0 0.6815519765739385 0.7213541666666666 0.1259150805270864 0.020833333333333332
0 0.41215226939970717 0.724609375 0.04538799414348463 0.016927083333333332
2 0.5519765739385066 0.724609375 0.06149341142020498 0.022135416666666668
0 0.20351390922401172 0.736328125 0.08199121522693997 0.022135416666666668
0 0.20461200585651537 0.7526041666666666 0.08272327964860908 0.018229166666666668
0 0.2130307467057101 0.7721354166666666 0.09956076134699854 0.020833333333333332
0 0.4267935578330893 0.791015625 0.07759882869692533 0.01953125
2 0.5527086383601757 0.7916666666666666 0.060029282576866766 0.020833333333333332
0 0.6606881405563689 0.79296875 0.0841874084919473 0.020833333333333332
2 0.8103953147877013 0.7923177083333334 0.0629575402635432 0.022135416666666668
0 0.43923865300146414 0.8092447916666666 0.10248901903367497 0.01953125
0 0.6724011713030746 0.810546875 0.10761346998535871 0.022135416666666668
0 0.19985358711566617 0.8235677083333334 0.07320644216691069 0.01953125
2 0.29941434846266474 0.822265625 0.02342606149341142 0.016927083333333332
0 0.438506588579795 0.8274739583333334 0.09809663250366032 0.01953125
0 0.6705710102489019 0.8268229166666666 0.10395314787701318 0.018229166666666668
0 0.19399707174231332 0.8404947916666666 0.06149341142020498 0.016927083333333332
2 0.29941434846266474 0.841796875 0.02342606149341142 0.014322916666666666
0 0.6658125915080527 0.8450520833333334 0.09443631039531479 0.018229166666666668
0 0.20095168374816985 0.8587239583333334 0.07686676427525622 0.022135416666666668
2 0.29941434846266474 0.8587239583333334 0.02342606149341142 0.016927083333333332
0 0.19912152269399708 0.8776041666666666 0.07320644216691069 0.018229166666666668
2 0.29941434846266474 0.8763020833333334 0.02342606149341142 0.015625
0 0.44143484626647145 0.8984375 0.10834553440702782 0.0234375
2 0.5655197657393851 0.8984375 0.024158125915080528 0.018229166666666668
0 0.445095168374817 0.9173177083333334 0.11420204978038068 0.016927083333333332
2 0.5655197657393851 0.9173177083333334 0.024158125915080528 0.016927083333333332
0 0.22437774524158127 0.927734375 0.12371888726207907 0.01953125
0 0.6705710102489019 0.9251302083333334 0.10395314787701318 0.01953125
2 0.8239385065885798 0.9264322916666666 0.022693997071742314 0.016927083333333332
0 0.44143484626647145 0.9342447916666666 0.10395314787701318 0.01953125
2 0.5651537335285505 0.9342447916666666 0.020497803806734993 0.014322916666666666
0 0.21888726207906295 0.943359375 0.11127379209370425 0.01953125
2 0.29904831625183015 0.9427083333333334 0.024158125915080528 0.018229166666666668
0 0.6504392386530015 0.9446614583333334 0.0636896046852123 0.016927083333333332
2 0.825402635431918 0.9440104166666666 0.018301610541727673 0.015625
0 0.438506588579795 0.9518229166666666 0.09809663250366032 0.018229166666666668
2 0.5655197657393851 0.9518229166666666 0.0212298682284041 0.018229166666666668
0 0.2240117130307467 0.9641927083333334 0.12298682284040996 0.01953125
0 0.6497071742313324 0.9609375 0.06222547584187409 0.018229166666666668
2 0.8257686676427526 0.9609375 0.01903367496339678 0.018229166666666668
2 0.29941434846266474 0.927734375 0.021961932650073207 0.016927083333333332
2 0.30161054172767204 0.9622395833333334 0.020497803806734993 0.020833333333333332
1 0.4857247437774524 0.4850260416666667 0.19546120058565153 0.09505208333333333
0 0.19399707174231332 0.4954427083333333 0.06442166910688141 0.016927083333333332
1 0.23609077598828698 0.080078125 0.14714494875549047 0.022135416666666668
1 0.23609077598828698 0.099609375 0.14714494875549047 0.022135416666666668
1 0.23718887262079064 0.11848958333333333 0.1478770131771596 0.015625
1 0.23645680819912152 0.205078125 0.1478770131771596 0.01953125
1 0.23645680819912152 0.22200520833333334 0.1478770131771596 0.01953125
1 0.23645680819912152 0.23763020833333334 0.1478770131771596 0.01953125
1 0.23792093704245973 0.2532552083333333 0.1478770131771596 0.01953125
1 0.23718887262079064 0.185546875 0.1478770131771596 0.01953125
1 0.23535871156661786 0.3489583333333333 0.14275256222547583 0.11458333333333333
1 0.24158125915080528 0.4694010416666667 0.16105417276720352 0.07421875
1 0.22913616398243045 0.58203125 0.13323572474377746 0.07552083333333333
1 0.23938506588579794 0.7259114583333334 0.15373352855051245 0.11067708333333333
1 0.23718887262079064 0.8235677083333334 0.1478770131771596 0.022135416666666668
1 0.23645680819912152 0.861328125 0.1478770131771596 0.022135416666666668
1 0.23572474377745242 0.8795572916666666 0.1478770131771596 0.022135416666666668
1 0.23645680819912152 0.9264322916666666 0.1478770131771596 0.01953125
1 0.23718887262079064 0.8430989583333334 0.15080527086383602 0.01953125
1 0.23718887262079064 0.947265625 0.1478770131771596 0.01953125
1 0.23718887262079064 0.9654947916666666 0.1478770131771596 0.01953125
1 0.48499267935578333 0.8098958333333334 0.19692532942898974 0.057291666666666664
0 0.40995607613469986 0.7063802083333334 0.04538799414348463 0.016927083333333332
1 0.486090775988287 0.7154947916666666 0.19619326500732065 0.037760416666666664
1 0.48535871156661786 0.638671875 0.19472913616398244 0.053385416666666664
1 0.48243045387994143 0.8971354166666666 0.1903367496339678 0.020833333333333332
1 0.4820644216691069 0.955078125 0.18960468521229867 0.016927083333333332
1 0.4835285505124451 0.9368489583333334 0.18960468521229867 0.016927083333333332
1 0.4820644216691069 0.9173177083333334 0.18960468521229867 0.016927083333333332
1 0.726207906295754 0.9251302083333334 0.21815519765739386 0.01953125
1 0.7269399707174231 0.9459635416666666 0.21815519765739386 0.01953125
1 0.726207906295754 0.9615885416666666 0.21815519765739386 0.01953125
1 0.7269399707174231 0.541015625 0.21815519765739386 0.014322916666666666
1 0.726207906295754 0.556640625 0.21376281112737922 0.016927083333333332
1 0.7265739385065886 0.5748697916666666 0.21595900439238652 0.01953125
1 0.7295021961932651 0.693359375 0.2247437774524158 0.07942708333333333
1 0.7302342606149341 0.8190104166666666 0.2232796486090776 0.07291666666666667
1 0.726207906295754 0.4694010416666667 0.21815519765739386 0.01953125
1 0.726207906295754 0.4876302083333333 0.21815519765739386 0.01953125
1 0.7269399707174231 0.380859375 0.21815519765739386 0.01953125
1 0.7276720351390923 0.400390625 0.21815519765739386 0.01953125
1 0.726207906295754 0.4173177083333333 0.21815519765739386 0.01953125
1 0.7313323572474377 0.28515625 0.2240117130307467 0.08072916666666667
1 0.722913616398243 0.17578125 0.21156661786237188 0.078125
1 0.7306002928257687 0.08268229166666667 0.22547584187408493 0.061197916666666664
1 0.48243045387994143 0.3704427083333333 0.18887262079062958 0.01953125
1 0.48316251830161056 0.388671875 0.18887262079062958 0.01953125
1 0.48316251830161056 0.24674479166666666 0.18887262079062958 0.01953125
1 0.48316251830161056 0.2610677083333333 0.18887262079062958 0.01953125
1 0.48316251830161056 0.283203125 0.18887262079062958 0.01953125
1 0.4838945827232797 0.3040364583333333 0.18887262079062958 0.01953125
1 0.4816983894582723 0.22721354166666666 0.18887262079062958 0.01953125
1 0.48535871156661786 0.11653645833333333 0.19326500732064422 0.07161458333333333
