0 0.175 0.36976911976911975 0.2125 0.015151515151515152
0 0.67734375 0.3852813852813853 0.2234375 0.01443001443001443
2 0.9625 0.38455988455988455 0.053125 0.011544011544011544
0 0.16953125 0.3939393939393939 0.2078125 0.017316017316017316
0 0.64921875 0.411976911976912 0.1546875 0.012987012987012988
2 0.96015625 0.411976911976912 0.0515625 0.011544011544011544
0 0.15625 0.4181096681096681 0.18125 0.015151515151515152
2 0.39609375 0.4264069264069264 0.1640625 0.031746031746031744
0 0.63203125 0.4401154401154401 0.1203125 0.015873015873015872
0 0.16875 0.4411976911976912 0.215625 0.016594516594516596
2 0.9625 0.4393939393939394 0.053125 0.011544011544011544
0 0.16640625 0.4660894660894661 0.1921875 0.01443001443001443
0 0.59765625 0.4686147186147186 0.0578125 0.015151515151515152
2 0.9640625 0.46645021645021645 0.053125 0.012265512265512266
0 0.5953125 0.4935064935064935 0.0625 0.015873015873015872
2 0.9625 0.4945887445887446 0.053125 0.012265512265512266
0 0.153125 0.5144300144300145 0.171875 0.015873015873015872
0 0.65390625 0.5223665223665224 0.1578125 0.015873015873015872
2 0.9625 0.522005772005772 0.053125 0.012265512265512266
0 0.628125 0.5483405483405484 0.1125 0.011544011544011544
2 0.96171875 0.5487012987012987 0.0546875 0.012265512265512266
0 0.5984375 0.5772005772005772 0.05625 0.011544011544011544
2 0.9625 0.5768398268398268 0.053125 0.012265512265512266
0 0.1234375 0.601010101010101 0.128125 0.01443001443001443
2 0.4640625 0.6006493506493507 0.053125 0.010822510822510822
0 0.6203125 0.6046176046176046 0.103125 0.015873015873015872
2 0.965625 0.6060606060606061 0.053125 0.011544011544011544
0 0.09453125 0.6237373737373737 0.0640625 0.012265512265512266
2 0.4640625 0.6244588744588745 0.05 0.012265512265512266
0 0.634375 0.6323953823953824 0.1 0.015151515151515152
2 0.9625 0.6320346320346321 0.053125 0.011544011544011544
0 0.090625 0.6471861471861472 0.065625 0.012987012987012988
2 0.4640625 0.6482683982683982 0.05 0.012265512265512266
0 0.609375 0.6598124098124099 0.0625 0.007936507936507936
2 0.96796875 0.6601731601731602 0.0515625 0.011544011544011544
2 0.4625 0.6691919191919192 0.05 0.012265512265512266
0 0.62578125 0.6872294372294372 0.0953125 0.012265512265512266
2 0.96875 0.687950937950938 0.040625 0.013708513708513708
0 0.128125 0.6919191919191919 0.134375 0.015873015873015872
2 0.4625 0.6919191919191919 0.05 0.011544011544011544
0 0.14375 0.7157287157287158 0.171875 0.015873015873015872
2 0.4390625 0.7146464646464646 0.103125 0.012265512265512266
0 0.16015625 0.7388167388167388 0.1703125 0.012987012987012988
2 0.4375 0.7384559884559885 0.103125 0.012265512265512266
0 0.1859375 0.7619047619047619 0.2375 0.01443001443001443
2 0.4375 0.762987012987013 0.103125 0.012265512265512266
1 0.26875 0.4440836940836941 0.453125 0.16522366522366522
1 0.2734375 0.5992063492063492 0.41875 0.016594516594516596
0 0.1078125 0.670995670995671 0.1 0.011544011544011544
1 0.27421875 0.6226551226551227 0.4234375 0.01443001443001443
1 0.2734375 0.6479076479076479 0.425 0.017316017316017316
1 0.275 0.6713564213564214 0.428125 0.010822510822510822
1 0.2796875 0.6937229437229437 0.43125 0.018037518037518036
1 0.27265625 0.7157287157287158 0.4234375 0.012987012987012988
1 0.28828125 0.7377344877344877 0.4296875 0.01948051948051948
1 0.27734375 0.7619047619047619 0.4203125 0.017316017316017316
1 0.78203125 0.3834776334776335 0.4328125 0.016594516594516596
1 0.778125 0.4116161616161616 0.409375 0.015151515151515152
1 0.77890625 0.43867243867243866 0.4140625 0.015873015873015872
1 0.78203125 0.46645021645021645 0.4203125 0.016594516594516596
1 0.77734375 0.49386724386724384 0.4234375 0.016594516594516596
1 0.7859375 0.5234487734487735 0.41875 0.012265512265512266
1 0.7828125 0.549062049062049 0.425 0.012987012987012988
1 0.78046875 0.577922077922078 0.4296875 0.012987012987012988
1 0.784375 0.6053391053391053 0.428125 0.017316017316017316
1 0.79140625 0.6320346320346321 0.4171875 0.01443001443001443
1 0.78671875 0.6590909090909091 0.4265625 0.010822510822510822
1 0.78984375 0.6872294372294372 0.4203125 0.013708513708513708
0 0.78671875 0.5782828282828283 0.1046875 0.013708513708513708
0 0.6828125 0.5772005772005772 0.09375 0.012987012987012988
0 0.74921875 0.6046176046176046 0.1390625 0.015873015873015872
