2 0.815597667638484 0.21197916666666666 0.056851311953352766 0.028125
0 0.5626822157434402 0.2140625 0.13702623906705538 0.026041666666666668
2 0.3053935860058309 0.21354166666666666 0.05393586005830904 0.025
0 0.08309037900874636 0.2171875 0.1457725947521866 0.023958333333333335
2 0.814868804664723 0.2557291666666667 0.05539358600583091 0.026041666666666668
0 0.1282798833819242 0.2604166666666667 0.23323615160349853 0.03333333333333333
2 0.30830903790087466 0.25677083333333334 0.05393586005830904 0.03229166666666667
2 0.3053935860058309 0.30104166666666665 0.05102040816326531 0.03333333333333333
0 0.09183673469387756 0.3046875 0.16034985422740525 0.023958333333333335
0 0.6282798833819242 0.3046875 0.2653061224489796 0.030208333333333334
2 0.814868804664723 0.3453125 0.05830903790087463 0.028125
2 0.30685131195335275 0.34791666666666665 0.056851311953352766 0.027083333333333334
0 0.6180758017492711 0.3494791666666667 0.2478134110787172 0.028125
0 0.08090379008746355 0.3515625 0.13556851311953352 0.026041666666666668
2 0.8301749271137027 0.4401041666666667 0.05102040816326531 0.023958333333333335
0 0.6282798833819242 0.44114583333333335 0.2478134110787172 0.026041666666666668
2 0.8287172011661808 0.4796875 0.048104956268221574 0.023958333333333335
0 0.6173469387755102 0.484375 0.22886297376093295 0.027083333333333334
2 0.8294460641399417 0.5213541666666667 0.04956268221574344 0.023958333333333335
0 0.5721574344023324 0.5229166666666667 0.141399416909621 0.022916666666666665
2 0.8294460641399417 0.5619791666666667 0.052478134110787174 0.026041666666666668
0 0.5634110787172012 0.5640625 0.12973760932944606 0.03229166666666667
2 0.3746355685131195 0.6791666666666667 0.0728862973760933 0.03333333333333333
2 0.9052478134110787 0.6802083333333333 0.06997084548104957 0.035416666666666666
0 0.1552478134110787 0.6859375 0.28425655976676384 0.023958333333333335
0 0.6508746355685131 0.6864583333333333 0.30174927113702626 0.027083333333333334
2 0.37900874635568516 0.7203125 0.06705539358600583 0.03229166666666667
2 0.9067055393586005 0.7203125 0.06705539358600583 0.034375
0 0.12463556851311954 0.7244791666666667 0.2230320699708455 0.028125
0 0.6494169096209913 0.7276041666666667 0.30174927113702626 0.034375
2 0.37973760932944606 0.7619791666666667 0.06851311953352769 0.03229166666666667
2 0.9599125364431487 0.7677083333333333 0.04227405247813411 0.022916666666666665
0 0.15597667638483964 0.76875 0.2857142857142857 0.027083333333333334
0 0.6443148688046647 0.7661458333333333 0.2886297376093295 0.030208333333333334
2 0.37973760932944606 0.8026041666666667 0.06851311953352769 0.03229166666666667
0 0.6749271137026239 0.8057291666666667 0.3469387755102041 0.036458333333333336
0 0.10131195335276968 0.8088541666666667 0.17638483965014579 0.030208333333333334
0 0.09037900874635568 0.88125 0.11370262390670553 0.016666666666666666
0 0.564868804664723 0.8833333333333333 0.08892128279883382 0.01875
0 0.31268221574344024 0.8875 0.10058309037900874 0.01875
0 0.858600583090379 0.8875 0.22157434402332363 0.01875
0 0.2033527696793003 0.9119791666666667 0.10641399416909621 0.017708333333333333
2 0.09183673469387756 0.9130208333333333 0.01749271137026239 0.015625
2 0.5685131195335277 0.9130208333333333 0.01749271137026239 0.015625
0 0.4249271137026239 0.93125 0.1880466472303207 0.016666666666666666
0 0.6931486880466472 0.9166666666666666 0.10349854227405247 0.016666666666666666
2 0.8542274052478134 0.9171875 0.029154518950437316 0.015625
2 0.20262390670553937 0.9421875 0.01749271137026239 0.015625
2 0.6931486880466472 0.9458333333333333 0.018950437317784258 0.016666666666666666
2 0.4249271137026239 0.9473958333333333 0.013119533527696793 0.013541666666666667
0 0.5634110787172012 0.26145833333333335 0.13848396501457727 0.022916666666666665
2 0.814868804664723 0.3 0.052478134110787174 0.029166666666666667
2 0.902332361516035 0.8046875 0.0641399416909621 0.03229166666666667
1 0.23760932944606414 0.22135416666666666 0.46355685131195334 0.04479166666666667
1 0.2368804664723032 0.2640625 0.45918367346938777 0.040625
1 0.23542274052478135 0.3078125 0.44752186588921283 0.04479166666666667
1 0.23833819241982507 0.3546875 0.45043731778425655 0.040625
1 0.7317784256559767 0.26510416666666664 0.48104956268221577 0.042708333333333334
1 0.7346938775510204 0.21927083333333333 0.48104956268221577 0.04479166666666667
1 0.7325072886297376 0.309375 0.47959183673469385 0.041666666666666664
1 0.7317784256559767 0.3515625 0.478134110787172 0.040625
1 0.7376093294460642 0.4484375 0.46938775510204084 0.042708333333333334
1 0.7368804664723032 0.4875 0.4708454810495627 0.0375
1 0.7310495626822158 0.5666666666666667 0.47667638483965014 0.04375
1 0.7368804664723032 0.5265625 0.4737609329446064 0.042708333333333334
1 0.23177842565597667 0.7302083333333333 0.44314868804664725 0.052083333333333336
1 0.2325072886297376 0.6869791666666667 0.44169096209912534 0.051041666666666666
1 0.22959183673469388 0.7645833333333333 0.44752186588921283 0.0375
1 0.2325072886297376 0.8177083333333334 0.4446064139941691 0.04791666666666667
1 0.7397959183673469 0.7296875 0.48542274052478135 0.046875
1 0.7397959183673469 0.8119791666666667 0.47959183673469385 0.051041666666666666
1 0.7397959183673469 0.7666666666666667 0.48250728862973763 0.04375
1 0.7383381924198251 0.6817708333333333 0.47667638483965014 0.046875
1 0.08819241982507289 0.8963541666666667 0.11807580174927114 0.051041666666666666
1 0.20918367346938777 0.9286458333333333 0.10349854227405247 0.053125
1 0.31486880466472306 0.89375 0.10495626822157435 0.029166666666666667
1 0.42565597667638483 0.93125 0.18658892128279883 0.05
1 0.5685131195335277 0.896875 0.10204081632653061 0.04791666666666667
1 0.6946064139941691 0.9317708333333333 0.10058309037900874 0.04479166666666667
1 0.8607871720116618 0.9005208333333333 0.2230320699708455 0.051041666666666666
2 0.43513119533527694 0.8078125 0.03935860058309038 0.028125
2 0.4336734693877551 0.7682291666666666 0.03935860058309038 0.028125
2 0.4322157434402332 0.7234375 0.03935860058309038 0.028125
2 0.4322157434402332 0.6869791666666667 0.03935860058309038 0.028125
2 0.9540816326530612 0.8083333333333333 0.04227405247813411 0.022916666666666665
2 0.9584548104956269 0.725 0.04227405247813411 0.022916666666666665
2 0.9599125364431487 0.684375 0.04227405247813411 0.022916666666666665
2 0.9431486880466472 0.5609375 0.052478134110787174 0.026041666666666668
2 0.8862973760932945 0.5609375 0.052478134110787174 0.026041666666666668
2 0.9446064139941691 0.5203125 0.04956268221574344 0.023958333333333335
2 0.8862973760932945 0.5213541666666667 0.04956268221574344 0.023958333333333335
2 0.9453352769679301 0.48072916666666665 0.048104956268221574 0.023958333333333335
2 0.8855685131195336 0.4796875 0.048104956268221574 0.023958333333333335
2 0.9453352769679301 0.4401041666666667 0.05102040816326531 0.023958333333333335
2 0.8884839650145773 0.4401041666666667 0.05102040816326531 0.023958333333333335
2 0.9402332361516035 0.3453125 0.05830903790087463 0.028125
2 0.8775510204081632 0.3463541666666667 0.05830903790087463 0.028125
2 0.9402332361516035 0.303125 0.052478134110787174 0.029166666666666667
2 0.8790087463556852 0.303125 0.052478134110787174 0.029166666666666667
2 0.9387755102040817 0.25677083333333334 0.05539358600583091 0.026041666666666668
2 0.8775510204081632 0.25677083333333334 0.05539358600583091 0.026041666666666668
2 0.8782798833819242 0.2109375 0.056851311953352766 0.028125
2 0.9409620991253644 0.21197916666666666 0.056851311953352766 0.028125
2 0.4322157434402332 0.3489583333333333 0.05393586005830904 0.029166666666666667
2 0.3680758017492711 0.34791666666666665 0.056851311953352766 0.027083333333333334
2 0.4322157434402332 0.303125 0.05102040816326531 0.03333333333333333
2 0.369533527696793 0.303125 0.05102040816326531 0.03333333333333333
2 0.4322157434402332 0.2609375 0.05393586005830904 0.03229166666666667
2 0.369533527696793 0.25885416666666666 0.05393586005830904 0.03229166666666667
2 0.4322157434402332 0.215625 0.05393586005830904 0.025
2 0.369533527696793 0.215625 0.05393586005830904 0.025
0 0.5692419825072886 0.8973958333333333 0.10349854227405247 0.015625
0 0.4249271137026239 0.9151041666666667 0.08309037900874636 0.017708333333333333
0 0.20772594752186588 0.928125 0.06559766763848396 0.016666666666666666
0 0.09620991253644315 0.8979166666666667 0.07871720116618076 0.01875
0 0.6975218658892128 0.9317708333333333 0.06268221574344024 0.015625
0 0.8527696793002916 0.903125 0.1457725947521866 0.016666666666666666
