2 0.39212827988338195 0.10833333333333334 0.06997084548104957 0.035416666666666666
1 0.24271137026239067 0.11875 0.45335276967930027 0.06041666666666667
2 0.446064139941691 0.17239583333333333 0.03498542274052478 0.023958333333333335
0 0.13994169096209913 0.175 0.239067055393586 0.027083333333333334
2 0.3935860058309038 0.22604166666666667 0.0728862973760933 0.035416666666666666
0 0.14285714285714285 0.234375 0.24489795918367346 0.03125
2 0.9373177842565598 0.32916666666666666 0.04081632653061224 0.020833333333333332
0 0.6260932944606414 0.3333333333333333 0.2725947521865889 0.035416666666666666
2 0.8790087463556852 0.3828125 0.06997084548104957 0.034375
0 0.6341107871720116 0.39114583333333336 0.2886297376093295 0.030208333333333334
2 0.8811953352769679 0.4421875 0.06851311953352769 0.036458333333333336
0 0.6596209912536443 0.45 0.3396501457725947 0.03125
0 0.1239067055393586 0.5526041666666667 0.22157434402332363 0.030208333333333334
2 0.9373177842565598 0.5890625 0.037900874635568516 0.021875
0 0.12026239067055394 0.6270833333333333 0.2230320699708455 0.029166666666666667
2 0.8724489795918368 0.6552083333333333 0.06851311953352769 0.03958333333333333
2 0.892128279883382 0.7682291666666666 0.06997084548104957 0.034375
0 0.6064139941690962 0.7760416666666666 0.18950437317784258 0.027083333333333334
2 0.892128279883382 0.8260416666666667 0.06997084548104957 0.035416666666666666
0 0.6581632653061225 0.8348958333333333 0.29300291545189505 0.030208333333333334
2 0.89067055393586 0.8848958333333333 0.06705539358600583 0.034375
0 0.6508746355685131 0.8927083333333333 0.28425655976676384 0.03125
2 0.892128279883382 0.9442708333333333 0.06997084548104957 0.036458333333333336
0 0.6180758017492711 0.9526041666666667 0.21865889212827988 0.034375
1 0.24198250728862974 0.17864583333333334 0.4489795918367347 0.059375
1 0.7266763848396501 0.3333333333333333 0.47667638483965014 0.05625
1 0.4846938775510204 0.5661458333333333 0.9489795918367347 0.071875
1 0.48323615160349853 0.6432291666666666 0.9577259475218659 0.06145833333333333
1 0.7215743440233237 0.7791666666666667 0.42565597667638483 0.06041666666666667
1 0.7215743440233237 0.8421875 0.4198250728862974 0.06145833333333333
1 0.717930029154519 0.9026041666666667 0.42128279883381925 0.05520833333333333
1 0.7208454810495627 0.9588541666666667 0.42128279883381925 0.06145833333333333
0 0.16326530612244897 0.11614583333333334 0.2944606413994169 0.03229166666666667
1 0.7223032069970845 0.3958333333333333 0.47667638483965014 0.05625
2 0.9322157434402333 0.6614583333333334 0.03644314868804665 0.020833333333333332
2 0.8768221574344023 0.5854166666666667 0.06851311953352769 0.03958333333333333
2 0.9395043731778425 0.44583333333333336 0.04227405247813411 0.027083333333333334
2 0.8790087463556852 0.3229166666666667 0.06997084548104957 0.0375
2 0.9358600583090378 0.3885416666666667 0.04081632653061224 0.020833333333333332
2 0.38629737609329445 0.16770833333333332 0.0728862973760933 0.035416666666666666
2 0.45043731778425655 0.23072916666666668 0.03498542274052478 0.023958333333333335
2 0.4489795918367347 0.11614583333333334 0.03498542274052478 0.023958333333333335
1 0.24416909620991253 0.23020833333333332 0.45918367346938777 0.04375