2 0.7048104956268222 0.20572916666666666 0.09183673469387756 0.046875
0 0.20699708454810495 0.2140625 0.3323615160349854 0.036458333333333336
2 0.7018950437317785 0.27291666666666664 0.08600583090379009 0.04791666666666667
0 0.1946064139941691 0.2833333333333333 0.32215743440233235 0.04375
2 0.7026239067055393 0.3375 0.09912536443148688 0.04791666666666667
0 0.27113702623906705 0.3458333333333333 0.4606413994169096 0.04583333333333333
2 0.7040816326530612 0.4036458333333333 0.09329446064139942 0.04895833333333333
0 0.2230320699708455 0.4125 0.36151603498542273 0.041666666666666664
2 0.7077259475218659 0.46822916666666664 0.09475218658892129 0.046875
0 0.24854227405247814 0.478125 0.4067055393586006 0.027083333333333334
2 0.7048104956268222 0.5333333333333333 0.09475218658892129 0.04791666666666667
0 0.2747813411078717 0.5447916666666667 0.4679300291545189 0.0375
2 0.7077259475218659 0.5989583333333334 0.09475218658892129 0.05
0 0.21209912536443148 0.6088541666666667 0.3425655976676385 0.03229166666666667
2 0.7048104956268222 0.6651041666666667 0.09475218658892129 0.04895833333333333
0 0.23177842565597667 0.6739583333333333 0.3819241982507289 0.03125
2 0.7106413994169096 0.8020833333333334 0.10058309037900874 0.05
0 0.1902332361516035 0.8119791666666667 0.30174927113702626 0.042708333333333334
2 0.7128279883381924 0.8703125 0.08746355685131195 0.046875
0 0.16326530612244897 0.8796875 0.2478134110787172 0.040625
2 0.7099125364431487 0.9328125 0.08746355685131195 0.04479166666666667
0 0.16107871720116618 0.9458333333333333 0.2434402332361516 0.03958333333333333
1 0.4336734693877551 0.3421875 0.7623906705539358 0.057291666666666664
1 0.4249271137026239 0.2786458333333333 0.7798833819241983 0.065625
1 0.4271137026239067 0.40625 0.7755102040816326 0.05416666666666667
1 0.4293002915451895 0.4708333333333333 0.7682215743440233 0.05
1 0.4227405247813411 0.546875 0.7667638483965015 0.07708333333333334
1 0.4271137026239067 0.609375 0.7667638483965015 0.07291666666666667
1 0.4271137026239067 0.675 0.7696793002915452 0.07083333333333333
1 0.5123906705539358 0.8776041666666666 0.9489795918367347 0.07604166666666666
1 0.5196793002915452 0.946875 0.9606413994169096 0.07291666666666667
2 0.9577259475218659 0.940625 0.05830903790087463 0.035416666666666666
2 0.7886297376093294 0.9432291666666667 0.061224489795918366 0.034375
2 0.8790087463556852 0.9328125 0.08746355685131195 0.04479166666666667
2 0.8760932944606414 0.8671875 0.08746355685131195 0.046875
2 0.782798833819242 0.8755208333333333 0.061224489795918366 0.034375
2 0.956268221574344 0.8765625 0.061224489795918366 0.034375
2 0.7842565597667639 0.8098958333333334 0.061224489795918366 0.034375
1 0.4271137026239067 0.8104166666666667 0.7813411078717201 0.07708333333333334
2 0.782798833819242 0.6708333333333333 0.061224489795918366 0.041666666666666664
2 0.782798833819242 0.6078125 0.05539358600583091 0.036458333333333336
2 0.7784256559766763 0.540625 0.05830903790087463 0.035416666666666666
2 0.782069970845481 0.4744791666666667 0.06559766763848396 0.03229166666666667
2 0.782069970845481 0.41354166666666664 0.06559766763848396 0.035416666666666666
2 0.7806122448979592 0.34479166666666666 0.0597667638483965 0.035416666666666666
2 0.7806122448979592 0.28020833333333334 0.0597667638483965 0.035416666666666666
2 0.7791545189504373 0.21145833333333333 0.0597667638483965 0.035416666666666666
1 0.42419825072886297 0.20572916666666666 0.7755102040816326 0.053125
