2 0.9548104956268222 0.22760416666666666 0.061224489795918366 0.030208333333333334
0 0.25728862973760935 0.22552083333333334 0.41253644314868804 0.042708333333333334
2 0.8709912536443148 0.28541666666666665 0.08892128279883382 0.05
0 0.3848396501457726 0.30572916666666666 0.6676384839650146 0.05520833333333333
0 0.5641399416909622 0.734375 0.18075801749271136 0.027083333333333334
0 0.14358600583090378 0.7484375 0.17638483965014579 0.053125
2 0.5634110787172012 0.7864583333333334 0.04227405247813411 0.022916666666666665
2 0.14285714285714285 0.8125 0.09912536443148688 0.025
0 0.2747813411078717 0.8744791666666667 0.2434402332361516 0.034375
0 0.7018950437317785 0.8770833333333333 0.24635568513119532 0.029166666666666667
2 0.2762390670553936 0.9286458333333333 0.04518950437317784 0.021875
2 0.7004373177842566 0.9265625 0.03935860058309038 0.021875
1 0.5189504373177842 0.23072916666666668 0.9329446064139941 0.08020833333333334
1 0.5233236151603499 0.29739583333333336 0.9416909620991254 0.07604166666666666
1 0.14212827988338192 0.7723958333333333 0.18513119533527697 0.10104166666666667
1 0.5626822157434402 0.7557291666666667 0.17784256559766765 0.078125
1 0.2725947521865889 0.8989583333333333 0.2536443148688047 0.08333333333333333
1 0.7018950437317785 0.8994791666666667 0.25510204081632654 0.07604166666666666
2 0.9533527696793003 0.2942708333333333 0.061224489795918366 0.030208333333333334
2 0.8724489795918368 0.22083333333333333 0.08892128279883382 0.05
