0 0.5590277777777778 0.27314814814814814 0.10833333333333334 0.018518518518518517
2 0.6440972222222222 0.27037037037037037 0.022916666666666665 0.012962962962962963
0 0.3458333333333333 0.2791666666666667 0.07916666666666666 0.023148148148148147
2 0.44340277777777776 0.2759259259259259 0.01875 0.012962962962962963
2 0.6444444444444445 0.28379629629629627 0.027777777777777776 0.012037037037037037
2 0.4423611111111111 0.2912037037037037 0.025 0.010185185185185186
0 0.540625 0.2884259259259259 0.07152777777777777 0.01574074074074074
0 0.33229166666666665 0.29583333333333334 0.06041666666666667 0.013888888888888888
2 0.44131944444444443 0.30462962962962964 0.024305555555555556 0.012962962962962963
0 0.334375 0.3106481481481482 0.06319444444444444 0.013888888888888888
0 0.540625 0.3037037037037037 0.06736111111111111 0.016666666666666666
0 0.3440972222222222 0.32546296296296295 0.08125 0.019444444444444445
2 0.44340277777777776 0.32083333333333336 0.02013888888888889 0.012037037037037037
0 0.5427083333333333 0.31712962962962965 0.07152777777777777 0.017592592592592594
0 0.5413194444444445 0.33287037037037037 0.06458333333333334 0.01574074074074074
2 0.44131944444444443 0.33611111111111114 0.01875 0.012962962962962963
0 0.3423611111111111 0.33935185185185185 0.06944444444444445 0.013888888888888888
0 0.5694444444444444 0.3421296296296296 0.11527777777777778 0.01574074074074074
2 0.44479166666666664 0.3472222222222222 0.01875 0.012962962962962963
0 0.33993055555555557 0.3541666666666667 0.06458333333333334 0.012037037037037037
2 0.6586805555555556 0.3541666666666667 0.04375 0.01574074074074074
0 0.5642361111111112 0.35833333333333334 0.11041666666666666 0.018518518518518517
0 0.34756944444444443 0.36898148148148147 0.0798611111111111 0.013888888888888888
2 0.44513888888888886 0.36342592592592593 0.019444444444444445 0.013888888888888888
2 0.6458333333333334 0.37083333333333335 0.022222222222222223 0.017592592592592594
0 0.5319444444444444 0.3768518518518518 0.034722222222222224 0.012962962962962963
0 0.34618055555555555 0.3837962962962963 0.08680555555555555 0.01574074074074074
2 0.646875 0.3861111111111111 0.022916666666666665 0.018518518518518517
0 0.5541666666666667 0.3907407407407407 0.07916666666666666 0.018518518518518517
2 0.4444444444444444 0.3912037037037037 0.015277777777777777 0.01574074074074074
0 0.3458333333333333 0.39861111111111114 0.08055555555555556 0.01574074074074074
2 0.4444444444444444 0.40879629629629627 0.022222222222222223 0.01574074074074074
0 0.346875 0.4148148148148148 0.07847222222222222 0.018518518518518517
0 0.34131944444444445 0.42962962962962964 0.06736111111111111 0.014814814814814815
2 0.6489583333333333 0.45555555555555555 0.01875 0.022222222222222223
0 0.5489583333333333 0.4587962962962963 0.06597222222222222 0.013888888888888888
2 0.6493055555555556 0.4708333333333333 0.019444444444444445 0.019444444444444445
0 0.5496527777777778 0.4759259259259259 0.06736111111111111 0.016666666666666666
0 0.5614583333333333 0.4898148148148148 0.08958333333333333 0.014814814814814815
2 0.6506944444444445 0.48657407407407405 0.019444444444444445 0.019444444444444445
2 0.6489583333333333 0.500462962962963 0.021527777777777778 0.017592592592592594
0 0.5607638888888888 0.5032407407407408 0.07013888888888889 0.019444444444444445
2 0.44722222222222224 0.5101851851851852 0.019444444444444445 0.012962962962962963
0 0.33368055555555554 0.5157407407407407 0.050694444444444445 0.012962962962962963
2 0.4486111111111111 0.5430555555555555 0.018055555555555554 0.01574074074074074
0 0.33368055555555554 0.5351851851851852 0.050694444444444445 0.012962962962962963
2 0.44930555555555557 0.5574074074074075 0.018055555555555554 0.012962962962962963
0 0.3451388888888889 0.55 0.0763888888888889 0.014814814814814815
2 0.44930555555555557 0.5745370370370371 0.022222222222222223 0.013888888888888888
0 0.3333333333333333 0.5666666666666667 0.04722222222222222 0.012962962962962963
0 0.3333333333333333 0.5814814814814815 0.05277777777777778 0.020370370370370372
0 0.7121527777777777 0.6712962962962963 0.02013888888888889 0.014814814814814815
0 0.5861111111111111 0.6782407407407407 0.12777777777777777 0.023148148148148147
0 0.7135416666666666 0.6875 0.02013888888888889 0.013888888888888888
0 0.5840277777777778 0.6935185185185185 0.12361111111111112 0.022222222222222223
0 0.7142361111111111 0.7018518518518518 0.01875 0.012962962962962963
0 0.6104166666666667 0.7069444444444445 0.1625 0.026851851851851852
2 0.4722222222222222 0.774537037037037 0.025 0.012037037037037037
0 0.35833333333333334 0.7861111111111111 0.09027777777777778 0.020370370370370372
2 0.6708333333333333 0.7759259259259259 0.02638888888888889 0.012962962962962963
0 0.5618055555555556 0.7851851851851852 0.0763888888888889 0.018518518518518517
2 0.47256944444444443 0.7916666666666666 0.025694444444444443 0.012962962962962963
0 0.3559027777777778 0.8013888888888889 0.08680555555555555 0.019444444444444445
2 0.6729166666666667 0.7902777777777777 0.029166666666666667 0.013888888888888888
0 0.5711805555555556 0.8023148148148148 0.08958333333333333 0.017592592592592594
2 0.4753472222222222 0.8074074074074075 0.034027777777777775 0.012962962962962963
0 0.359375 0.8185185185185185 0.10208333333333333 0.016666666666666666
2 0.6760416666666667 0.8046296296296296 0.03125 0.012962962962962963
0 0.5534722222222223 0.8194444444444444 0.05416666666666667 0.012962962962962963
2 0.4736111111111111 0.8226851851851852 0.027777777777777776 0.017592592592592594
2 0.6763888888888889 0.8231481481481482 0.03194444444444444 0.016666666666666666
0 0.3388888888888889 0.8379629629629629 0.04583333333333333 0.014814814814814815
0 0.5729166666666666 0.8351851851851851 0.09444444444444444 0.022222222222222223
2 0.47673611111111114 0.8407407407407408 0.03680555555555556 0.012962962962962963
0 0.359375 0.8842592592592593 0.08541666666666667 0.018518518518518517
2 0.6777777777777778 0.8388888888888889 0.03194444444444444 0.014814814814814815
0 0.5753472222222222 0.850925925925926 0.09652777777777778 0.020370370370370372
2 0.4756944444444444 0.8560185185185185 0.029166666666666667 0.01574074074074074
0 0.3645833333333333 0.8513888888888889 0.09861111111111111 0.01574074074074074
2 0.6791666666666667 0.8578703703703704 0.03194444444444444 0.019444444444444445
0 0.5753472222222222 0.8662037037037037 0.09652777777777778 0.021296296296296296
2 0.47604166666666664 0.8722222222222222 0.03263888888888889 0.014814814814814815
2 0.6802083333333333 0.874537037037037 0.034027777777777775 0.019444444444444445
0 0.36666666666666664 0.9185185185185185 0.10416666666666667 0.020370370370370372
0 0.5715277777777777 0.8833333333333333 0.08888888888888889 0.020370370370370372
2 0.4753472222222222 0.887962962962963 0.03125 0.018518518518518517
2 0.6809027777777777 0.8875 0.03819444444444445 0.017592592592592594
0 0.3611111111111111 0.8675925925925926 0.0875 0.022222222222222223
0 0.5701388888888889 0.8986111111111111 0.08888888888888889 0.021296296296296296
2 0.4753472222222222 0.9060185185185186 0.03125 0.013888888888888888
2 0.6805555555555556 0.9060185185185186 0.03194444444444444 0.021296296296296296
0 0.3607638888888889 0.9027777777777778 0.09930555555555555 0.014814814814814815
0 0.5604166666666667 0.9180555555555555 0.06388888888888888 0.017592592592592594
2 0.4795138888888889 0.9231481481481482 0.035416666666666666 0.014814814814814815
2 0.6815972222222222 0.924074074074074 0.03263888888888889 0.018518518518518517
0 0.5878472222222222 0.9314814814814815 0.12152777777777778 0.025925925925925925
0 0.35 0.9416666666666667 0.07083333333333333 0.018518518518518517
2 0.4479166666666667 0.5263888888888889 0.019444444444444445 0.017592592592592594
2 0.44375 0.37962962962962965 0.022222222222222223 0.012962962962962963
2 0.6569444444444444 0.33935185185185185 0.04722222222222222 0.012037037037037037
1 0.3763888888888889 0.27824074074074073 0.14305555555555555 0.021296296296296296
1 0.37777777777777777 0.2953703703703704 0.15 0.018518518518518517
1 0.37916666666666665 0.30972222222222223 0.15138888888888888 0.017592592592592594
1 0.3770833333333333 0.3226851851851852 0.1486111111111111 0.021296296296296296
1 0.37916666666666665 0.3384259259259259 0.14722222222222223 0.019444444444444445
1 0.37743055555555555 0.3523148148148148 0.1451388888888889 0.01574074074074074
1 0.37916666666666665 0.3680555555555556 0.15138888888888888 0.01574074074074074
1 0.3802083333333333 0.3814814814814815 0.15347222222222223 0.016666666666666666
1 0.37916666666666665 0.3976851851851852 0.15138888888888888 0.017592592592592594
1 0.38090277777777776 0.41203703703703703 0.14930555555555555 0.016666666666666666
1 0.38229166666666664 0.5148148148148148 0.14652777777777778 0.020370370370370372
1 0.3815972222222222 0.5305555555555556 0.14791666666666667 0.018518518518518517
1 0.3819444444444444 0.5476851851851852 0.1527777777777778 0.021296296296296296
1 0.38263888888888886 0.5625 0.1486111111111111 0.021296296296296296
1 0.5791666666666667 0.27175925925925926 0.14722222222222223 0.017592592592592594
1 0.5798611111111112 0.28703703703703703 0.1486111111111111 0.016666666666666666
1 0.59375 0.3435185185185185 0.16527777777777777 0.018518518518518517
1 0.59375 0.3574074074074074 0.16944444444444445 0.016666666666666666
1 0.5850694444444444 0.3726851851851852 0.1423611111111111 0.017592592592592594
1 0.5847222222222223 0.38796296296296295 0.14305555555555555 0.018518518518518517
1 0.5871527777777777 0.45601851851851855 0.14375 0.025
1 0.5871527777777777 0.46944444444444444 0.14375 0.016666666666666666
1 0.5875 0.48657407407407405 0.14305555555555555 0.017592592592592594
1 0.5881944444444445 0.5009259259259259 0.14166666666666666 0.020370370370370372
1 0.39791666666666664 0.7976851851851852 0.17083333333333334 0.023148148148148147
1 0.3972222222222222 0.7800925925925926 0.1763888888888889 0.026851851851851852
1 0.4027777777777778 0.8537037037037037 0.17222222222222222 0.03333333333333333
1 0.4013888888888889 0.812962962962963 0.1736111111111111 0.024074074074074074
1 0.4013888888888889 0.8185185185185185 0.1736111111111111 0.03333333333333333
1 0.40243055555555557 0.8643518518518518 0.17291666666666666 0.032407407407407406
1 0.40208333333333335 0.8976851851851851 0.175 0.030555555555555555
1 0.4048611111111111 0.9231481481481482 0.18333333333333332 0.018518518518518517
1 0.5819444444444445 0.26990740740740743 0.15555555555555556 0.013888888888888888
1 0.5791666666666667 0.2861111111111111 0.14722222222222223 0.016666666666666666
1 0.5934027777777777 0.3421296296296296 0.16875 0.017592592592592594
1 0.5947916666666667 0.35462962962962963 0.16875 0.014814814814814815
1 0.5815972222222222 0.3685185185185185 0.1451388888888889 0.009259259259259259
1 0.5836805555555555 0.387037037037037 0.14375 0.020370370370370372
1 0.6225694444444444 0.6708333333333333 0.20208333333333334 0.026851851851851852
1 0.6236111111111111 0.687037037037037 0.2 0.024074074074074074
1 0.628125 0.7032407407407407 0.19930555555555557 0.026851851851851852
1 0.6038194444444445 0.7800925925925926 0.16180555555555556 0.025
1 0.6045138888888889 0.7962962962962963 0.15763888888888888 0.02962962962962963
1 0.6048611111111111 0.8125 0.1597222222222222 0.023148148148148147
1 0.60625 0.8296296296296296 0.15694444444444444 0.025925925925925925
1 0.6052083333333333 0.8449074074074074 0.16180555555555556 0.025
1 0.6090277777777777 0.8611111111111112 0.16527777777777777 0.025925925925925925
1 0.6076388888888888 0.8768518518518519 0.16805555555555557 0.025925925925925925
1 0.6086805555555556 0.8939814814814815 0.16875 0.030555555555555555
1 0.6097222222222223 0.9115740740740741 0.1625 0.030555555555555555
1 0.6104166666666667 0.9273148148148148 0.16111111111111112 0.028703703703703703
0 0.3392361111111111 0.44537037037037036 0.06319444444444444 0.016666666666666666
