0 0.2878464818763326 0.40865384615384615 0.5031982942430704 0.040865384615384616
0 0.26652452025586354 0.4579326923076923 0.4605543710021322 0.040865384615384616
0 0.22281449893390193 0.5030048076923077 0.373134328358209 0.04447115384615385
0 0.18443496801705758 0.5522836538461539 0.3006396588486141 0.054086538461538464
0 0.21321961620469082 0.6027644230769231 0.35394456289978676 0.046875
0 0.2515991471215352 0.6502403846153846 0.4349680170575693 0.05048076923076923
0 0.1812366737739872 0.6965144230769231 0.2814498933901919 0.03485576923076923
0 0.1812366737739872 0.7439903846153846 0.2857142857142857 0.040865384615384616
0 0.23134328358208955 0.7980769230769231 0.3816631130063966 0.040865384615384616
0 0.18336886993603413 0.8431490384615384 0.2857142857142857 0.03485576923076923
0 0.2068230277185501 0.8960336538461539 0.3368869936034115 0.051682692307692304
2 0.2835820895522388 0.34915865384615385 0.39658848614072495 0.042067307692307696
2 0.7132196162046909 0.3515625 0.373134328358209 0.05889423076923077
