0 0.2622601279317697 0.47836538461538464 0.4562899786780384 0.052884615384615384
0 0.2995735607675906 0.5426682692307693 0.5223880597014925 0.056490384615384616
0 0.7974413646055437 0.5631009615384616 0.21748400852878466 0.030048076923076924
2 0.6812366737739872 0.6346153846153846 0.17697228144989338 0.052884615384615384
0 0.27825159914712155 0.7289663461538461 0.4925373134328358 0.056490384615384616
0 0.26439232409381663 0.7962740384615384 0.464818763326226 0.054086538461538464
0 0.44136460554371004 0.8653846153846154 0.8102345415778252 0.04807692307692308
0 0.4253731343283582 0.4098557692307692 0.7697228144989339 0.0625
2 0.2846481876332623 0.34375 0.4072494669509595 0.0673076923076923
2 0.720682302771855 0.3467548076923077 0.40085287846481876 0.054086538461538464
0 0.31130063965884863 0.6352163461538461 0.5501066098081023 0.051682692307692304
1 0.3997867803837953 0.6328125 0.7356076759061834 0.051682692307692304
