0 0.1886993603411514 0.37740384615384615 0.2537313432835821 0.03365384615384615
0 0.39019189765458423 0.41947115384615385 0.6567164179104478 0.03125
0 0.3699360341151386 0.49158653846153844 0.6119402985074627 0.036057692307692304
0 0.38272921108742003 0.5306490384615384 0.6417910447761194 0.03485576923076923
0 0.39658848614072495 0.5697115384615384 0.6567164179104478 0.03365384615384615
0 0.42217484008528783 0.6069711538461539 0.7121535181236673 0.03365384615384615
0 0.34754797441364604 0.6448317307692307 0.55863539445629 0.03245192307692308
0 0.35501066098081024 0.6808894230769231 0.5778251599147122 0.03485576923076923
0 0.43816631130063965 0.71875 0.744136460554371 0.036057692307692304
0 0.21428571428571427 0.7554086538461539 0.2878464818763326 0.03245192307692308
0 0.20149253731343283 0.7932692307692307 0.2622601279317697 0.028846153846153848
0 0.20149253731343283 0.8287259615384616 0.26652452025586354 0.030048076923076924
0 0.21855010660980811 0.8659855769230769 0.3049040511727079 0.030048076923076924
0 0.18017057569296374 0.90625 0.2281449893390192 0.026442307692307692
2 0.8848614072494669 0.6063701923076923 0.1791044776119403 0.037259615384615384
2 0.29637526652452023 0.32992788461538464 0.3837953091684435 0.042067307692307696
2 0.7078891257995735 0.3329326923076923 0.36673773987206826 0.04567307692307692
2 0.35714285714285715 0.38100961538461536 0.06609808102345416 0.028846153846153848
1 0.511727078891258 0.6069711538461539 0.9168443496801706 0.03365384615384615
1 0.232409381663113 0.3780048076923077 0.3326226012793177 0.03485576923076923
