0 0.2921108742004264 0.3191105769230769 0.5245202558635395 0.03245192307692308
2 0.9264392324093816 0.3245192307692308 0.08315565031982942 0.016826923076923076
0 0.19509594882729211 0.35396634615384615 0.326226012793177 0.025240384615384616
2 0.9275053304904051 0.35396634615384615 0.08102345415778252 0.018028846153846152
0 0.19402985074626866 0.3858173076923077 0.3283582089552239 0.028846153846153848
2 0.9275053304904051 0.38461538461538464 0.08102345415778252 0.019230769230769232
0 0.22494669509594883 0.4128605769230769 0.34328358208955223 0.030048076923076924
2 0.9264392324093816 0.41346153846153844 0.07889125799573561 0.019230769230769232
0 0.21535181236673773 0.4453125 0.3624733475479744 0.027644230769230768
2 0.9264392324093816 0.44290865384615385 0.07889125799573561 0.018028846153846152
0 0.31769722814498935 0.4753605769230769 0.5671641791044776 0.027644230769230768
2 0.9221748400852878 0.47475961538461536 0.08315565031982942 0.016826923076923076
0 0.32196162046908317 0.5042067307692307 0.5373134328358209 0.03245192307692308
2 0.917910447761194 0.5084134615384616 0.06183368869936034 0.014423076923076924
0 0.2835820895522388 0.5390625 0.5074626865671642 0.03245192307692308
2 0.9221748400852878 0.5420673076923077 0.08315565031982942 0.019230769230769232
2 0.8166311300639659 0.5847355769230769 0.2260127931769723 0.03245192307692308
0 0.21535181236673773 0.6159855769230769 0.31130063965884863 0.027644230769230768
0 0.22174840085287847 0.6442307692307693 0.32409381663113007 0.03125
0 0.19722814498933902 0.6736778846153846 0.27505330490405117 0.027644230769230768
0 0.24520255863539445 0.7409855769230769 0.3624733475479744 0.030048076923076924
2 0.9189765458422174 0.7403846153846154 0.09381663113006397 0.021634615384615384
0 0.2867803837953092 0.765625 0.44136460554371004 0.028846153846153848
2 0.920042643923241 0.7638221153846154 0.08742004264392324 0.020432692307692308
0 0.19509594882729211 0.7902644230769231 0.2579957356076759 0.025240384615384616
2 0.9307036247334755 0.7902644230769231 0.06609808102345416 0.020432692307692308
0 0.2281449893390192 0.8161057692307693 0.32409381663113007 0.02403846153846154
2 0.9253731343283582 0.8167067307692307 0.0767590618336887 0.020432692307692308
0 0.16204690831556504 0.8425480769230769 0.19189765458422176 0.021634615384615384
2 0.9307036247334755 0.8419471153846154 0.06609808102345416 0.020432692307692308
0 0.18017057569296374 0.8683894230769231 0.23667377398720682 0.030048076923076924
2 0.9317697228144989 0.8695913461538461 0.06823027718550106 0.015625
0 0.24093816631130063 0.8936298076923077 0.35394456289978676 0.03485576923076923
2 0.9307036247334755 0.8936298076923077 0.06609808102345416 0.020432692307692308
0 0.21215351812366737 0.9188701923076923 0.2921108742004264 0.02283653846153846
2 0.9253731343283582 0.9194711538461539 0.08102345415778252 0.021634615384615384
1 0.5010660980810234 0.32271634615384615 0.9424307036247335 0.037259615384615384
1 0.4989339019189765 0.3515625 0.9339019189765458 0.027644230769230768
1 0.5 0.38221153846153844 0.9445628997867804 0.03125
1 0.4968017057569296 0.41225961538461536 0.9339019189765458 0.02403846153846154
1 0.5 0.4423076923076923 0.9402985074626866 0.02403846153846154
1 0.4946695095948827 0.4753605769230769 0.9424307036247335 0.030048076923076924
1 0.5010660980810234 0.5090144230769231 0.9381663113006397 0.03245192307692308
1 0.4989339019189765 0.5414663461538461 0.9339019189765458 0.030048076923076924
1 0.511727078891258 0.7361778846153846 0.8955223880597015 0.027644230769230768
1 0.5149253731343284 0.7674278846153846 0.906183368869936 0.027644230769230768
1 0.5223880597014925 0.7920673076923077 0.9339019189765458 0.019230769230769232
1 0.5170575692963753 0.8173076923076923 0.9104477611940298 0.026442307692307692
1 0.511727078891258 0.8449519230769231 0.9040511727078892 0.026442307692307692
1 0.5223880597014925 0.8659855769230769 0.9253731343283582 0.025240384615384616
1 0.5223880597014925 0.8924278846153846 0.9040511727078892 0.020432692307692308
1 0.5202558635394456 0.9224759615384616 0.8997867803837953 0.02283653846153846
0 0.20788912579957355 0.5817307692307693 0.373134328358209 0.040865384615384616
1 0.47867803837953093 0.5823317307692307 0.9104477611940298 0.042067307692307696
