0 0.2515991471215352 0.390625 0.42217484008528783 0.038461538461538464
0 0.28038379530916846 0.44350961538461536 0.488272921108742 0.05048076923076923
0 0.35927505330490406 0.49278846153846156 0.6460554371002132 0.05048076923076923
0 0.2931769722814499 0.5462740384615384 0.5138592750533049 0.042067307692307696
0 0.31343283582089554 0.5919471153846154 0.5501066098081023 0.04927884615384615
0 0.31769722814498935 0.6436298076923077 0.4861407249466951 0.04927884615384615
0 0.2622601279317697 0.6947115384615384 0.4520255863539446 0.04326923076923077
0 0.28038379530916846 0.7451923076923077 0.4840085287846482 0.04326923076923077
0 0.31449893390191896 0.7932692307692307 0.5522388059701493 0.04567307692307692
0 0.3368869936034115 0.8425480769230769 0.5245202558635395 0.04807692307692308
0 0.3049040511727079 0.8930288461538461 0.4562899786780384 0.04567307692307692
2 0.28038379530916846 0.3449519230769231 0.4072494669509595 0.05048076923076923
2 0.7292110874200426 0.34435096153846156 0.39232409381663114 0.042067307692307696
