0 0.19616204690831557 0.3329326923076923 0.2857142857142857 0.036057692307692304
0 0.22068230277185502 0.37740384615384615 0.3347547974413646 0.03365384615384615
2 0.8624733475479744 0.3780048076923077 0.17270788912579957 0.03245192307692308
0 0.21961620469083157 0.4248798076923077 0.26439232409381663 0.037259615384615384
2 0.8635394456289979 0.42427884615384615 0.17057569296375266 0.03125
2 0.8646055437100213 0.4699519230769231 0.17270788912579957 0.03365384615384615
0 0.2345415778251599 0.47415865384615385 0.35394456289978676 0.037259615384615384
0 0.23987206823027718 0.5180288461538461 0.3773987206823028 0.03365384615384615
2 0.8646055437100213 0.5168269230769231 0.17270788912579957 0.03125
0 0.31343283582089554 0.5655048076923077 0.5202558635394456 0.04927884615384615
2 0.8646055437100213 0.5637019230769231 0.17270788912579957 0.03125
2 0.8635394456289979 0.609375 0.17484008528784648 0.03365384615384615
0 0.27185501066098083 0.6129807692307693 0.43710021321961623 0.038461538461538464
0 0.24946695095948826 0.6592548076923077 0.39658848614072495 0.042067307692307696
2 0.8635394456289979 0.65625 0.17057569296375266 0.03365384615384615
0 0.24946695095948826 0.7055288461538461 0.39658848614072495 0.04326923076923077
2 0.8635394456289979 0.703125 0.17057569296375266 0.03125
0 0.2579957356076759 0.7512019230769231 0.417910447761194 0.04807692307692308
2 0.8635394456289979 0.7487980769230769 0.17057569296375266 0.03365384615384615
0 0.2515991471215352 0.7974759615384616 0.39658848614072495 0.046875
2 0.8635394456289979 0.7956730769230769 0.17057569296375266 0.03365384615384615
0 0.3603411513859275 0.8449519230769231 0.5458422174840085 0.04326923076923077
2 0.8678038379530917 0.8425480769230769 0.18336886993603413 0.03125
0 0.3272921108742004 0.8900240384615384 0.5479744136460555 0.046875
2 0.8678038379530917 0.8882211538461539 0.18336886993603413 0.03365384615384615
2 0.8656716417910447 0.33353365384615385 0.1791044776119403 0.03485576923076923
1 0.502132196162047 0.3329326923076923 0.8933901918976546 0.038461538461538464
1 0.4989339019189765 0.37680288461538464 0.8997867803837953 0.039663461538461536
1 0.5063965884861408 0.42728365384615385 0.906183368869936 0.039663461538461536
1 0.509594882729211 0.4699519230769231 0.9040511727078892 0.04326923076923077
1 0.5063965884861408 0.5144230769230769 0.8891257995735607 0.04567307692307692
1 0.5010660980810234 0.5637019230769231 0.8997867803837953 0.04807692307692308
1 0.5010660980810234 0.5631009615384616 0.908315565031983 0.042067307692307696
1 0.5053304904051172 0.6159855769230769 0.8912579957356077 0.04447115384615385
1 0.5010660980810234 0.6628605769230769 0.9125799573560768 0.042067307692307696
1 0.4989339019189765 0.6628605769230769 0.908315565031983 0.04927884615384615
1 0.5010660980810234 0.7061298076923077 0.908315565031983 0.037259615384615384
1 0.4989339019189765 0.7506009615384616 0.908315565031983 0.046875
1 0.5042643923240938 0.7992788461538461 0.9019189765458422 0.04567307692307692
1 0.5063965884861408 0.8449519230769231 0.9019189765458422 0.038461538461538464
1 0.5042643923240938 0.8918269230769231 0.9104477611940298 0.05048076923076923
