2 0.8432835820895522 0.28305288461538464 0.17270788912579957 0.046875
0 0.267590618336887 0.3479567307692308 0.4626865671641791 0.042067307692307696
0 0.27185501066098083 0.390625 0.4669509594882729 0.04567307692307692
0 0.2835820895522388 0.4332932692307692 0.48187633262260127 0.042067307692307696
0 0.24307036247334754 0.47415865384615385 0.4051172707889126 0.03245192307692308
0 0.21321961620469082 0.5985576923076923 0.3582089552238806 0.04567307692307692
0 0.20575692963752665 0.6424278846153846 0.3304904051172708 0.03485576923076923
0 0.302771855010661 0.6862980769230769 0.4562899786780384 0.03365384615384615
0 0.18017057569296374 0.7890625 0.279317697228145 0.03245192307692308
2 0.8837953091684435 0.7920673076923077 0.11300639658848614 0.026442307692307692
0 0.21535181236673773 0.8311298076923077 0.2771855010660981 0.03485576923076923
2 0.8837953091684435 0.8341346153846154 0.11300639658848614 0.026442307692307692
0 0.22707889125799574 0.8689903846153846 0.3006396588486141 0.03365384615384615
2 0.8837953091684435 0.8756009615384616 0.11300639658848614 0.027644230769230768
0 0.2697228144989339 0.9116586538461539 0.3859275053304904 0.042067307692307696
2 0.8837953091684435 0.9158653846153846 0.11300639658848614 0.026442307692307692
2 0.6577825159914712 0.5967548076923077 0.5010660980810234 0.037259615384615384
1 0.4626865671641791 0.5955528846153846 0.8486140724946695 0.037259615384615384
1 0.4936034115138593 0.7896634615384616 0.9104477611940298 0.038461538461538464
1 0.4978678038379531 0.8335336538461539 0.9019189765458422 0.039663461538461536
1 0.5053304904051172 0.875 0.8869936034115139 0.03125
1 0.511727078891258 0.9158653846153846 0.8827292110874201 0.038461538461538464
