2 0.9114583333333334 0.28541666666666665 0.05625 0.03194444444444444
0 0.6177083333333333 0.3173611111111111 0.09375 0.04027777777777778
2 0.909375 0.3215277777777778 0.05416666666666667 0.03194444444444444
0 0.653125 0.34652777777777777 0.15833333333333333 0.04027777777777778
2 0.9088541666666666 0.35694444444444445 0.053125 0.03333333333333333
0 0.6234375 0.3819444444444444 0.08854166666666667 0.03333333333333333
0 0.7286458333333333 0.3784722222222222 0.2947916666666667 0.029166666666666667
2 0.6734375 0.55 0.040625 0.022222222222222223
0 0.46979166666666666 0.5513888888888889 0.07291666666666667 0.022222222222222223
0 0.4796875 0.5784722222222223 0.08645833333333333 0.02361111111111111
2 0.6770833333333334 0.575 0.041666666666666664 0.019444444444444445
0 0.5416666666666666 0.6013888888888889 0.2 0.022222222222222223
2 0.671875 0.6027777777777777 0.027083333333333334 0.019444444444444445
0 0.4895833333333333 0.6243055555555556 0.09166666666666666 0.029166666666666667
2 0.6729166666666667 0.6284722222222222 0.027083333333333334 0.020833333333333332
0 0.48125 0.6472222222222223 0.06458333333333334 0.019444444444444445
2 0.6734375 0.6527777777777778 0.028125 0.019444444444444445
0 0.4739583333333333 0.6694444444444444 0.04375 0.025
2 0.671875 0.6840277777777778 0.01875 0.009722222222222222
0 0.5161458333333333 0.7597222222222222 0.109375 0.025
2 0.6260416666666667 0.7673611111111112 0.035416666666666666 0.020833333333333332
0 0.7359375 0.7784722222222222 0.10729166666666666 0.034722222222222224
0 0.5510416666666667 0.7625 0.1875 0.030555555555555555
2 0.8770833333333333 0.7888888888888889 0.03958333333333333 0.022222222222222223
2 0.628125 0.7902777777777777 0.03958333333333333 0.022222222222222223
0 0.4973958333333333 0.7986111111111112 0.05520833333333333 0.025
0 0.7385416666666667 0.8020833333333334 0.11041666666666666 0.03194444444444444
2 0.628125 0.8138888888888889 0.03125 0.019444444444444445
2 0.8770833333333333 0.8145833333333333 0.03958333333333333 0.020833333333333332
0 0.5015625 0.81875 0.059375 0.02638888888888889
0 0.7364583333333333 0.8256944444444444 0.10416666666666667 0.04027777777777778
2 0.6291666666666667 0.8333333333333334 0.035416666666666666 0.022222222222222223
0 0.5276041666666667 0.84375 0.10520833333333333 0.0375
2 0.8786458333333333 0.8388888888888889 0.04479166666666667 0.027777777777777776
2 0.63125 0.85625 0.035416666666666666 0.02638888888888889
2 0.9072916666666667 0.3902777777777778 0.05416666666666667 0.030555555555555555
1 0.753125 0.32708333333333334 0.3625 0.07083333333333333
1 0.7557291666666667 0.3034722222222222 0.3614583333333333 0.05694444444444444
1 0.7552083333333334 0.36319444444444443 0.3541666666666667 0.04861111111111111
1 0.7588541666666667 0.39861111111111114 0.353125 0.044444444444444446
1 0.5645833333333333 0.55 0.2625 0.025
1 0.5661458333333333 0.5756944444444444 0.265625 0.02361111111111111
1 0.5635416666666667 0.6034722222222222 0.24583333333333332 0.020833333333333332
1 0.5651041666666666 0.6277777777777778 0.24270833333333333 0.022222222222222223
1 0.56875 0.6506944444444445 0.23958333333333334 0.02361111111111111
1 0.5692708333333333 0.6770833333333334 0.23854166666666668 0.029166666666666667
1 0.5552083333333333 0.7868055555555555 0.18333333333333332 0.034722222222222224
1 0.5583333333333333 0.8111111111111111 0.17708333333333334 0.03611111111111111
1 0.5598958333333334 0.8277777777777777 0.17604166666666668 0.03611111111111111
1 0.565625 0.8541666666666666 0.17083333333333334 0.04722222222222222
1 0.7895833333333333 0.7840277777777778 0.22083333333333333 0.04583333333333333
1 0.7916666666666666 0.8083333333333333 0.21875 0.03888888888888889
1 0.7916666666666666 0.8326388888888889 0.21875 0.0375
