0 0.1463932107496464 0.122 0.22206506364922207 0.019
0 0.14321074964639322 0.15175 0.21428571428571427 0.0185
0 0.6764497878359265 0.1675 0.23125884016973125 0.024
0 0.17114568599717114 0.18175 0.27157001414427157 0.0185
0 0.6944837340876945 0.19825 0.26732673267326734 0.0225
0 0.1318953323903819 0.2125 0.19306930693069307 0.022
0 0.67998585572843 0.22675 0.23974540311173975 0.0285
0 0.1463932107496464 0.24225 0.22206506364922207 0.0175
0 0.6492220650636492 0.25725 0.173974540311174 0.0185
0 0.18458274398868457 0.273 0.297029702970297 0.019
0 0.6446251768033946 0.28725 0.16478076379066478 0.0185
0 0.6495756718528995 0.31725 0.1775106082036775 0.0185
0 0.6456859971711457 0.348 0.1669024045261669 0.02
0 0.6446251768033946 0.3785 0.16478076379066478 0.019
0 0.16053748231966053 0.439 0.24186704384724186 0.02
2 0.43458274398868457 0.439 0.04596888260254597 0.021
0 0.13932107496463933 0.46625 0.20084865629420084 0.0235
2 0.4335219236209335 0.46525 0.04667609618104668 0.0195
0 0.7231258840169731 0.4855 0.19024045261669023 0.029
2 0.9183168316831684 0.485 0.04314002828854314 0.016
0 0.21287128712871287 0.494 0.3592644978783593 0.027
0 0.7415134370579916 0.5165 0.2256011315417256 0.019
2 0.919024045261669 0.51575 0.04596888260254597 0.0185
0 0.21605374823196605 0.523 0.3613861386138614 0.024
0 0.748939179632249 0.54625 0.24045261669024046 0.0185
2 0.92008486562942 0.54625 0.04526166902404526 0.0185
0 0.10537482319660538 0.54825 0.13154172560113153 0.0175
0 0.7305516265912305 0.57775 0.2036775106082037 0.0215
2 0.919024045261669 0.5765 0.04314002828854314 0.016
0 0.7397454031117398 0.60825 0.22206506364922207 0.0225
2 0.92008486562942 0.6075 0.04526166902404526 0.019
0 0.7351485148514851 0.6375 0.21287128712871287 0.019
2 0.919024045261669 0.6375 0.04314002828854314 0.016
0 0.748939179632249 0.6675 0.24045261669024046 0.019
2 0.919024045261669 0.6675 0.04314002828854314 0.016
0 0.7238330975954739 0.6975 0.19024045261669023 0.019
2 0.9197312588401697 0.6985 0.04314002828854314 0.016
0 0.13755304101838756 0.709 0.20297029702970298 0.024
2 0.2683875530410184 0.73375 0.03041018387553041 0.0205
0 0.7238330975954739 0.7295 0.19024045261669023 0.02
2 0.9193776520509194 0.7285 0.04667609618104668 0.021
0 0.1364922206506365 0.7325 0.20084865629420084 0.019
0 0.7287835926449788 0.76 0.20014144271570014 0.024
0 0.13083451202263083 0.76 0.19094766619519093 0.025
2 0.92008486562942 0.75875 0.04526166902404526 0.0185
0 0.11987270155586988 0.78725 0.16902404526166903 0.0185
0 0.08415841584158416 0.81325 0.09618104667609619 0.0185
0 0.19695898161244696 0.8485 0.1166902404526167 0.019
2 0.41195190947666194 0.84975 0.03041018387553041 0.0185
0 0.19731258840169733 0.87575 0.12022630834512023 0.0215
2 0.41371994342291374 0.87525 0.0297029702970297 0.0175
0 0.18635077793493635 0.9005 0.0983026874115983 0.019
2 0.41654879773691655 0.90075 0.04101838755304102 0.0155
0 0.25742574257425743 0.92625 0.24045261669024046 0.0245
0 0.2584865629420085 0.9535 0.24398868458274398 0.025
0 0.9218528995756718 0.96125 0.09264497878359264 0.0235
0 0.7623762376237624 0.96525 0.0891089108910891 0.0245
0 0.9123055162659123 0.97775 0.06930693069306931 0.0235
0 0.7553041018387553 0.98125 0.07072135785007072 0.0245
2 0.43316831683168316 0.49425 0.04172560113154172 0.0195
2 0.43316831683168316 0.52025 0.04172560113154172 0.0225
2 0.2698019801980198 0.709 0.03606789250353607 0.015
2 0.27015558698727016 0.76175 0.03253182461103253 0.0245
2 0.2662659123055163 0.7885 0.02616690240452617 0.019
2 0.2676803394625177 0.81575 0.028995756718528994 0.0195
2 0.4169024045261669 0.92725 0.04596888260254597 0.0215
2 0.41796322489391796 0.953 0.04101838755304102 0.021
1 0.27722772277227725 0.44 0.4809052333804809 0.023
1 0.2743988684582744 0.467 0.4823196605374823 0.024
1 0.2722772277227723 0.49475 0.4809052333804809 0.0255
1 0.27263083451202264 0.52125 0.4816124469589816 0.0235
1 0.1623055162659123 0.70825 0.2553041018387553 0.0255
1 0.16053748231966053 0.7335 0.25035360678925034 0.021
1 0.1637199434229137 0.7585 0.24964639321074963 0.023
1 0.15876944837340876 0.78675 0.24681753889674682 0.0195
1 0.15983026874115983 0.81375 0.24893917963224893 0.0265
1 0.28465346534653463 0.85 0.29490806223479493 0.022
1 0.2842998585572843 0.874 0.2942008486562942 0.021
1 0.2881895332390382 0.89925 0.30056577086280056 0.0225
2 0.2881895332390382 0.92475 0.30056577086280056 0.0225
1 0.2913719943422914 0.9555 0.2984441301272984 0.026
1 0.785007072135785 0.484 0.314002828854314 0.031
1 0.7842998585572843 0.51575 0.31541725601131543 0.0325
1 0.7857142857142857 0.54675 0.31117397454031115 0.0275
1 0.7864214992927864 0.57525 0.31117397454031115 0.0315
1 0.786067892503536 0.60675 0.318953323903819 0.0225
1 0.786067892503536 0.6395 0.3147100424328147 0.022
1 0.7881895332390382 0.666 0.318953323903819 0.02
1 0.7871287128712872 0.695 0.31824611032531824 0.026
1 0.785007072135785 0.6985 0.31683168316831684 0.025
1 0.785007072135785 0.7275 0.31683168316831684 0.03
1 0.785007072135785 0.7555 0.31824611032531824 0.029
2 0.49045261669024043 0.52225 0.04172560113154172 0.0225
2 0.49045261669024043 0.49275 0.04172560113154172 0.0195
2 0.4915134370579915 0.46625 0.04667609618104668 0.0195
2 0.48974540311173975 0.438 0.04596888260254597 0.021
