2 0.8712871287128713 0.0885 0.10466760961810467 0.024
0 0.13755304101838756 0.09525 0.2256011315417256 0.0225
2 0.3511315417256011 0.09675 0.09264497878359264 0.0175
0 0.6393210749646393 0.101 0.14285714285714285 0.021
2 0.8712871287128713 0.122 0.10183875530410184 0.019
0 0.11244695898161244 0.126 0.1782178217821782 0.028
2 0.34865629420084865 0.12325 0.09335219236209336 0.0165
0 0.6513437057991514 0.13225 0.1669024045261669 0.0215
0 0.8712871287128713 0.153 0.10325318246110325 0.023
0 0.0785007072135785 0.1545 0.1074964639321075 0.019
2 0.3493635077793494 0.15375 0.09618104667609619 0.0145
0 0.67998585572843 0.161 0.22701555869872703 0.019
0 0.10254596888260255 0.1845 0.15558698727015557 0.019
2 0.871994342291372 0.18625 0.10183875530410184 0.0225
2 0.3511315417256011 0.18625 0.09688826025459689 0.0175
0 0.6467468175388967 0.191 0.15770862800565771 0.019
0 0.07142857142857142 0.21575 0.09759547383309759 0.0235
2 0.3511315417256011 0.21625 0.09688826025459689 0.0175
0 0.6877652050919377 0.218 0.23974540311173975 0.034
0 0.08628005657708628 0.24425 0.12446958981612447 0.0165
2 0.3493635077793494 0.246 0.09476661951909476 0.02
0 0.6605374823196606 0.252 0.18953323903818953 0.021
0 0.8723479490806223 0.2505 0.10113154172560113 0.021
0 0.06082036775106082 0.277 0.07637906647807638 0.024
2 0.35007072135785006 0.277 0.09618104667609619 0.02
0 0.6403818953323904 0.28175 0.1463932107496464 0.0285
2 0.871994342291372 0.283 0.10183875530410184 0.021
0 0.6318953323903819 0.3785 0.128005657708628 0.019
2 0.8730551626591231 0.37925 0.09547383309759547 0.0205
0 0.12093352192362093 0.40225 0.1966053748231966 0.0265
2 0.458981612446959 0.4025 0.09476661951909476 0.015
0 0.6633663366336634 0.40875 0.19094766619519093 0.0235
2 0.8723479490806223 0.40775 0.09405940594059406 0.0185
0 0.20297029702970298 0.435 0.3564356435643564 0.023
2 0.458981612446959 0.43275 0.09618104667609619 0.0205
0 0.6686704384724187 0.43825 0.20155586987270155 0.0185
2 0.8702263083451203 0.4375 0.09264497878359264 0.015
0 0.20297029702970298 0.465 0.3564356435643564 0.023
2 0.45792079207920794 0.4645 0.09264497878359264 0.016
0 0.690947666195191 0.46775 0.24893917963224893 0.0235
0 0.15841584158415842 0.49425 0.26874115983026875 0.0215
2 0.4596888260254597 0.49475 0.09335219236209336 0.0175
0 0.6895332390381895 0.501 0.24328147100424327 0.027
0 0.11421499292786422 0.52375 0.18033946251768035 0.0175
2 0.4596888260254597 0.5245 0.09476661951909476 0.02
0 0.6612446958981613 0.5295 0.1867043847241867 0.019
2 0.8723479490806223 0.52875 0.09688826025459689 0.0175
2 0.8702263083451203 0.646 0.09264497878359264 0.02
0 0.6485148514851485 0.65175 0.14992927864214992 0.0185
2 0.8695190947666195 0.67525 0.09123055162659123 0.0165
0 0.6439179632248939 0.6825 0.14214992927864215 0.026
2 0.8688118811881188 0.70525 0.09264497878359264 0.0165
0 0.6485148514851485 0.71325 0.15134370579915135 0.0265
2 0.8688118811881188 0.7355 0.09405940594059406 0.02
0 0.6255304101838756 0.7425 0.10396039603960396 0.02
2 0.8695190947666195 0.7655 0.09547383309759547 0.02
0 0.6283592644978784 0.77425 0.10961810466760961 0.0215
0 0.687057991513437 0.8355 0.30056577086280056 0.021
2 0.9321074964639321 0.835 0.08203677510608204 0.021
0 0.6746817538896747 0.86575 0.27722772277227725 0.0275
2 0.9229137199434229 0.8655 0.09476661951909476 0.016
2 0.8698727015558698 0.152 0.10325318246110325 0.023
2 0.8727015558698727 0.21625 0.1173974540311174 0.0245
2 0.8723479490806223 0.2505 0.10113154172560113 0.021
2 0.8727015558698727 0.46725 0.09900990099009901 0.0205
2 0.8702263083451203 0.4985 0.0983026874115983 0.015
1 0.20898161244695898 0.09375 0.3727015558698727 0.0225
1 0.214992927864215 0.12525 0.37057991513437055 0.0295
1 0.214992927864215 0.1555 0.38472418670438474 0.031
1 0.2157001414427157 0.18275 0.38330975954738333 0.0235
1 0.21216407355021216 0.214 0.37906647807637905 0.031
1 0.21357850070721357 0.245 0.38189533239038187 0.037
1 0.2072135785007072 0.27375 0.37482319660537483 0.0225
1 0.26485148514851486 0.40125 0.4816124469589816 0.0285
1 0.2690947666195191 0.43275 0.48444130127298446 0.0235
1 0.2694483734087694 0.43325 0.49363507779349364 0.0245
1 0.2683875530410184 0.46725 0.4801980198019802 0.0245
1 0.26166902404526166 0.49325 0.48797736916548795 0.0275
1 0.2698019801980198 0.52325 0.4886845827439887 0.0215
1 0.7454031117397454 0.09575 0.3606789250353607 0.0355
1 0.7468175388967468 0.1255 0.3592644978783593 0.031
1 0.7454031117397454 0.15675 0.3507779349363508 0.0375
1 0.7478783592644979 0.18925 0.3613861386138614 0.0255
1 0.7542432814710043 0.21575 0.36562942008486565 0.0275
1 0.7567185289957568 0.21925 0.36775106082036774 0.0245
1 0.75 0.24925 0.35997171145685997 0.0285
1 0.748939179632249 0.284 0.355021216407355 0.032
1 0.7485855728429985 0.28325 0.36845827439886847 0.0285
1 0.2708628005657709 0.39925 0.4908062234794908 0.0285
1 0.26697312588401695 0.43325 0.4886845827439887 0.0225
1 0.2652050919377652 0.463 0.49222065063649223 0.035
1 0.26449787835926447 0.49275 0.49646393210749645 0.0265
1 0.2683875530410184 0.5215 0.4886845827439887 0.02
1 0.7482319660537482 0.3785 0.3564356435643564 0.017
1 0.7446958981612447 0.40975 0.355021216407355 0.0245
1 0.7485855728429985 0.4385 0.35997171145685997 0.02
1 0.7454031117397454 0.46875 0.3592644978783593 0.0275
1 0.7507072135785007 0.49875 0.3642149929278642 0.0275
1 0.7492927864214993 0.5285 0.3613861386138614 0.021
1 0.7457567185289957 0.649 0.3444130127298444 0.026
1 0.7475247524752475 0.68175 0.3521923620933522 0.0255
1 0.7443422913719944 0.7115 0.342998585572843 0.03
1 0.7464639321074965 0.74 0.34865629420084865 0.025
1 0.7425742574257426 0.771 0.347949080622348 0.029
1 0.756011315417256 0.835 0.44271570014144274 0.02
1 0.751060820367751 0.88 0.44130127298444133 0.063
0 0.5622347949080623 0.895 0.06082036775106082 0.029
