0 0.7455546147332769 0.1289707750952986 0.03979678238780694 0.03939008894536213
2 0.9318374259102455 0.12579415501905972 0.06519898391193904 0.022871664548919948
0 0.09949195596951736 0.1372299872935197 0.12616426756985605 0.030495552731893267
2 0.29127857747671465 0.1372299872935197 0.03386960203217612 0.022871664548919948
0 0.7764606265876376 0.1613722998729352 0.09652836579170194 0.022871664548919948
2 0.9301439458086368 0.16264294790343076 0.06858594411515664 0.025412960609911054
0 0.08890770533446232 0.17662007623888182 0.10499576629974598 0.02795425667090216
2 0.29127857747671465 0.17534942820838628 0.03386960203217612 0.022871664548919948
0 0.7743437764606266 0.2013977128335451 0.09060118543607112 0.026683608640406607
2 0.9271803556308214 0.20012706480304956 0.07112616426756986 0.0241423125794155
0 0.08890770533446232 0.21601016518424396 0.10499576629974598 0.03303684879288437
2 0.28789161727349705 0.21664548919949175 0.04233700254022015 0.021601016518424398
0 0.7629127857747672 0.2388818297331639 0.07112616426756986 0.03303684879288437
2 0.9271803556308214 0.23697585768742058 0.07112616426756986 0.0241423125794155
0 0.10541913632514818 0.25857687420584496 0.1380186282811177 0.03176620076238882
2 0.29127857747671465 0.25667090216010163 0.03386960203217612 0.022871664548919948
0 0.7629127857747672 0.2738246505717916 0.06773920406435224 0.026683608640406607
2 0.9288738357324301 0.2731893265565438 0.07112616426756986 0.025412960609911054
0 0.12066045723962743 0.29987293519695046 0.1685012701100762 0.03303684879288437
2 0.29297205757832345 0.29733163913595934 0.03386960203217612 0.022871664548919948
0 0.7667231160033869 0.3119440914866582 0.07535986452159187 0.026683608640406607
2 0.9267569856054191 0.31321473951715373 0.07366638441998306 0.026683608640406607
0 0.10541913632514818 0.3418043202033037 0.1380186282811177 0.030495552731893267
2 0.29127857747671465 0.3386277001270648 0.03386960203217612 0.021601016518424398
0 0.7620660457239627 0.34879288437102923 0.06604572396274344 0.0241423125794155
2 0.9276037256562235 0.34879288437102923 0.06858594411515664 0.0241423125794155
0 0.10626587637595258 0.38246505717916135 0.14140558848433532 0.030495552731893267
2 0.29127857747671465 0.3799237611181703 0.03386960203217612 0.020330368487928845
0 0.7828111769686706 0.386277001270648 0.10753598645215919 0.030495552731893267
2 0.9280270956816258 0.3856416772554003 0.07281964436917866 0.0241423125794155
0 0.09864521591871296 0.42249047013977126 0.12447078746824725 0.029224904701397714
2 0.29127857747671465 0.4193138500635324 0.03386960203217612 0.022871664548919948
0 0.7569856054191363 0.4212198221092757 0.0558848433530906 0.026683608640406607
2 0.9288738357324301 0.42249047013977126 0.07112616426756986 0.0241423125794155
0 0.7836579170194751 0.46124523506988563 0.10922946655376799 0.030495552731893267
0 0.9280270956816258 0.4593392630241423 0.07281964436917866 0.026683608640406607
0 0.11769686706181202 0.4606099110546379 0.16257408975444537 0.026683608640406607
2 0.29127857747671465 0.46124523506988563 0.03386960203217612 0.022871664548919948
0 0.43353090601185434 0.4834815756035578 0.16088060965283657 0.03176620076238882
2 0.6731583403895004 0.48284625158831 0.03556308213378493 0.022871664548919948
0 0.7938187976291279 0.49809402795425667 0.12955122777307368 0.030495552731893267
2 0.9280270956816258 0.49555273189326554 0.07281964436917866 0.02795425667090216
0 0.10922946655376799 0.5038119440914867 0.14563928873835733 0.03430749682337993
2 0.29254868755292124 0.5006353240152478 0.03302286198137172 0.022871664548919948
0 0.3861134631668078 0.5216010165184244 0.06435224386113463 0.03430749682337993
0 0.10414902624894158 0.5438373570520966 0.1354784081287045 0.035578144853875476
2 0.29254868755292124 0.5419313850063533 0.03302286198137172 0.021601016518424398
0 0.4136325148179509 0.5622617534942821 0.11939034716342083 0.026683608640406607
2 0.6740050804403048 0.5673443456162643 0.03556308213378493 0.03939008894536213
0 0.09229466553767993 0.5838627700127065 0.1117696867061812 0.03430749682337993
2 0.29254868755292124 0.5819567979669632 0.03302286198137172 0.022871664548919948
0 0.40347163420829807 0.6054637865311309 0.10076206604572396 0.03176620076238882
2 0.6731583403895004 0.6048284625158831 0.03556308213378493 0.020330368487928845
0 0.10711261642675698 0.6238881829733164 0.14140558848433532 0.03303684879288437
0 0.29254868755292124 0.6213468869123253 0.03302286198137172 0.022871664548919948
0 0.7447078746824725 0.6270648030495553 0.03471634208298052 0.03176620076238882
2 0.9301439458086368 0.6270648030495553 0.06858594411515664 0.026683608640406607
0 0.4487722269263336 0.6454891994917408 0.1896697713801863 0.03303684879288437
2 0.6735817104149027 0.6454891994917408 0.03471634208298052 0.020330368487928845
0 0.10584250635055038 0.6632782719186785 0.1388653683319221 0.02795425667090216
0 0.7607959356477562 0.6632782719186785 0.06519898391193904 0.030495552731893267
2 0.9301439458086368 0.662007623888183 0.06858594411515664 0.025412960609911054
2 0.29254868755292124 0.6645489199491741 0.03302286198137172 0.022871664548919948
0 0.41998306519898393 0.6842439644218552 0.13378492802709568 0.029224904701397714
2 0.6735817104149027 0.6855146124523507 0.03471634208298052 0.021601016518424398
0 0.7447078746824725 0.6969504447268107 0.03302286198137172 0.0241423125794155
0 0.9292972057578324 0.6982210927573063 0.06689246401354784 0.0241423125794155
0 0.09271803556308214 0.7052096569250318 0.1126164267569856 0.030495552731893267
2 0.29254868755292124 0.7052096569250318 0.03302286198137172 0.022871664548919948
0 0.48560541913632516 0.7255400254129606 0.26333615580016934 0.03811944091486658
2 0.6735817104149027 0.7268106734434562 0.03471634208298052 0.022871664548919948
0 0.7595258255715496 0.7382465057179162 0.06265876375952582 0.030495552731893267
0 0.9301439458086368 0.7350698856416773 0.06858594411515664 0.0241423125794155
0 0.07197290431837426 0.7465057179161372 0.07281964436917866 0.029224904701397714
2 0.29254868755292124 0.7452350698856417 0.03302286198137172 0.021601016518424398
0 0.4364944961896698 0.7674714104193139 0.1651143099068586 0.03811944091486658
2 0.6735817104149027 0.7668360864040661 0.03471634208298052 0.021601016518424398
0 0.7607959356477562 0.7693773824650572 0.06350550381033022 0.026683608640406607
2 0.9292972057578324 0.7719186785260482 0.06689246401354784 0.026683608640406607
0 0.09991532599491956 0.7878017789072427 0.13039796782387808 0.04066073697585769
2 0.29127857747671465 0.7852604828462516 0.03386960203217612 0.022871664548919948
0 0.7523285351397121 0.8087674714104193 0.04657070279424217 0.026683608640406607
2 0.9292972057578324 0.8074968233799238 0.06689246401354784 0.0241423125794155
0 0.10499576629974598 0.829733163913596 0.1388653683319221 0.043202033036848796
2 0.292125317527519 0.8259212198221093 0.03386960203217612 0.022871664548919948
0 0.7472480948348857 0.8443456162642948 0.03810330228619814 0.026683608640406607
2 0.9292972057578324 0.8443456162642948 0.06689246401354784 0.026683608640406607
0 0.11558001693480102 0.8678526048284625 0.15834038950042337 0.035578144853875476
2 0.292125317527519 0.8659466327827192 0.03386960203217612 0.021601016518424398
0 0.7781541066892464 0.8786531130876747 0.09991532599491956 0.026683608640406607
2 0.9288738357324301 0.8811944091486659 0.07112616426756986 0.026683608640406607
0 0.10245554614733277 0.9097839898348158 0.13378492802709568 0.043202033036848796
2 0.29127857747671465 0.9059720457433291 0.03386960203217612 0.022871664548919948
0 0.754022015241321 0.9155019059720457 0.05165114309906858 0.026683608640406607
2 0.9288738357324301 0.9174078780177891 0.07112616426756986 0.02795425667090216
0 0.12701100762066045 0.9491740787801779 0.18120237087214225 0.03811944091486658
0 0.7519051651143099 0.9523506988564168 0.04741744284504657 0.029224904701397714
2 0.9280270956816258 0.9529860228716646 0.07281964436917866 0.030495552731893267
2 0.6748518204911093 0.5222363405336722 0.03556308213378493 0.03811944091486658
2 0.9314140558848434 0.4593392630241423 0.07281964436917866 0.026683608640406607
2 0.930567315834039 0.6994917407878017 0.07112616426756986 0.026683608640406607
2 0.9288738357324301 0.7344345616264295 0.07112616426756986 0.02795425667090216
1 0.1727349703640982 0.1365946632782719 0.2726502963590178 0.03939008894536213
1 0.17569856054191363 0.1797966963151207 0.2819644369178662 0.029224904701397714
1 0.17527519051651144 0.21346886912325286 0.2760372565622354 0.03303684879288437
1 0.17485182049110923 0.2554002541296061 0.2718035563082134 0.04066073697585769
1 0.17485182049110923 0.3005082592121982 0.2785774767146486 0.036848792884371026
1 0.17442845046570704 0.3411689961880559 0.279424216765453 0.03430749682337993
1 0.17781541066892464 0.34243964421855144 0.279424216765453 0.03430749682337993
1 0.17400508044030483 0.3811944091486658 0.275190516511431 0.02795425667090216
1 0.1735817104149026 0.4199491740787802 0.2777307366638442 0.036848792884371026
1 0.17612193056731584 0.4599745870393901 0.2760372565622354 0.035578144853875476
1 0.17315834038950043 0.5006353240152478 0.275190516511431 0.043202033036848796
1 0.17400508044030483 0.5444726810673444 0.2768839966130398 0.03176620076238882
1 0.17315834038950043 0.5451080050825922 0.2768839966130398 0.02795425667090216
1 0.17315834038950043 0.5832274459974587 0.2768839966130398 0.030495552731893267
1 0.1735817104149026 0.627700127064803 0.2743437764606266 0.035578144853875476
1 0.1710414902624894 0.6664548919949174 0.2760372565622354 0.03430749682337993
1 0.17400508044030483 0.7007623888182973 0.2701100762066046 0.03939008894536213
1 0.17231160033869602 0.7458703939008895 0.2819644369178662 0.03303684879288437
1 0.17231160033869602 0.7878017789072427 0.275190516511431 0.035578144853875476
1 0.1727349703640982 0.8290978398983482 0.2743437764606266 0.04701397712833545
1 0.17569856054191363 0.8691232528589581 0.2785774767146486 0.030495552731893267
1 0.17442845046570704 0.9129606099110547 0.2760372565622354 0.044472681067344345
1 0.17612193056731584 0.9466327827191868 0.279424216765453 0.035578144853875476
1 0.52116850127011 0.5635324015247777 0.34631668077900085 0.03176620076238882
1 0.5237087214225233 0.6035578144853876 0.336155800169348 0.04066073697585769
1 0.5220152413209145 0.644853875476493 0.33784928027095684 0.029224904701397714
1 0.5241320914479255 0.6848792884371029 0.34038950042337 0.03303684879288437
1 0.5237087214225233 0.7249047013977128 0.336155800169348 0.036848792884371026
1 0.5237087214225233 0.7655654383735705 0.336155800169348 0.03430749682337993
1 0.8454699407281965 0.12770012706480305 0.24132091447925486 0.036848792884371026
1 0.8475867908552075 0.16518424396442186 0.23708721422523285 0.02795425667090216
1 0.8480101608806097 0.2020330368487929 0.23454699407281965 0.030495552731893267
1 0.8497036409822185 0.23697585768742058 0.23285351397121085 0.03430749682337993
1 0.8480101608806097 0.2738246505717916 0.23962743437764605 0.029224904701397714
1 0.8484335309060118 0.3087674714104193 0.23878069432684165 0.030495552731893267
1 0.8484335309060118 0.35069885641677256 0.23539373412362405 0.030495552731893267
1 0.8488569009314141 0.3818297331639136 0.23454699407281965 0.03176620076238882
1 0.8488569009314141 0.4212198221092757 0.23793395427603725 0.03430749682337993
1 0.8488569009314141 0.46124523506988563 0.24132091447925486 0.025412960609911054
1 0.8471634208298052 0.4974587039390089 0.23624047417442845 0.03430749682337993
1 0.5237087214225233 0.4815756035578145 0.3344623200677392 0.04066073697585769
1 0.5241320914479255 0.52287166454892 0.3386960203217612 0.036848792884371026
1 0.5241320914479255 0.565438373570521 0.3353090601185436 0.02795425667090216
1 0.5241320914479255 0.602287166454892 0.3386960203217612 0.03303684879288437
1 0.5237087214225233 0.6823379923761118 0.33784928027095684 0.035578144853875476
1 0.844623200677392 0.6264294790343075 0.23793395427603725 0.02795425667090216
1 0.8467400508044031 0.6626429479034307 0.23878069432684165 0.029224904701397714
1 0.8488569009314141 0.6982210927573063 0.23962743437764605 0.036848792884371026
1 0.8475867908552075 0.735705209656925 0.23708721422523285 0.030495552731893267
1 0.8471634208298052 0.770012706480305 0.23116003386960204 0.02795425667090216
1 0.8488569009314141 0.8087674714104193 0.23624047417442845 0.0241423125794155
1 0.8458933107535986 0.8456162642947903 0.23539373412362405 0.026683608640406607
1 0.8454699407281965 0.8773824650571792 0.23285351397121085 0.029224904701397714
1 0.8467400508044031 0.9161372299872935 0.23708721422523285 0.025412960609911054
1 0.8467400508044031 0.9510800508259212 0.23539373412362405 0.04193138500635324
0 0.4745977984758679 0.5235069885641678 0.10584250635055038 0.02795425667090216
0 0.5931414055884844 0.5247776365946633 0.10584250635055038 0.02795425667090216
0 0.14394580863674852 0.7484116899618806 0.06265876375952582 0.02795425667090216
0 0.7908552074513124 0.627700127064803 0.03386960203217612 0.02795425667090216
0 0.8281117696867062 0.6302414231257941 0.04064352243861134 0.02795425667090216
