0 0.2746282527881041 0.2160737812911726 0.25743494423791824 0.022397891963109356
2 0.7402416356877324 0.2147562582345191 0.039962825278810406 0.019762845849802372
2 0.8926579925650557 0.2147562582345191 0.039962825278810406 0.019762845849802372
0 0.2820631970260223 0.25790513833992096 0.27230483271375466 0.0230566534914361
2 0.7402416356877324 0.25922266139657446 0.039962825278810406 0.020421607378129116
2 0.8926579925650557 0.25922266139657446 0.039962825278810406 0.020421607378129116
0 0.3131970260223048 0.30303030303030304 0.33271375464684017 0.02766798418972332
0 0.7402416356877324 0.3020421607378129 0.039962825278810406 0.020421607378129116
2 0.8945167286245354 0.3020421607378129 0.039962825278810406 0.019104084321475624
0 0.2829925650557621 0.34749670619235834 0.2704460966542751 0.0230566534914361
2 0.7411710037174721 0.3461791831357049 0.03810408921933085 0.020421607378129116
2 0.8935873605947955 0.3461791831357049 0.03810408921933085 0.020421607378129116
0 0.36198884758364314 0.3919631093544137 0.43215613382899626 0.022397891963109356
2 0.7402416356877324 0.38998682476943347 0.039962825278810406 0.01844532279314888
2 0.8926579925650557 0.38998682476943347 0.039962825278810406 0.01844532279314888
0 0.2736988847583643 0.43346508563899866 0.25743494423791824 0.025032938076416336
2 0.7402416356877324 0.4331357048748353 0.039962825278810406 0.021739130434782608
2 0.8926579925650557 0.43445322793148883 0.039962825278810406 0.019104084321475624
0 0.2983271375464684 0.4792490118577075 0.3066914498141264 0.025691699604743084
2 0.7402416356877324 0.477931488801054 0.039962825278810406 0.020421607378129116
2 0.8926579925650557 0.47859025032938074 0.039962825278810406 0.019104084321475624
0 0.7969330855018587 0.5059288537549407 0.05297397769516728 0.019762845849802372
0 0.2913568773234201 0.5233860342555995 0.2908921933085502 0.0230566534914361
2 0.7402416356877324 0.5214097496706193 0.039962825278810406 0.020421607378129116
2 0.8935873605947955 0.5214097496706193 0.03810408921933085 0.020421607378129116
0 0.30390334572490707 0.6086956521739131 0.31784386617100374 0.028985507246376812
2 0.7402416356877324 0.6086956521739131 0.039962825278810406 0.019762845849802372
2 0.8926579925650557 0.6086956521739131 0.039962825278810406 0.019762845849802372
0 0.27276951672862454 0.6538208168642952 0.25 0.020421607378129116
2 0.8926579925650557 0.6538208168642952 0.039962825278810406 0.020421607378129116
0 0.36477695167286245 0.6992753623188406 0.43773234200743494 0.0230566534914361
2 0.7402416356877324 0.6972990777338604 0.039962825278810406 0.019104084321475624
2 0.8926579925650557 0.6972990777338604 0.039962825278810406 0.019104084321475624
2 0.7383828996282528 0.3007246376811594 0.039962825278810406 0.020421607378129116
1 0.5450743494423792 0.21805006587615283 0.7927509293680297 0.03162055335968379
1 0.5325278810408922 0.25889328063241107 0.7769516728624535 0.03293807641633729
1 0.5399628252788105 0.30303030303030304 0.7825278810408922 0.03162055335968379
1 0.54182156133829 0.347167325428195 0.7973977695167286 0.026350461133069828
1 0.5371747211895911 0.3922924901185771 0.7825278810408922 0.0230566534914361
1 0.5302044609665427 0.43642951251646905 0.7723048327137546 0.03491436100131752
1 0.5283457249070632 0.47891963109354413 0.7630111524163569 0.030303030303030304
1 0.5348513011152416 0.5270092226613966 0.7685873605947955 0.03820816864295125
1 0.5264869888475836 0.6126482213438735 0.7797397769516728 0.03293807641633729
1 0.5315985130111525 0.700592885375494 0.775092936802974 0.032279314888010543
1 0.537639405204461 0.6574440052700923 0.7778810408921933 0.026350461133069828
