0 0.24394785847299813 0.21147540983606558 0.20297951582867785 0.024262295081967214
2 0.500465549348231 0.26229508196721313 0.036312849162011177 0.031475409836065574
0 0.24860335195530725 0.26229508196721313 0.2122905027932961 0.02622950819672131
0 0.2430167597765363 0.31245901639344265 0.2048417132216015 0.022950819672131147
0 0.21834264432029796 0.3626229508196721 0.15549348230912477 0.02754098360655738
2 0.500465549348231 0.41147540983606556 0.019553072625698324 0.020327868852459016
0 0.2504655493482309 0.4134426229508197 0.21973929236499068 0.026885245901639345
2 0.500465549348231 0.46229508196721314 0.019553072625698324 0.017049180327868854
0 0.24953445065176907 0.46491803278688526 0.21787709497206703 0.022295081967213116
0 0.26675977653631283 0.5163934426229508 0.25232774674115455 0.024262295081967214
2 0.500465549348231 0.5144262295081967 0.019553072625698324 0.017704918032786884
0 0.30307262569832405 0.5665573770491803 0.3230912476722533 0.024918032786885248
0 0.2779329608938548 0.6173770491803279 0.2746741154562384 0.022950819672131147
0 0.2085661080074488 0.6678688524590164 0.13221601489757914 0.022950819672131147
2 0.5013966480446927 0.6662295081967213 0.021415270018621976 0.018360655737704918
2 0.5013966480446927 0.20918032786885246 0.03445065176908752 0.028852459016393443
2 0.5 0.30950819672131147 0.037243947858473 0.028852459016393443
2 0.5009310986964618 0.3639344262295082 0.035381750465549346 0.024918032786885248
2 0.4972067039106145 0.5629508196721311 0.037243947858473 0.01901639344262295
2 0.5009310986964618 0.6173770491803279 0.035381750465549346 0.026885245901639345
1 0.33054003724394787 0.2081967213114754 0.38361266294227186 0.029508196721311476
1 0.33426443202979517 0.36295081967213116 0.38361266294227186 0.029508196721311476
1 0.32774674115456237 0.3078688524590164 0.38361266294227186 0.029508196721311476
1 0.33519553072625696 0.26262295081967213 0.38361266294227186 0.029508196721311476
1 0.3286778398510242 0.4639344262295082 0.37988826815642457 0.024262295081967214
1 0.3254189944134078 0.41540983606557375 0.3715083798882682 0.03081967213114754
1 0.3240223463687151 0.5150819672131147 0.3761638733705773 0.025573770491803278
1 0.329608938547486 0.5662295081967214 0.38361266294227186 0.029508196721311476
1 0.33426443202979517 0.6180327868852459 0.38361266294227186 0.029508196721311476
1 0.33054003724394787 0.6665573770491803 0.38361266294227186 0.029508196721311476
