0 0.24115456238361266 0.2655386740331492 0.21973929236499068 0.025552486187845305
2 0.5232774674115456 0.2638121546961326 0.040968342644320296 0.023480662983425413
0 0.25605214152700184 0.3194060773480663 0.24953445065176907 0.025552486187845305
2 0.5223463687150838 0.319060773480663 0.03910614525139665 0.020718232044198894
0 0.29283054003724396 0.3729281767955801 0.3230912476722533 0.027624309392265192
2 0.5223463687150838 0.3725828729281768 0.03910614525139665 0.020027624309392266
0 0.23975791433891994 0.4261049723756906 0.2132216014897579 0.027624309392265192
2 0.5223463687150838 0.4257596685082873 0.03910614525139665 0.020027624309392266
0 0.2918994413407821 0.480317679558011 0.31750465549348234 0.025552486187845305
2 0.5223463687150838 0.480317679558011 0.037243947858473 0.020027624309392266
0 0.2378957169459963 0.5331491712707183 0.21135940409683426 0.022099447513812154
2 0.5223463687150838 0.5324585635359116 0.037243947858473 0.020718232044198894
0 0.24068901303538176 0.5880524861878453 0.2169459962756052 0.021408839779005526
2 0.5223463687150838 0.5873618784530387 0.03910614525139665 0.020027624309392266
0 0.27932960893854747 0.6419198895027625 0.2942271880819367 0.022790055248618785
2 0.5242085661080075 0.6398480662983426 0.03910614525139665 0.020027624309392266
1 0.34171322160148976 0.26795580110497236 0.4208566108007449 0.031767955801104975
1 0.3407821229050279 0.32113259668508287 0.4208566108007449 0.031767955801104975
1 0.340316573556797 0.3722375690607735 0.4180633147113594 0.023480662983425413
1 0.34450651769087526 0.37534530386740333 0.4208566108007449 0.03383977900552486
1 0.34543761638733705 0.42748618784530384 0.4059590316573557 0.027624309392265192
1 0.3398510242085661 0.4789364640883978 0.4171322160148976 0.031077348066298343
1 0.33798882681564246 0.5334944751381215 0.4208566108007449 0.024171270718232045
1 0.33798882681564246 0.5873618784530387 0.41527001862197394 0.025552486187845305
1 0.3426443202979516 0.6405386740331491 0.4227188081936685 0.029696132596685083
