2 0.7695552147239264 0.2791666666666667 0.05598159509202454 0.013888888888888888
0 0.4773773006134969 0.27847222222222223 0.05138036809815951 0.016666666666666666
2 0.3619631901840491 0.2798611111111111 0.05368098159509203 0.013888888888888888
0 0.0736196319018405 0.275 0.08895705521472393 0.022222222222222223
2 0.7710889570552147 0.3211805555555556 0.05598159509202454 0.01597222222222222
0 0.4815950920245399 0.32222222222222224 0.05368098159509203 0.019444444444444445
0 0.10966257668711657 0.31805555555555554 0.15950920245398773 0.020833333333333332
2 0.3604294478527607 0.32013888888888886 0.05368098159509203 0.013888888888888888
2 0.7710889570552147 0.365625 0.054447852760736194 0.013194444444444444
0 0.47699386503067487 0.36319444444444443 0.05214723926380368 0.016666666666666666
2 0.36349693251533743 0.3645833333333333 0.05368098159509203 0.013888888888888888
0 0.11886503067484662 0.36319444444444443 0.17331288343558282 0.018055555555555554
2 0.7718558282208589 0.4045138888888889 0.05598159509202454 0.01597222222222222
0 0.48964723926380366 0.4045138888888889 0.0789877300613497 0.02013888888888889
0 0.1388036809815951 0.4027777777777778 0.2147239263803681 0.019444444444444445
2 0.36273006134969327 0.40625 0.05214723926380368 0.013888888888888888
2 0.7710889570552147 0.44756944444444446 0.054447852760736194 0.013194444444444444
0 0.48504601226993865 0.446875 0.06978527607361963 0.017361111111111112
0 0.12653374233128833 0.44756944444444446 0.18865030674846625 0.02013888888888889
2 0.36349693251533743 0.45069444444444445 0.05368098159509203 0.013888888888888888
2 0.7714723926380368 0.4892361111111111 0.05521472392638037 0.013194444444444444
0 0.5003834355828221 0.48819444444444443 0.09739263803680982 0.018055555555555554
0 0.09969325153374232 0.5763888888888888 0.09355828220858896 0.02361111111111111
2 0.21280674846625766 0.5756944444444444 0.062116564417177916 0.013888888888888888
0 0.0789877300613497 0.6263888888888889 0.05828220858895705 0.020833333333333332
2 0.2120398773006135 0.6267361111111112 0.0651840490797546 0.013194444444444444
2 0.2120398773006135 0.6715277777777777 0.0651840490797546 0.015277777777777777
0 0.08512269938650306 0.6746527777777778 0.06748466257668712 0.017361111111111112
0 0.14877300613496933 0.8607638888888889 0.1901840490797546 0.022916666666666665
2 0.31901840490797545 0.8631944444444445 0.06134969325153374 0.013888888888888888
0 0.553680981595092 0.884375 0.22392638036809817 0.025694444444444443
2 0.758819018404908 0.8864583333333333 0.06058282208588957 0.013194444444444444
0 0.1441717791411043 0.9184027777777778 0.18404907975460122 0.025694444444444443
2 0.31940184049079756 0.9208333333333333 0.0651840490797546 0.013888888888888888
1 0.209739263803681 0.27569444444444446 0.3642638036809816 0.020833333333333332
1 0.2085889570552147 0.31875 0.3604294478527607 0.020833333333333332
1 0.21242331288343558 0.3614583333333333 0.3619631901840491 0.021527777777777778
1 0.21050613496932516 0.403125 0.36119631901840493 0.021527777777777778
1 0.21088957055214724 0.4479166666666667 0.3588957055214724 0.022222222222222223
1 0.15030674846625766 0.5763888888888888 0.19325153374233128 0.022222222222222223
1 0.147239263803681 0.6263888888888889 0.19938650306748465 0.019444444444444445
1 0.1495398773006135 0.6736111111111112 0.19785276073619631 0.018055555555555554
1 0.20245398773006135 0.8611111111111112 0.299079754601227 0.022222222222222223
1 0.200920245398773 0.9180555555555555 0.30214723926380366 0.02638888888888889
1 0.6165644171779141 0.8850694444444445 0.3496932515337423 0.027083333333333334
1 0.6253834355828221 0.27847222222222223 0.3473926380368098 0.015277777777777777
1 0.6284509202453987 0.32013888888888886 0.34432515337423314 0.020833333333333332
1 0.625 0.3625 0.3512269938650307 0.019444444444444445
1 0.6265337423312883 0.4041666666666667 0.3496932515337423 0.019444444444444445
1 0.6257668711656442 0.44548611111111114 0.3512269938650307 0.02013888888888889
1 0.6265337423312883 0.4875 0.3496932515337423 0.019444444444444445
