2 0.9258064516129032 0.23159722222222223 0.059907834101382486 0.01597222222222222
0 0.5903225806451613 0.23055555555555557 0.11336405529953918 0.015277777777777777
2 0.4129032258064516 0.23368055555555556 0.06820276497695853 0.01597222222222222
0 0.09723502304147466 0.23298611111111112 0.11152073732718894 0.021527777777777778
2 0.9235023041474655 0.25833333333333336 0.06451612903225806 0.015277777777777777
0 0.6147465437788019 0.2565972222222222 0.1382488479262673 0.022916666666666665
2 0.4133640552995392 0.27534722222222224 0.06543778801843318 0.01597222222222222
0 0.10046082949308756 0.27291666666666664 0.11059907834101383 0.020833333333333332
2 0.9225806451612903 0.29930555555555555 0.05714285714285714 0.013888888888888888
0 0.6608294930875576 0.2947916666666667 0.22672811059907835 0.021527777777777778
2 0.41566820276497696 0.31493055555555555 0.06451612903225806 0.01597222222222222
0 0.13317972350230414 0.3170138888888889 0.20368663594470046 0.022916666666666665
2 0.9216589861751152 0.34479166666666666 0.07373271889400922 0.02013888888888889
0 0.576036866359447 0.34305555555555556 0.07373271889400922 0.020833333333333332
0 0.1663594470046083 0.375 0.2552995391705069 0.022222222222222223
2 0.28986175115207374 0.40902777777777777 0.07465437788018434 0.016666666666666666
2 0.8622119815668203 0.5388888888888889 0.06359447004608294 0.015277777777777777
0 0.5944700460829493 0.5395833333333333 0.20460829493087557 0.018055555555555554
2 0.8631336405529954 0.5878472222222222 0.06175115207373272 0.013194444444444444
0 0.591705069124424 0.5840277777777778 0.19907834101382488 0.02361111111111111
2 0.8695852534562212 0.7979166666666667 0.10599078341013825 0.022222222222222223
0 0.4935483870967742 0.7975694444444444 0.2571428571428571 0.034027777777777775
0 0.5216589861751152 0.8680555555555556 0.3225806451612903 0.03194444444444444
2 0.867741935483871 0.8697916666666666 0.10599078341013825 0.021527777777777778
1 0.24516129032258063 0.23194444444444445 0.4073732718894009 0.022222222222222223
1 0.24746543778801844 0.27326388888888886 0.4046082949308756 0.02013888888888889
1 0.2423963133640553 0.315625 0.4184331797235023 0.021527777777777778
1 0.18341013824884791 0.390625 0.29308755760368665 0.059027777777777776
1 0.7460829493087557 0.22951388888888888 0.4304147465437788 0.022916666666666665
1 0.7493087557603687 0.26458333333333334 0.4129032258064516 0.04027777777777778
1 0.7506912442396313 0.3055555555555556 0.40829493087557606 0.043055555555555555
1 0.7511520737327189 0.35 0.4258064516129032 0.04027777777777778
1 0.6949308755760368 0.540625 0.4073732718894009 0.02013888888888889
1 0.6935483870967742 0.5847222222222223 0.40829493087557606 0.02361111111111111
1 0.6442396313364055 0.7986111111111112 0.56036866359447 0.029166666666666667
1 0.6410138248847926 0.8694444444444445 0.5612903225806452 0.030555555555555555
