0 0.14944649446494465 0.22465277777777778 0.2177121771217712 0.021527777777777778
2 0.5673431734317343 0.22569444444444445 0.08118081180811808 0.015277777777777777
2 0.5650369003690037 0.2708333333333333 0.08210332103321033 0.015277777777777777
0 0.18035055350553506 0.2763888888888889 0.279520295202952 0.020833333333333332
0 0.25 0.3277777777777778 0.4225092250922509 0.022222222222222223
2 0.5654981549815498 0.3267361111111111 0.08118081180811808 0.014583333333333334
0 0.09040590405904059 0.38125 0.0996309963099631 0.025
2 0.566420664206642 0.37777777777777777 0.08118081180811808 0.015277777777777777
0 0.7629151291512916 0.3815972222222222 0.13468634686346864 0.02013888888888889
2 0.9063653136531366 0.3993055555555556 0.0507380073800738 0.013888888888888888
0 0.7961254612546126 0.4197916666666667 0.2011070110701107 0.017361111111111112
2 0.566420664206642 0.4284722222222222 0.08118081180811808 0.015277777777777777
0 0.16005535055350553 0.43194444444444446 0.24077490774907748 0.020833333333333332
0 0.8039667896678967 0.45694444444444443 0.21309963099630996 0.018055555555555554
0 0.7624538745387454 0.6347222222222222 0.1577490774907749 0.019444444444444445
2 0.9003690036900369 0.6361111111111111 0.046125461254612546 0.011111111111111112
0 0.5087638376383764 0.6569444444444444 0.17988929889298894 0.019444444444444445
0 0.16789667896678967 0.6611111111111111 0.2767527675276753 0.016666666666666666
0 0.7509225092250923 0.671875 0.13468634686346864 0.01875
2 0.9012915129151291 0.6708333333333333 0.04428044280442804 0.011111111111111112
2 0.4654059040590406 0.6899305555555556 0.08948339483394833 0.014583333333333334
2 0.07887453874538745 0.6965277777777777 0.09132841328413284 0.018055555555555554
0 0.7181734317343174 0.7072916666666667 0.07103321033210332 0.01597222222222222
2 0.9003690036900369 0.70625 0.046125461254612546 0.011111111111111112
0 0.7384686346863468 0.7444444444444445 0.10977859778597786 0.018055555555555554
2 0.9022140221402214 0.7430555555555556 0.046125461254612546 0.011111111111111112
2 0.8500922509225092 0.8409722222222222 0.09317343173431734 0.02361111111111111
0 0.1688191881918819 0.9006944444444445 0.2785977859778598 0.016666666666666666
0 0.5083025830258303 0.9010416666666666 0.17158671586715868 0.017361111111111112
2 0.0761070110701107 0.9368055555555556 0.08948339483394833 0.016666666666666666
2 0.470479704797048 0.9381944444444444 0.08856088560885608 0.016666666666666666
2 0.9063653136531366 0.44027777777777777 0.05627306273062731 0.009722222222222222
2 0.9072878228782287 0.478125 0.06918819188191883 0.017361111111111112
1 0.32564575645756455 0.22430555555555556 0.5719557195571956 0.02361111111111111
1 0.3242619926199262 0.275 0.5654981549815498 0.02361111111111111
1 0.32564575645756455 0.32708333333333334 0.5756457564575646 0.02361111111111111
1 0.32795202952029523 0.3815972222222222 0.5710332103321033 0.025694444444444443
1 0.32564575645756455 0.43194444444444446 0.5701107011070111 0.020833333333333332
1 0.8168819188191881 0.42986111111111114 0.238929889298893 0.0375
1 0.8178044280442804 0.3920138888888889 0.24261992619926198 0.03958333333333333
1 0.8201107011070111 0.4690972222222222 0.24538745387453875 0.03680555555555556
1 0.16651291512915128 0.6795138888888889 0.27398523985239853 0.05347222222222222
1 0.507380073800738 0.6711805555555556 0.17712177121771217 0.049305555555555554
1 0.17250922509225092 0.9208333333333333 0.2822878228782288 0.05555555555555555
1 0.5092250922509225 0.9194444444444444 0.17158671586715868 0.05138888888888889
1 0.8053505535055351 0.6326388888888889 0.23800738007380073 0.022222222222222223
1 0.8053505535055351 0.6697916666666667 0.24354243542435425 0.02013888888888889
1 0.8076568265682657 0.7072916666666667 0.2518450184501845 0.02013888888888889
1 0.8067343173431735 0.7430555555555556 0.2481549815498155 0.016666666666666666
