0 0.676731078904992 0.3799795709908069 0.13285024154589373 0.030643513789581207
2 0.855877616747182 0.3804902962206333 0.06280193236714976 0.02349336057201226
0 0.6815619967793881 0.41521961184882533 0.14251207729468598 0.031664964249233915
2 0.855877616747182 0.41521961184882533 0.06280193236714976 0.02349336057201226
0 0.1215780998389694 0.4397344228804903 0.17713365539452497 0.027579162410623085
2 0.26570048309178745 0.43820224719101125 0.05958132045088567 0.024514811031664963
0 0.6823671497584541 0.4489274770173647 0.14251207729468598 0.0296220633299285
2 0.855877616747182 0.449438202247191 0.06280193236714976 0.02247191011235955
0 0.0889694041867955 0.47650663942798777 0.11030595813204509 0.027579162410623085
2 0.26610305958132047 0.47650663942798777 0.05877616747181964 0.02349336057201226
0 0.6682769726247987 0.48314606741573035 0.11594202898550725 0.030643513789581207
2 0.855877616747182 0.48416751787538304 0.06280193236714976 0.02247191011235955
0 0.08856682769726248 0.5168539325842697 0.1111111111111111 0.026557711950970377
2 0.26610305958132047 0.515832482124617 0.05877616747181964 0.024514811031664963
0 0.6759259259259259 0.5204290091930541 0.12962962962962962 0.02553626149131767
2 0.855072463768116 0.5188968335035751 0.0644122383252818 0.02247191011235955
0 0.0853462157809984 0.5541368743615934 0.10466988727858294 0.027579162410623085
2 0.26610305958132047 0.5541368743615934 0.06038647342995169 0.02349336057201226
0 0.10185185185185185 0.5929519918283963 0.1360708534621578 0.02553626149131767
2 0.26811594202898553 0.5919305413687436 0.0644122383252818 0.02349336057201226
0 0.09581320450885668 0.6292134831460674 0.12560386473429952 0.026557711950970377
2 0.2689210950080515 0.6302349336057201 0.0644122383252818 0.024514811031664963
0 0.6384863123993558 0.6496424923391215 0.20611916264090177 0.024514811031664963
0 0.1179549114331723 0.6700715015321757 0.1682769726247987 0.030643513789581207
2 0.2689210950080515 0.6695607763023493 0.0644122383252818 0.02349336057201226
0 0.6264090177133655 0.68488253319714 0.1819645732689211 0.027579162410623085
0 0.7761674718196457 0.6833503575076609 0.05958132045088567 0.02247191011235955
0 0.11553945249597423 0.7063329928498467 0.16344605475040258 0.027579162410623085
2 0.2689210950080515 0.7078651685393258 0.0644122383252818 0.024514811031664963
0 0.11714975845410629 0.7471910112359551 0.16666666666666666 0.027579162410623085
2 0.26811594202898553 0.745658835546476 0.0644122383252818 0.024514811031664963
0 0.8111916264090178 0.7706843718079673 0.036231884057971016 0.027579162410623085
0 0.9251207729468599 0.7711950970377937 0.061191626409017714 0.026557711950970377
0 0.06843800322061191 0.7819203268641471 0.07085346215780998 0.027579162410623085
2 0.2673107890499195 0.7849846782431052 0.06602254428341385 0.027579162410623085
0 0.8325281803542673 0.8125638406537283 0.0821256038647343 0.031664964249233915
0 0.9259259259259259 0.8115423901940756 0.05958132045088567 0.02349336057201226
0 0.08132045088566828 0.8227783452502554 0.09500805152979067 0.02553626149131767
2 0.26811594202898553 0.823799795709908 0.0644122383252818 0.02553626149131767
0 0.8743961352657005 0.8524004085801838 0.16264090177133655 0.02553626149131767
0 0.08574879227053141 0.8610827374872319 0.107085346215781 0.03268641470888662
2 0.26811594202898553 0.8610827374872319 0.0644122383252818 0.024514811031664963
0 0.9251207729468599 0.891726251276813 0.061191626409017714 0.026557711950970377
0 0.8285024154589372 0.8937691521961185 0.07246376811594203 0.03268641470888662
0 0.08977455716586151 0.9009193054136875 0.11352657004830918 0.026557711950970377
2 0.2673107890499195 0.8993871297242084 0.0644122383252818 0.02349336057201226
0 0.8373590982286635 0.9356486210418795 0.08856682769726248 0.024514811031664963
2 0.7765700483091788 0.6481103166496425 0.05877616747181964 0.027579162410623085
2 0.9303542673107891 0.9371807967313586 0.061996779388083734 0.03779366700715015
1 0.1678743961352657 0.44126659856996936 0.2665056360708535 0.03677221654749745
1 0.1678743961352657 0.473953013278856 0.26006441223832527 0.03881511746680286
1 0.1638486312399356 0.517364657814096 0.2713365539452496 0.03575076608784474
1 0.1638486312399356 0.5546475995914198 0.26811594202898553 0.03268641470888662
1 0.16988727858293076 0.515832482124617 0.2576489533011272 0.028600612870275793
1 0.16948470209339775 0.593973442288049 0.2745571658615137 0.031664964249233915
1 0.16706924315619967 0.6317671092951992 0.2777777777777778 0.033707865168539325
1 0.1678743961352657 0.6716036772216547 0.2713365539452496 0.03779366700715015
1 0.17028985507246377 0.6680286006128703 0.2713365539452496 0.03268641470888662
1 0.16867954911433172 0.7114402451481103 0.26972624798711753 0.03779366700715015
1 0.16988727858293076 0.7466802860061287 0.27697262479871176 0.024514811031664963
1 0.16666666666666666 0.7829417773237998 0.27053140096618356 0.03983656792645557
1 0.16626409017713364 0.8232890704800817 0.26972624798711753 0.026557711950970377
1 0.16747181964573268 0.8615934627170582 0.2689210950080515 0.03779366700715015
1 0.16586151368760063 0.8963227783452502 0.27053140096618356 0.02553626149131767
1 0.7524154589371981 0.3794688457609806 0.27938808373590984 0.03575076608784474
1 0.7475845410628019 0.4090909090909091 0.27938808373590984 0.0296220633299285
1 0.7471819645732689 0.44688457609805926 0.2753623188405797 0.033707865168539325
1 0.7524154589371981 0.482635342185904 0.2809983896940419 0.027579162410623085
1 0.751207729468599 0.5209397344228804 0.28180354267310787 0.03268641470888662
1 0.6702898550724637 0.6486210418794689 0.26811594202898553 0.028600612870275793
1 0.6731078904991948 0.6807967313585291 0.2689210950080515 0.0296220633299285
1 0.8739935587761675 0.7742594484167518 0.16505636070853463 0.03268641470888662
1 0.8739935587761675 0.8130745658835546 0.16344605475040258 0.03472931562819203
1 0.8760064412238325 0.8524004085801838 0.15942028985507245 0.027579162410623085
1 0.8731884057971014 0.8907048008171604 0.16022544283413848 0.03268641470888662
1 0.8752012882447665 0.9371807967313586 0.17391304347826086 0.033707865168539325
