0 0.6763285024154589 0.375 0.1320450885668277 0.03333333333333333
2 0.8534621578099839 0.375 0.061191626409017714 0.022916666666666665
0 0.6815619967793881 0.4114583333333333 0.14251207729468598 0.03125
2 0.8542673107890499 0.4114583333333333 0.061191626409017714 0.022916666666666665
0 0.1215780998389694 0.43645833333333334 0.178743961352657 0.03333333333333333
2 0.26570048309178745 0.4354166666666667 0.05958132045088567 0.025
0 0.6823671497584541 0.44479166666666664 0.14251207729468598 0.029166666666666667
2 0.855877616747182 0.44583333333333336 0.06280193236714976 0.022916666666666665
0 0.08856682769726248 0.4734375 0.1111111111111111 0.026041666666666668
2 0.26610305958132047 0.4739583333333333 0.05877616747181964 0.025
0 0.6682769726247987 0.48125 0.11594202898550725 0.03125
2 0.855877616747182 0.48125 0.06280193236714976 0.022916666666666665
0 0.08856682769726248 0.5140625 0.1111111111111111 0.028125
2 0.26529790660225444 0.5135416666666667 0.06038647342995169 0.027083333333333334
0 0.6517713365539453 0.51875 0.07971014492753623 0.029166666666666667
2 0.855072463768116 0.5166666666666667 0.0644122383252818 0.022916666666666665
0 0.0853462157809984 0.5520833333333334 0.10466988727858294 0.029166666666666667
2 0.2673107890499195 0.5526041666666667 0.05958132045088567 0.023958333333333335
0 0.10104669887278583 0.5911458333333334 0.1360708534621578 0.026041666666666668
2 0.26570048309178745 0.5916666666666667 0.05958132045088567 0.025
0 0.09500805152979067 0.6296875 0.12399355877616747 0.026041666666666668
2 0.26570048309178745 0.6317708333333333 0.05958132045088567 0.023958333333333335
0 0.11714975845410629 0.6703125 0.16988727858293076 0.03229166666666667
2 0.26570048309178745 0.6692708333333334 0.05958132045088567 0.023958333333333335
0 0.6364734299516909 0.6859375 0.20209339774557167 0.03229166666666667
0 0.11553945249597423 0.7078125 0.16344605475040258 0.028125
2 0.2669082125603865 0.709375 0.05877616747181964 0.022916666666666665
0 0.6264090177133655 0.7234375 0.1819645732689211 0.028125
2 0.7753623188405797 0.7234375 0.061191626409017714 0.023958333333333335
0 0.11634460547504026 0.75 0.1682769726247987 0.03125
2 0.26570048309178745 0.7484375 0.05958132045088567 0.023958333333333335
0 0.8385668276972624 0.7729166666666667 0.036231884057971016 0.027083333333333334
2 0.9528985507246377 0.7744791666666667 0.05877616747181964 0.026041666666666668
0 0.06843800322061191 0.7859375 0.07085346215780998 0.028125
2 0.2669082125603865 0.7875 0.06038647342995169 0.025
0 0.8607085346215781 0.8166666666666667 0.08373590982286634 0.03125
2 0.9528985507246377 0.8151041666666666 0.05877616747181964 0.026041666666666668
0 0.08132045088566828 0.8255208333333334 0.09500805152979067 0.026041666666666668
2 0.26811594202898553 0.8260416666666667 0.0644122383252818 0.025
0 0.8655394524959742 0.8583333333333333 0.09017713365539452 0.025
0 0.08574879227053141 0.8661458333333333 0.107085346215781 0.028125
2 0.26811594202898553 0.865625 0.06602254428341385 0.029166666666666667
0 0.855877616747182 0.8994791666666667 0.07246376811594203 0.03229166666666667
2 0.9528985507246377 0.8984375 0.05877616747181964 0.023958333333333335
0 0.08776167471819646 0.9041666666666667 0.11755233494363929 0.03333333333333333
2 0.2673107890499195 0.9052083333333333 0.06280193236714976 0.025
0 0.8671497584541062 0.9416666666666667 0.09339774557165861 0.029166666666666667
2 0.7753623188405797 0.6885416666666667 0.061191626409017714 0.029166666666666667
2 0.9549114331723028 0.9390625 0.06280193236714976 0.030208333333333334
1 0.16264090177133655 0.4348958333333333 0.26247987117552335 0.030208333333333334
1 0.16344605475040258 0.47552083333333334 0.2608695652173913 0.026041666666666668
1 0.16505636070853463 0.5125 0.2673107890499195 0.025
1 0.16586151368760063 0.5520833333333334 0.25925925925925924 0.035416666666666666
1 0.16586151368760063 0.5880208333333333 0.2576489533011272 0.030208333333333334
2 0.9541062801932367 0.8578125 0.05958132045088567 0.023958333333333335
0 0.8542673107890499 0.8973958333333333 0.07246376811594203 0.03229166666666667
1 0.16626409017713364 0.6291666666666667 0.2665056360708535 0.027083333333333334
1 0.16666666666666666 0.6697916666666667 0.2673107890499195 0.01875
1 0.1642512077294686 0.7067708333333333 0.2608695652173913 0.03229166666666667
1 0.1682769726247987 0.746875 0.2689210950080515 0.029166666666666667
1 0.16545893719806765 0.7869791666666667 0.2632850241545894 0.023958333333333335
1 0.1682769726247987 0.825 0.2721417069243156 0.029166666666666667
1 0.16666666666666666 0.8645833333333334 0.27697262479871176 0.027083333333333334
1 0.1678743961352657 0.90625 0.27294685990338163 0.027083333333333334
1 0.748792270531401 0.3734375 0.2753623188405797 0.030208333333333334
1 0.7479871175523349 0.41041666666666665 0.27697262479871176 0.03125
1 0.750805152979066 0.44427083333333334 0.27938808373590984 0.026041666666666668
1 0.748792270531401 0.48125 0.28019323671497587 0.03125
1 0.748389694041868 0.5213541666666667 0.27938808373590984 0.030208333333333334
1 0.6719001610305958 0.6859375 0.27938808373590984 0.03229166666666667
1 0.6727053140096618 0.7244791666666667 0.2777777777777778 0.028125
1 0.9025764895330113 0.7770833333333333 0.16747181964573268 0.029166666666666667
1 0.9029790660225443 0.8171875 0.16988727858293076 0.026041666666666668
1 0.9021739130434783 0.8625 0.17149758454106281 0.03125
1 0.9001610305958132 0.8989583333333333 0.1642512077294686 0.029166666666666667
1 0.9066022544283414 0.9401041666666666 0.16908212560386474 0.026041666666666668
