2 0.8713541666666667 0.20416666666666666 0.028125 0.019444444444444445
0 0.6989583333333333 0.20902777777777778 0.06458333333333334 0.020833333333333332
2 0.29010416666666666 0.22777777777777777 0.028125 0.022222222222222223
0 0.13958333333333334 0.23125 0.17083333333333334 0.02638888888888889
2 0.8713541666666667 0.23472222222222222 0.028125 0.022222222222222223
0 0.7104166666666667 0.23819444444444443 0.0875 0.02638888888888889
2 0.2916666666666667 0.25555555555555554 0.027083333333333334 0.022222222222222223
0 0.13645833333333332 0.2625 0.16041666666666668 0.030555555555555555
2 0.8708333333333333 0.2638888888888889 0.027083333333333334 0.019444444444444445
0 0.7104166666666667 0.2673611111111111 0.0875 0.02638888888888889
2 0.2921875 0.2861111111111111 0.028125 0.019444444444444445
0 0.12291666666666666 0.2902777777777778 0.13125 0.027777777777777776
2 0.8697916666666666 0.2923611111111111 0.029166666666666667 0.020833333333333332
0 0.709375 0.2965277777777778 0.08541666666666667 0.02361111111111111
2 0.29270833333333335 0.31527777777777777 0.027083333333333334 0.019444444444444445
0 0.10416666666666667 0.31805555555555554 0.08541666666666667 0.027777777777777776
2 0.8697916666666666 0.32083333333333336 0.029166666666666667 0.019444444444444445
0 0.7223958333333333 0.325 0.11354166666666667 0.027777777777777776
2 0.2942708333333333 0.34305555555555556 0.028125 0.019444444444444445
0 0.13020833333333334 0.34930555555555554 0.13125 0.029166666666666667
2 0.29583333333333334 0.37083333333333335 0.027083333333333334 0.019444444444444445
0 0.13541666666666666 0.3763888888888889 0.1375 0.027777777777777776
2 0.29635416666666664 0.4 0.028125 0.022222222222222223
0 0.16197916666666667 0.40347222222222223 0.18645833333333334 0.02638888888888889
2 0.296875 0.4284722222222222 0.027083333333333334 0.020833333333333332
0 0.1484375 0.43194444444444446 0.15520833333333334 0.025
2 0.2984375 0.45555555555555555 0.028125 0.022222222222222223
0 0.13802083333333334 0.45902777777777776 0.13229166666666667 0.02638888888888889
0 0.7197916666666667 0.47430555555555554 0.10625 0.02361111111111111
0 0.4276041666666667 0.4840277777777778 0.146875 0.02361111111111111
2 0.6088541666666667 0.48194444444444445 0.028125 0.019444444444444445
2 0.2953125 0.48333333333333334 0.06354166666666666 0.019444444444444445
0 0.13645833333333332 0.48680555555555555 0.12708333333333333 0.02638888888888889
2 0.8692708333333333 0.4979166666666667 0.028125 0.020833333333333332
0 0.7265625 0.5048611111111111 0.11770833333333333 0.02361111111111111
0 0.40625 0.5104166666666666 0.10416666666666667 0.02638888888888889
2 0.60625 0.5097222222222222 0.06458333333333334 0.019444444444444445
2 0.3 0.5104166666666666 0.027083333333333334 0.020833333333333332
0 0.11041666666666666 0.5159722222222223 0.07083333333333333 0.02361111111111111
2 0.8692708333333333 0.5263888888888889 0.028125 0.019444444444444445
0 0.7208333333333333 0.5326388888888889 0.10833333333333334 0.02361111111111111
0 0.4552083333333333 0.5395833333333333 0.20208333333333334 0.02361111111111111
2 0.609375 0.5375 0.027083333333333334 0.019444444444444445
2 0.86875 0.5541666666666667 0.029166666666666667 0.019444444444444445
0 0.715625 0.5604166666666667 0.09791666666666667 0.02361111111111111
0 0.46197916666666666 0.5673611111111111 0.21354166666666666 0.02361111111111111
2 0.609375 0.5652777777777778 0.027083333333333334 0.019444444444444445
0 0.41822916666666665 0.5944444444444444 0.12604166666666666 0.025
2 0.609375 0.5930555555555556 0.027083333333333334 0.019444444444444445
0 0.4276041666666667 0.6222222222222222 0.14479166666666668 0.022222222222222223
2 0.609375 0.6208333333333333 0.027083333333333334 0.019444444444444445
2 0.30104166666666665 0.6319444444444444 0.027083333333333334 0.019444444444444445
0 0.10260416666666666 0.6361111111111111 0.05520833333333333 0.019444444444444445
0 0.4244791666666667 0.65 0.13854166666666667 0.022222222222222223
2 0.6109375 0.6486111111111111 0.028125 0.019444444444444445
2 0.30052083333333335 0.6597222222222222 0.026041666666666668 0.019444444444444445
0 0.12916666666666668 0.6631944444444444 0.10833333333333334 0.02361111111111111
0 0.43072916666666666 0.6777777777777778 0.15104166666666666 0.022222222222222223
2 0.6109375 0.6763888888888889 0.028125 0.019444444444444445
2 0.30104166666666665 0.6888888888888889 0.027083333333333334 0.022222222222222223
0 0.1359375 0.6909722222222222 0.121875 0.02638888888888889
2 0.86875 0.6951388888888889 0.029166666666666667 0.02361111111111111
0 0.7109375 0.6979166666666666 0.08645833333333333 0.020833333333333332
0 0.42083333333333334 0.7055555555555556 0.12916666666666668 0.025
2 0.6109375 0.7041666666666667 0.028125 0.019444444444444445
2 0.30104166666666665 0.7152777777777778 0.027083333333333334 0.019444444444444445
0 0.13072916666666667 0.7194444444444444 0.115625 0.025
0 0.7255208333333333 0.7222222222222222 0.115625 0.022222222222222223
0 0.4270833333333333 0.7340277777777777 0.13958333333333334 0.02361111111111111
2 0.6109375 0.7319444444444444 0.028125 0.019444444444444445
2 0.30104166666666665 0.7444444444444445 0.027083333333333334 0.022222222222222223
0 0.12135416666666667 0.7465277777777778 0.09479166666666666 0.02361111111111111
0 0.7052083333333333 0.7486111111111111 0.075 0.025
2 0.86875 0.7486111111111111 0.027083333333333334 0.019444444444444445
0 0.4125 0.7631944444444444 0.1125 0.029166666666666667
2 0.6114583333333333 0.7597222222222222 0.029166666666666667 0.019444444444444445
2 0.30052083333333335 0.7701388888888889 0.059375 0.020833333333333332
0 0.10729166666666666 0.7770833333333333 0.07083333333333333 0.02638888888888889
2 0.30052083333333335 0.7986111111111112 0.059375 0.019444444444444445
0 0.1171875 0.8048611111111111 0.090625 0.02638888888888889
0 0.13541666666666666 0.8326388888888889 0.13333333333333333 0.03194444444444444
2 0.3015625 0.8284722222222223 0.026041666666666668 0.020833333333333332
2 0.3026041666666667 0.85625 0.028125 0.020833333333333332
0 0.11927083333333334 0.8618055555555556 0.10104166666666667 0.029166666666666667
2 0.8697916666666666 0.47152777777777777 0.03125 0.02361111111111111
2 0.86875 0.7236111111111111 0.03333333333333333 0.019444444444444445
1 0.17864583333333334 0.23333333333333334 0.253125 0.03333333333333333
1 0.17864583333333334 0.2625 0.25729166666666664 0.030555555555555555
1 0.18020833333333333 0.28958333333333336 0.25416666666666665 0.02638888888888889
1 0.18333333333333332 0.3159722222222222 0.2520833333333333 0.029166666666666667
1 0.1828125 0.3472222222222222 0.246875 0.027777777777777776
1 0.18697916666666667 0.3736111111111111 0.24270833333333333 0.027777777777777776
1 0.18541666666666667 0.40208333333333335 0.23541666666666666 0.029166666666666667
1 0.18854166666666666 0.43194444444444446 0.24166666666666667 0.030555555555555555
1 0.19010416666666666 0.45902777777777776 0.240625 0.02361111111111111
1 0.2015625 0.4895833333333333 0.26145833333333335 0.03194444444444444
1 0.1953125 0.5145833333333333 0.24479166666666666 0.029166666666666667
1 0.19427083333333334 0.6340277777777777 0.246875 0.02361111111111111
1 0.19479166666666667 0.6604166666666667 0.24583333333333332 0.03194444444444444
1 0.19479166666666667 0.6930555555555555 0.23958333333333334 0.027777777777777776
1 0.196875 0.7201388888888889 0.23958333333333334 0.02638888888888889
1 0.1953125 0.7465277777777778 0.24479166666666666 0.02361111111111111
1 0.19947916666666668 0.7756944444444445 0.259375 0.034722222222222224
1 0.196875 0.8041666666666667 0.25833333333333336 0.030555555555555555
1 0.1921875 0.8333333333333334 0.246875 0.03611111111111111
1 0.19375 0.8611111111111112 0.2520833333333333 0.030555555555555555
1 0.48854166666666665 0.4861111111111111 0.26458333333333334 0.025
1 0.4973958333333333 0.5118055555555555 0.28854166666666664 0.02361111111111111
1 0.49166666666666664 0.5409722222222222 0.26666666666666666 0.020833333333333332
1 0.4895833333333333 0.5680555555555555 0.2708333333333333 0.019444444444444445
1 0.48854166666666665 0.59375 0.2708333333333333 0.020833333333333332
1 0.49166666666666664 0.6222222222222222 0.2625 0.025
1 0.4901041666666667 0.6527777777777778 0.265625 0.027777777777777776
1 0.490625 0.6805555555555556 0.26875 0.025
1 0.49166666666666664 0.7034722222222223 0.26875 0.02361111111111111
1 0.49166666666666664 0.7326388888888888 0.26875 0.02361111111111111
1 0.49166666666666664 0.7611111111111111 0.26875 0.027777777777777776
1 0.775 0.20833333333333334 0.21875 0.019444444444444445
1 0.7760416666666666 0.2388888888888889 0.21666666666666667 0.022222222222222223
1 0.7770833333333333 0.2673611111111111 0.21875 0.02638888888888889
1 0.7739583333333333 0.2965277777777778 0.21458333333333332 0.029166666666666667
1 0.7755208333333333 0.325 0.21770833333333334 0.025
1 0.775 0.47430555555555554 0.21875 0.02638888888888889
1 0.7760416666666666 0.5027777777777778 0.22083333333333333 0.03611111111111111
1 0.7765625 0.5284722222222222 0.221875 0.02361111111111111
1 0.7776041666666667 0.5583333333333333 0.21979166666666666 0.025
1 0.7765625 0.6979166666666666 0.215625 0.020833333333333332
1 0.778125 0.7243055555555555 0.21875 0.02361111111111111
1 0.7796875 0.7506944444444444 0.221875 0.02638888888888889
