0 0.10260416666666666 0.2067238912732475 0.08645833333333333 0.024320457796852647
2 0.21927083333333333 0.2088698140200286 0.028125 0.020028612303290415
0 0.3067708333333333 0.21101573676680974 0.09895833333333333 0.024320457796852647
2 0.4125 0.20958512160228898 0.027083333333333334 0.01859799713876967
0 0.11510416666666666 0.2396280400572246 0.11145833333333334 0.024320457796852647
0 0.31197916666666664 0.24034334763948498 0.11354166666666667 0.02575107296137339
2 0.21927083333333333 0.23891273247496422 0.028125 0.020028612303290415
2 0.41302083333333334 0.23891273247496422 0.026041666666666668 0.020028612303290415
0 0.125 0.2696709585121602 0.13125 0.032904148783977114
0 0.3140625 0.2696709585121602 0.11770833333333333 0.030042918454935622
2 0.2203125 0.2675250357653791 0.026041666666666668 0.020028612303290415
2 0.41302083333333334 0.2675250357653791 0.026041666666666668 0.020028612303290415
2 0.2203125 0.29756795422031473 0.026041666666666668 0.022889842632331903
0 0.3203125 0.2989985693848355 0.12604166666666666 0.02575107296137339
0 0.10052083333333334 0.2968526466380544 0.08229166666666667 0.02145922746781116
2 0.41302083333333334 0.2968526466380544 0.026041666666666668 0.02145922746781116
0 0.10677083333333333 0.3261802575107296 0.090625 0.022889842632331903
0 0.3145833333333333 0.3290414878397711 0.11666666666666667 0.02861230329041488
2 0.2203125 0.32689556509299 0.026041666666666668 0.02145922746781116
2 0.41302083333333334 0.32689556509299 0.026041666666666668 0.02145922746781116
0 0.6083333333333333 0.35050071530758226 0.11875 0.034334763948497854
0 0.7802083333333333 0.35264663805436336 0.09791666666666667 0.027181688125894134
2 0.9135416666666667 0.351931330472103 0.03333333333333333 0.020028612303290415
0 0.09270833333333334 0.3569384835479256 0.06458333333333334 0.024320457796852647
2 0.2203125 0.3562231759656652 0.026041666666666668 0.022889842632331903
0 0.3098958333333333 0.3569384835479256 0.10729166666666666 0.030042918454935622
2 0.41302083333333334 0.35765379113018597 0.026041666666666668 0.020028612303290415
0 0.784375 0.3805436337625179 0.10625 0.02575107296137339
0 0.5994791666666667 0.3812589413447783 0.10104166666666667 0.030042918454935622
2 0.9135416666666667 0.38197424892703863 0.03333333333333333 0.020028612303290415
0 0.109375 0.38626609442060084 0.1 0.020028612303290415
2 0.2203125 0.38626609442060084 0.026041666666666668 0.020028612303290415
0 0.3151041666666667 0.38626609442060084 0.11770833333333333 0.020028612303290415
2 0.41302083333333334 0.38626609442060084 0.026041666666666668 0.020028612303290415
0 0.78125 0.40915593705293274 0.1 0.02575107296137339
0 0.6 0.4113018597997139 0.10208333333333333 0.030042918454935622
2 0.8989583333333333 0.4105865522174535 0.0625 0.020028612303290415
0 0.12083333333333333 0.4155937052932761 0.12291666666666666 0.030042918454935622
2 0.2203125 0.41487839771101576 0.026041666666666668 0.020028612303290415
0 0.3020833333333333 0.4177396280400572 0.09166666666666666 0.02575107296137339
2 0.41302083333333334 0.41630901287553645 0.026041666666666668 0.020028612303290415
0 0.5994791666666667 0.43919885550786836 0.09895833333333333 0.034334763948497854
0 0.7765625 0.43919885550786836 0.090625 0.031473533619456366
2 0.9135416666666667 0.43919885550786836 0.03333333333333333 0.020028612303290415
0 0.1140625 0.4449213161659514 0.10729166666666666 0.02575107296137339
2 0.22083333333333333 0.4449213161659514 0.027083333333333334 0.020028612303290415
0 0.27395833333333336 0.4449213161659514 0.0375 0.020028612303290415
2 0.41302083333333334 0.4449213161659514 0.026041666666666668 0.020028612303290415
0 0.628125 0.46924177396280403 0.15625 0.02861230329041488
0 0.7921875 0.4685264663805436 0.11979166666666667 0.024320457796852647
2 0.9135416666666667 0.4678111587982833 0.03333333333333333 0.020028612303290415
0 0.11354166666666667 0.47353361945636624 0.10833333333333334 0.020028612303290415
2 0.2203125 0.47353361945636624 0.026041666666666668 0.020028612303290415
0 0.28229166666666666 0.47567954220314734 0.052083333333333336 0.024320457796852647
2 0.41302083333333334 0.47567954220314734 0.026041666666666668 0.02145922746781116
0 0.7895833333333333 0.49642346208869814 0.11666666666666667 0.02575107296137339
0 0.6255208333333333 0.49856938483547925 0.14895833333333333 0.024320457796852647
2 0.9135416666666667 0.4949928469241774 0.03333333333333333 0.020028612303290415
0 0.1171875 0.5035765379113019 0.115625 0.022889842632331903
2 0.2203125 0.5042918454935622 0.026041666666666668 0.02145922746781116
0 0.3020833333333333 0.5042918454935622 0.08958333333333333 0.02145922746781116
2 0.4166666666666667 0.5042918454935622 0.01875 0.02145922746781116
0 0.5942708333333333 0.5264663805436338 0.08854166666666667 0.02575107296137339
0 0.8046875 0.5257510729613734 0.146875 0.027181688125894134
0 0.09375 0.5321888412017167 0.06875 0.020028612303290415
2 0.2203125 0.5329041487839771 0.026041666666666668 0.02145922746781116
0 0.28958333333333336 0.5336194563662375 0.06458333333333334 0.022889842632331903
2 0.4166666666666667 0.5343347639484979 0.01875 0.01859799713876967
0 0.6 0.555793991416309 0.1 0.024320457796852647
0 0.8026041666666667 0.5550786838340487 0.13854166666666667 0.022889842632331903
2 0.9135416666666667 0.5550786838340487 0.03333333333333333 0.022889842632331903
0 0.1015625 0.5622317596566524 0.084375 0.022889842632331903
2 0.2203125 0.5636623748211731 0.026041666666666668 0.020028612303290415
0 0.5885416666666666 0.5815450643776824 0.07708333333333334 0.02145922746781116
0 0.08541666666666667 0.592274678111588 0.04791666666666667 0.020028612303290415
2 0.20833333333333334 0.5944206008583691 0.05 0.024320457796852647
0 0.6130208333333333 0.6130185979971388 0.12395833333333334 0.024320457796852647
0 0.09166666666666666 0.6223175965665236 0.0625 0.02861230329041488
2 0.2234375 0.6223175965665236 0.019791666666666666 0.020028612303290415
0 0.6223958333333334 0.6409155937052933 0.14270833333333333 0.02861230329041488
0 0.0953125 0.6516452074391988 0.07395833333333333 0.032904148783977114
0 0.09375 0.6824034334763949 0.07083333333333333 0.034334763948497854
2 0.2203125 0.6816881258941345 0.026041666666666668 0.02145922746781116
0 0.6182291666666667 0.7489270386266095 0.13020833333333334 0.024320457796852647
2 0.7432291666666667 0.7496423462088698 0.026041666666666668 0.020028612303290415
0 0.090625 0.7646638054363376 0.06041666666666667 0.024320457796852647
0 0.6005208333333333 0.7782546494992847 0.09895833333333333 0.022889842632331903
2 0.7411458333333333 0.7753934191702432 0.026041666666666668 0.020028612303290415
0 0.09114583333333333 0.7954220314735336 0.06354166666666666 0.022889842632331903
0 0.6057291666666667 0.8068669527896996 0.10729166666666666 0.02861230329041488
2 0.7421875 0.8054363376251789 0.026041666666666668 0.020028612303290415
0 0.0890625 0.8197424892703863 0.059375 0.022889842632331903
0 0.5932291666666667 0.8361945636623748 0.07604166666666666 0.02145922746781116
2 0.7416666666666667 0.8340486409155937 0.027083333333333334 0.020028612303290415
0 0.109375 0.8469241773962805 0.1 0.022889842632331903
0 0.6328125 0.8648068669527897 0.16979166666666667 0.024320457796852647
0 0.0984375 0.8762517882689557 0.078125 0.024320457796852647
0 0.6380208333333334 0.8934191702432046 0.17395833333333333 0.030042918454935622
0 0.10572916666666667 0.9034334763948498 0.09270833333333334 0.024320457796852647
2 0.9140625 0.5293276108726752 0.036458333333333336 0.022889842632331903
2 0.7427083333333333 0.8676680972818311 0.025 0.02145922746781116
2 0.7427083333333333 0.894134477825465 0.025 0.022889842632331903
1 0.146875 0.20815450643776823 0.175 0.030042918454935622
1 0.146875 0.2396280400572246 0.175 0.02145922746781116
1 0.14739583333333334 0.30042918454935624 0.17604166666666668 0.022889842632331903
1 0.14635416666666667 0.3283261802575107 0.178125 0.02145922746781116
1 0.1453125 0.35550786838340487 0.17604166666666668 0.024320457796852647
1 0.146875 0.3905579399141631 0.175 0.02575107296137339
1 0.14635416666666667 0.4155937052932761 0.178125 0.024320457796852647
1 0.146875 0.4456366237482117 0.17291666666666666 0.02145922746781116
1 0.14635416666666667 0.47567954220314734 0.178125 0.024320457796852647
1 0.14479166666666668 0.505722460658083 0.175 0.02145922746781116
1 0.14583333333333334 0.5343347639484979 0.17708333333333334 0.024320457796852647
1 0.14583333333333334 0.5679542203147353 0.17291666666666666 0.02575107296137339
1 0.14583333333333334 0.5944206008583691 0.17708333333333334 0.027181688125894134
1 0.14739583333333334 0.6702432045779685 0.17395833333333333 0.024320457796852647
1 0.14635416666666667 0.6530758226037195 0.178125 0.024320457796852647
1 0.14322916666666666 0.5951359084406295 0.178125 0.022889842632331903
1 0.3411458333333333 0.20815450643776823 0.16979166666666667 0.024320457796852647
1 0.3416666666666667 0.2396280400572246 0.17083333333333334 0.024320457796852647
1 0.3416666666666667 0.2675250357653791 0.17083333333333334 0.022889842632331903
1 0.3411458333333333 0.2989985693848355 0.16979166666666667 0.02575107296137339
1 0.3416666666666667 0.3311874105865522 0.17083333333333334 0.024320457796852647
1 0.3416666666666667 0.3583690987124464 0.17083333333333334 0.02145922746781116
1 0.34270833333333334 0.3898426323319027 0.17291666666666666 0.02145922746781116
1 0.3421875 0.41917024320457796 0.171875 0.02575107296137339
1 0.340625 0.4470672389127325 0.17083333333333334 0.02145922746781116
1 0.3421875 0.47782546494992845 0.17395833333333333 0.02861230329041488
1 0.3416666666666667 0.505722460658083 0.17083333333333334 0.02145922746781116
1 0.34270833333333334 0.5336194563662375 0.17083333333333334 0.022889842632331903
1 0.8322916666666667 0.35336194563662376 0.2 0.022889842632331903
1 0.8302083333333333 0.3805436337625179 0.2 0.02575107296137339
1 0.8328125 0.4127324749642346 0.20104166666666667 0.024320457796852647
1 0.83125 0.43991416309012876 0.19791666666666666 0.027181688125894134
1 0.8333333333333334 0.4728183118741059 0.19583333333333333 0.024320457796852647
1 0.8322916666666667 0.49856938483547925 0.2 0.01859799713876967
1 0.8333333333333334 0.5257510729613734 0.2 0.02145922746781116
1 0.8322916666666667 0.5543633762517882 0.2 0.02145922746781116
1 0.6552083333333333 0.748211731044349 0.20625 0.02575107296137339
1 0.6515625 0.7775393419170243 0.196875 0.027181688125894134
1 0.6536458333333334 0.8082975679542204 0.20520833333333333 0.020028612303290415
1 0.6541666666666667 0.8361945636623748 0.20416666666666666 0.01859799713876967
1 0.6557291666666667 0.8648068669527897 0.20729166666666668 0.027181688125894134
1 0.6541666666666667 0.8934191702432046 0.20625 0.024320457796852647
1 0.146875 0.26680972818311877 0.17916666666666667 0.02145922746781116
2 0.6328125 0.3054363376251788 0.046875 0.04148783977110158
2 0.8854166666666666 0.7374821173104434 0.04375 0.030042918454935622
2 0.9192708333333334 0.8183118741058655 0.04895833333333333 0.02861230329041488
2 0.8109375 0.882689556509299 0.05520833333333333 0.03719599427753934
0 0.8911458333333333 0.7811158798283262 0.10520833333333333 0.03719599427753934
0 0.8359375 0.8562231759656652 0.109375 0.030042918454935622
2 0.6505208333333333 0.2317596566523605 0.059375 0.04864091559370529
0 0.778125 0.23032904148783978 0.18125 0.03719599427753934
2 0.3546875 0.6702432045779685 0.034375 0.024320457796852647
0 0.35625 0.642346208869814 0.1625 0.02861230329041488
1 0.3572916666666667 0.6545064377682404 0.16666666666666666 0.05293276108726753
0 0.8442708333333333 0.7024320457796852 0.13020833333333334 0.031473533619456366
1 0.8427083333333333 0.7188841201716738 0.13125 0.07010014306151645
1 0.8947916666666667 0.7975679542203148 0.11041666666666666 0.07010014306151645
1 0.8364583333333333 0.871244635193133 0.10833333333333334 0.060085836909871244
1 0.6296875 0.46924177396280403 0.159375 0.36909871244635195
1 0.7453125 0.21101573676680974 0.24479166666666666 0.0844062947067239
0 0.7739583333333333 0.1917024320457797 0.17083333333333334 0.04291845493562232
0 0.8203125 0.7367668097281831 0.08854166666666667 0.031473533619456366