0 0.12871287128712872 0.44008264462809915 0.13267326732673268 0.023415977961432508
0 0.11237623762376238 0.4669421487603306 0.09603960396039604 0.024793388429752067
0 0.11138613861386139 0.493801652892562 0.0900990099009901 0.01790633608815427
0 0.10396039603960396 0.5172176308539945 0.08118811881188119 0.023415977961432508
0 0.09108910891089109 0.5399449035812672 0.055445544554455446 0.01928374655647383
0 0.11138613861386139 0.5681818181818182 0.09405940594059406 0.023415977961432508
0 0.11138613861386139 0.59366391184573 0.09405940594059406 0.01928374655647383
0 0.12178217821782178 0.6184573002754821 0.11485148514851486 0.024793388429752067
0 0.1 0.6425619834710744 0.07128712871287128 0.01790633608815427
0 0.11287128712871287 0.6680440771349863 0.09702970297029703 0.024793388429752067
0 0.09554455445544555 0.6914600550964187 0.060396039603960394 0.024793388429752067
0 0.1188118811881188 0.7183195592286501 0.10297029702970296 0.02066115702479339
0 0.12425742574257426 0.7465564738292011 0.11386138613861387 0.02203856749311295
0 0.10445544554455445 0.7699724517906336 0.07623762376237624 0.01652892561983471
0 0.11089108910891089 0.7954545454545454 0.08712871287128712 0.023415977961432508
0 0.09455445544554456 0.8209366391184573 0.062376237623762376 0.01928374655647383
0 0.11188118811881188 0.8450413223140496 0.0891089108910891 0.01790633608815427
0 0.12227722772277227 0.8677685950413223 0.11386138613861387 0.02203856749311295
0 0.25643564356435644 0.4380165289256198 0.100990099009901 0.01928374655647383
0 0.2589108910891089 0.46487603305785125 0.10396039603960396 0.023415977961432508
0 0.249009900990099 0.48760330578512395 0.08613861386138613 0.02203856749311295
0 0.2618811881188119 0.5144628099173554 0.10594059405940594 0.026170798898071626
0 0.25544554455445545 0.5392561983471075 0.09306930693069307 0.02066115702479339
0 0.25544554455445545 0.5668044077134986 0.09504950495049505 0.023415977961432508
0 0.24455445544554455 0.5902203856749312 0.07326732673267326 0.02066115702479339
0 0.2584158415841584 0.6177685950413223 0.09900990099009901 0.023415977961432508
0 0.25396039603960396 0.7066115702479339 0.09207920792079208 0.024793388429752067
0 0.2524752475247525 0.7320936639118457 0.0891089108910891 0.023415977961432508
0 0.251980198019802 0.7582644628099173 0.09207920792079208 0.023415977961432508
0 0.2594059405940594 0.7837465564738292 0.10297029702970296 0.024793388429752067
0 0.37376237623762376 0.7196969696969697 0.09207920792079208 0.01790633608815427
0 0.3826732673267327 0.7431129476584022 0.1099009900990099 0.023415977961432508
0 0.3801980198019802 0.768595041322314 0.10495049504950495 0.024793388429752067
0 0.3806930693069307 0.7961432506887053 0.10594059405940594 0.024793388429752067
0 0.38465346534653466 0.821625344352617 0.1099009900990099 0.023415977961432508
0 0.3831683168316832 0.8450413223140496 0.10495049504950495 0.023415977961432508
2 0.14603960396039603 0.3973829201101928 0.05247524752475247 0.04269972451790634
2 0.2866336633663366 0.39669421487603307 0.04455445544554455 0.04132231404958678
2 0.2876237623762376 0.6646005509641874 0.040594059405940595 0.0371900826446281
2 0.4064356435643564 0.6769972451790633 0.04455445544554455 0.03994490358126722
2 0.08811881188118811 0.22727272727272727 0.03564356435643564 0.03856749311294766
2 0.21237623762376237 0.22865013774104684 0.03861386138613861 0.03856749311294766
2 0.33613861386138616 0.23002754820936638 0.034653465346534656 0.03305785123966942
0 0.11683168316831684 0.26377410468319556 0.100990099009901 0.023415977961432508
0 0.24356435643564356 0.26170798898071623 0.10891089108910891 0.030303030303030304
0 0.3668316831683168 0.2630853994490358 0.10792079207920792 0.024793388429752067
1 0.3673267326732673 0.26721763085399447 0.11089108910891089 0.11570247933884298
1 0.11831683168316831 0.27823691460055094 0.1 0.14325068870523416
1 0.24405940594059405 0.26584022038567495 0.10396039603960396 0.1184573002754821
1 0.1306930693069307 0.6308539944903582 0.13465346534653466 0.5013774104683195
1 0.2589108910891089 0.5020661157024794 0.11188118811881188 0.2465564738292011
1 0.38564356435643565 0.7548209366391184 0.11584158415841585 0.20385674931129477
1 0.2638613861386139 0.71900826446281 0.10792079207920792 0.15426997245179064
2 0.2727722772277228 0.2265840220385675 0.040594059405940595 0.03168044077134986
2 0.1504950495049505 0.22865013774104684 0.03564356435643564 0.03856749311294766
0 0.1198019801980198 0.2878787878787879 0.047524752475247525 0.02203856749311295
0 0.1198019801980198 0.31129476584022037 0.047524752475247525 0.02203856749311295
0 0.1198019801980198 0.3347107438016529 0.047524752475247525 0.02203856749311295
0 0.2198019801980198 0.31129476584022037 0.047524752475247525 0.02203856749311295
0 0.2188118811881188 0.2865013774104683 0.047524752475247525 0.02203856749311295
0 0.2693069306930693 0.2878787878787879 0.047524752475247525 0.02203856749311295
0 0.26534653465346536 0.31129476584022037 0.047524752475247525 0.02203856749311295
2 0.39752475247524754 0.23002754820936638 0.03663366336633663 0.03581267217630854
0 0.3455445544554455 0.3119834710743802 0.03762376237623762 0.023415977961432508
0 0.3445544554455445 0.2858126721763085 0.03762376237623762 0.023415977961432508
0 0.38613861386138615 0.2858126721763085 0.03762376237623762 0.023415977961432508
0 0.38712871287128714 0.3106060606060606 0.03762376237623762 0.023415977961432508
