0 0.099609375 0.19680851063829788 0.048828125 0.0243161094224924
0 0.12060546875 0.3126899696048632 0.1025390625 0.022036474164133738
0 0.123046875 0.4642857142857143 0.1015625 0.019756838905775075
0 0.113037109375 0.668693009118541 0.07763671875 0.019756838905775075
0 0.122802734375 0.7993920972644377 0.10205078125 0.0182370820668693
0 0.1025390625 0.9118541033434651 0.0634765625 0.0182370820668693
0 0.30908203125 0.17211246200607902 0.0625 0.018996960486322188
0 0.32177734375 0.32864741641337386 0.083984375 0.020516717325227963
0 0.33251953125 0.46466565349544076 0.10546875 0.015957446808510637
0 0.3349609375 0.5972644376899696 0.109375 0.02127659574468085
0 0.31494140625 0.7640577507598785 0.0732421875 0.03267477203647416
0 0.331298828125 0.8951367781155015 0.10986328125 0.019756838905775075
0 0.500732421875 0.16983282674772038 0.03857421875 0.017477203647416412
0 0.4990234375 0.30851063829787234 0.0341796875 0.016717325227963525
0 0.501708984375 0.44642857142857145 0.03955078125 0.015957446808510637
0 0.49755859375 0.5870060790273556 0.0322265625 0.018996960486322188
0 0.5048828125 0.7378419452887538 0.0458984375 0.019756838905775075
0 0.6953125 0.16907294832826747 0.0556640625 0.017477203647416412
0 0.6923828125 0.30965045592705165 0.0517578125 0.018996960486322188
0 0.696533203125 0.44832826747720367 0.06396484375 0.015197568389057751
0 0.697021484375 0.5896656534954408 0.06005859375 0.0182370820668693
0 0.6943359375 0.7298632218844985 0.0595703125 0.015957446808510637
0 0.697998046875 0.875 0.06298828125 0.017477203647416412
0 0.896240234375 0.16869300911854104 0.05810546875 0.0182370820668693
0 0.896240234375 0.30547112462006076 0.06201171875 0.016717325227963525
0 0.900390625 0.46200607902735563 0.0693359375 0.019756838905775075
0 0.9150390625 0.5721884498480243 0.0390625 0.016717325227963525
0 0.92431640625 0.6348784194528876 0.0615234375 0.018996960486322188
0 0.918212890625 0.7146656534954408 0.04541015625 0.014437689969604863
0 0.921875 0.7826747720364742 0.052734375 0.019756838905775075
0 0.915771484375 0.8438449848024316 0.04052734375 0.015957446808510637
0 0.92578125 0.9088145896656535 0.05859375 0.02127659574468085
2 0.18701171875 0.15273556231003038 0.0107421875 0.019756838905775075
2 0.185791015625 0.29027355623100304 0.01318359375 0.016717325227963525
2 0.185791015625 0.42743161094224924 0.01123046875 0.015957446808510637
2 0.185791015625 0.6268996960486323 0.01416015625 0.019756838905775075
2 0.18505859375 0.7617781155015197 0.0126953125 0.017477203647416412
2 0.185791015625 0.8917173252279635 0.01123046875 0.017477203647416412
2 0.399169921875 0.15159574468085107 0.01513671875 0.018996960486322188
2 0.399169921875 0.28951367781155013 0.01513671875 0.016717325227963525
2 0.39892578125 0.4247720364741641 0.0126953125 0.02127659574468085
2 0.399169921875 0.5638297872340425 0.01123046875 0.022796352583586626
2 0.3994140625 0.7215045592705167 0.0126953125 0.018996960486322188
2 0.399169921875 0.8609422492401215 0.01513671875 0.015197568389057751
2 0.583984375 0.15425531914893617 0.015625 0.02127659574468085
2 0.5849609375 0.29217325227963525 0.0146484375 0.017477203647416412
2 0.58544921875 0.43047112462006076 0.0126953125 0.022036474164133738
2 0.5849609375 0.5695288753799392 0.0146484375 0.018996960486322188
2 0.58447265625 0.7196048632218845 0.013671875 0.015197568389057751
2 0.791015625 0.15235562310030396 0.013671875 0.018996960486322188
2 0.790771484375 0.293693009118541 0.01318359375 0.017477203647416412
2 0.790771484375 0.4331306990881459 0.01416015625 0.022796352583586626
2 0.79052734375 0.5767477203647416 0.0107421875 0.016717325227963525
2 0.790771484375 0.7165653495440729 0.01416015625 0.0182370820668693
2 0.791015625 0.8571428571428571 0.015625 0.016717325227963525
2 0.978271484375 0.14969604863221886 0.01220703125 0.019756838905775075
2 0.978271484375 0.2883738601823708 0.01220703125 0.018996960486322188
2 0.977294921875 0.42515197568389057 0.01318359375 0.017477203647416412
2 0.973388671875 0.5718085106382979 0.00537109375 0.015957446808510637
2 0.975341796875 0.6360182370820668 0.01025390625 0.013677811550151976
2 0.974853515625 0.7135258358662614 0.00830078125 0.013677811550151976
2 0.973388671875 0.7822948328267477 0.00732421875 0.012917933130699088
2 0.975341796875 0.8423252279635258 0.01025390625 0.014437689969604863
2 0.9736328125 0.90919452887538 0.0078125 0.012917933130699088
1 0.135009765625 0.17553191489361702 0.12060546875 0.06990881458966565
1 0.13232421875 0.30319148936170215 0.123046875 0.0425531914893617
1 0.131103515625 0.4479483282674772 0.12060546875 0.06155015197568389
1 0.134521484375 0.6557750759878419 0.11865234375 0.08054711246200608
1 0.13232421875 0.7822948328267477 0.12109375 0.056990881458966566
1 0.130859375 0.9027355623100304 0.1201171875 0.037993920972644375
1 0.342529296875 0.16337386018237082 0.12939453125 0.03951367781155015
1 0.3427734375 0.30851063829787234 0.1259765625 0.05927051671732523
1 0.34423828125 0.44376899696048633 0.1279296875 0.057750759878419454
1 0.342041015625 0.5790273556231003 0.12548828125 0.05167173252279635
1 0.341796875 0.7458206686930091 0.126953125 0.06914893617021277
1 0.341064453125 0.8799392097264438 0.13330078125 0.05319148936170213
1 0.53759765625 0.16185410334346503 0.1123046875 0.037993920972644375
1 0.538818359375 0.30243161094224924 0.11376953125 0.034954407294832825
1 0.537841796875 0.4399696048632219 0.10888671875 0.034954407294832825
1 0.5380859375 0.5786474164133738 0.115234375 0.04027355623100304
1 0.53662109375 0.729483282674772 0.1123046875 0.03951367781155015
1 0.7333984375 0.16033434650455927 0.1328125 0.0364741641337386
1 0.732421875 0.3009118541033435 0.1337890625 0.031914893617021274
1 0.733154296875 0.4411094224924012 0.13232421875 0.03115501519756839
1 0.73193359375 0.5832066869300911 0.12890625 0.03267477203647416
1 0.732177734375 0.7211246200607903 0.13623046875 0.031914893617021274
1 0.732666015625 0.8666413373860182 0.13427734375 0.03419452887537994
1 0.925537109375 0.15919452887537994 0.11669921875 0.03723404255319149
1 0.9248046875 0.29635258358662614 0.119140625 0.028875379939209727
1 0.92626953125 0.4430091185410334 0.1201171875 0.057750759878419454
1 0.93603515625 0.5721884498480243 0.08203125 0.016717325227963525
1 0.938720703125 0.6348784194528876 0.08740234375 0.018996960486322188
1 0.9375 0.7146656534954408 0.083984375 0.017477203647416412
1 0.93701171875 0.7807750759878419 0.0830078125 0.017477203647416412
1 0.938720703125 0.8427051671732523 0.08642578125 0.02127659574468085
1 0.9384765625 0.9095744680851063 0.08203125 0.019756838905775075
0 0.115966796875 0.6854103343465046 0.07275390625 0.0182370820668693
0 0.1513671875 0.1945288753799392 0.048828125 0.0243161094224924
