0 0.2669172932330827 0.22864583333333333 0.38345864661654133 0.026041666666666668
2 0.8881578947368421 0.22708333333333333 0.07330827067669173 0.020833333333333332
0 0.15225563909774437 0.25677083333333334 0.15037593984962405 0.023958333333333335
0 0.20488721804511278 0.2828125 0.2556390977443609 0.021875
2 0.8900375939849624 0.28229166666666666 0.07330827067669173 0.020833333333333332
2 0.8900375939849624 0.3098958333333333 0.06954887218045112 0.021875
0 0.18890977443609022 0.3125 0.2236842105263158 0.027083333333333334
2 0.8900375939849624 0.33697916666666666 0.06954887218045112 0.021875
0 0.20488721804511278 0.34010416666666665 0.2556390977443609 0.023958333333333335
2 0.8881578947368421 0.3651041666666667 0.07330827067669173 0.021875
0 0.1550751879699248 0.3671875 0.15601503759398497 0.023958333333333335
0 0.21522556390977443 0.3927083333333333 0.27631578947368424 0.025
2 0.8900375939849624 0.3921875 0.06954887218045112 0.019791666666666666
0 0.19454887218045114 0.42135416666666664 0.2349624060150376 0.023958333333333335
2 0.8900375939849624 0.4197916666666667 0.06954887218045112 0.020833333333333332
0 0.25469924812030076 0.4473958333333333 0.35526315789473684 0.026041666666666668
2 0.8900375939849624 0.4479166666666667 0.06954887218045112 0.020833333333333332
0 0.2387218045112782 0.47708333333333336 0.3233082706766917 0.022916666666666665
2 0.8881578947368421 0.47552083333333334 0.07330827067669173 0.019791666666666666
0 0.2462406015037594 0.5015625 0.3383458646616541 0.026041666666666668
2 0.8900375939849624 0.5015625 0.06954887218045112 0.021875
0 0.18327067669172933 0.5317708333333333 0.212406015037594 0.023958333333333335
2 0.8900375939849624 0.5296875 0.06954887218045112 0.019791666666666666
0 0.20676691729323307 0.5578125 0.2631578947368421 0.021875
2 0.8900375939849624 0.5572916666666666 0.06954887218045112 0.020833333333333332
2 0.8900375939849624 0.5848958333333333 0.06954887218045112 0.021875
0 0.18984962406015038 0.5859375 0.22556390977443608 0.021875
2 0.8900375939849624 0.6119791666666666 0.06954887218045112 0.021875
0 0.19736842105263158 0.6140625 0.24060150375939848 0.021875
2 0.8881578947368421 0.6401041666666667 0.07330827067669173 0.021875
0 0.20676691729323307 0.640625 0.2631578947368421 0.020833333333333332
0 0.25093984962406013 0.6682291666666667 0.34774436090225563 0.026041666666666668
2 0.8881578947368421 0.6682291666666667 0.07330827067669173 0.021875
0 0.21898496240601503 0.696875 0.28383458646616544 0.027083333333333334
2 0.8881578947368421 0.6947916666666667 0.07330827067669173 0.020833333333333332
0 0.16071428571428573 0.7223958333333333 0.16729323308270677 0.023958333333333335
2 0.8881578947368421 0.7229166666666667 0.07330827067669173 0.020833333333333332
0 0.23684210526315788 0.7526041666666666 0.3233082706766917 0.023958333333333335
2 0.8881578947368421 0.7505208333333333 0.07330827067669173 0.019791666666666666
2 0.8890977443609023 0.7776041666666667 0.07894736842105263 0.023958333333333335
0 0.24530075187969924 0.7802083333333333 0.34022556390977443 0.025
0 0.22838345864661655 0.8088541666666667 0.3101503759398496 0.030208333333333334
2 0.8881578947368421 0.8046875 0.07330827067669173 0.019791666666666666
0 0.20018796992481203 0.8338541666666667 0.2462406015037594 0.026041666666666668
2 0.8862781954887218 0.8322916666666667 0.07330827067669173 0.020833333333333332
0 0.22086466165413535 0.8614583333333333 0.287593984962406 0.027083333333333334
2 0.8881578947368421 0.8604166666666667 0.07330827067669173 0.020833333333333332
0 0.21898496240601503 0.8895833333333333 0.28383458646616544 0.029166666666666667
2 0.8881578947368421 0.8880208333333334 0.07330827067669173 0.019791666666666666
0 0.25281954887218044 0.9171875 0.35150375939849626 0.030208333333333334
2 0.8881578947368421 0.9145833333333333 0.07330827067669173 0.020833333333333332
0 0.22838345864661655 0.9447916666666667 0.3101503759398496 0.03333333333333333
2 0.8881578947368421 0.9432291666666667 0.07330827067669173 0.019791666666666666
1 0.5028195488721805 0.225 0.8552631578947368 0.020833333333333332
1 0.5028195488721805 0.253125 0.8477443609022557 0.022916666666666665
1 0.5028195488721805 0.2833333333333333 0.8477443609022557 0.025
1 0.49906015037593987 0.3104166666666667 0.8552631578947368 0.022916666666666665
1 0.5009398496240601 0.3385416666666667 0.8515037593984962 0.020833333333333332
1 0.5018796992481203 0.365625 0.849624060150376 0.022916666666666665
1 0.5 0.3958333333333333 0.8458646616541353 0.025
1 0.5018796992481203 0.42291666666666666 0.8458646616541353 0.020833333333333332
1 0.5009398496240601 0.4479166666666667 0.8477443609022557 0.020833333333333332
1 0.506578947368421 0.47760416666666666 0.8477443609022557 0.023958333333333335
1 0.5122180451127819 0.503125 0.8665413533834586 0.020833333333333332
1 0.5 0.5296875 0.8458646616541353 0.023958333333333335
1 0.5046992481203008 0.5598958333333334 0.8477443609022557 0.021875
1 0.4981203007518797 0.5864583333333333 0.849624060150376 0.025
1 0.5009398496240601 0.6130208333333333 0.8552631578947368 0.019791666666666666
1 0.5 0.6432291666666666 0.849624060150376 0.03229166666666667
1 0.5046992481203008 0.66875 0.8590225563909775 0.022916666666666665
1 0.5 0.6953125 0.8458646616541353 0.026041666666666668
1 0.5037593984962406 0.7223958333333333 0.849624060150376 0.019791666666666666
1 0.5018796992481203 0.7510416666666667 0.8458646616541353 0.025
1 0.49906015037593987 0.7791666666666667 0.8477443609022557 0.022916666666666665
1 0.5 0.8067708333333333 0.8533834586466166 0.026041666666666668
1 0.48966165413533835 0.8317708333333333 0.8364661654135338 0.023958333333333335
1 0.4981203007518797 0.859375 0.849624060150376 0.027083333333333334
1 0.49906015037593987 0.8880208333333334 0.8627819548872181 0.026041666666666668
1 0.49718045112781956 0.9166666666666666 0.8552631578947368 0.029166666666666667
1 0.49154135338345867 0.94375 0.8552631578947368 0.022916666666666665