2 0.8881578947368421 0.22708333333333333 0.07330827067669173 0.020833333333333332
0 0.23778195488721804 0.2296875 0.32142857142857145 0.023958333333333335
0 0.2199248120300752 0.25833333333333336 0.2857142857142857 0.025
2 0.8881578947368421 0.2552083333333333 0.07330827067669173 0.020833333333333332
0 0.16917293233082706 0.28489583333333335 0.18796992481203006 0.021875
0 0.8881578947368421 0.28489583333333335 0.07330827067669173 0.021875
0 0.18327067669172933 0.31354166666666666 0.2199248120300752 0.029166666666666667
2 0.8881578947368421 0.31302083333333336 0.07330827067669173 0.019791666666666666
0 0.20770676691729323 0.34427083333333336 0.2650375939849624 0.023958333333333335
2 0.8881578947368421 0.3421875 0.07330827067669173 0.019791666666666666
0 0.23214285714285715 0.37135416666666665 0.3101503759398496 0.023958333333333335
2 0.8881578947368421 0.37135416666666665 0.07330827067669173 0.019791666666666666
0 0.2274436090225564 0.4005208333333333 0.3007518796992481 0.030208333333333334
2 0.8881578947368421 0.4 0.07330827067669173 0.01875
2 0.8862781954887218 0.428125 0.07330827067669173 0.020833333333333332
0 0.2274436090225564 0.43125 0.3007518796992481 0.022916666666666665
0 0.2199248120300752 0.4588541666666667 0.2894736842105263 0.023958333333333335
2 0.8900375939849624 0.45729166666666665 0.06954887218045112 0.020833333333333332
0 0.20394736842105263 0.4869791666666667 0.2575187969924812 0.021875
2 0.8881578947368421 0.4864583333333333 0.07330827067669173 0.020833333333333332
0 0.23026315789473684 0.5166666666666667 0.30639097744360905 0.029166666666666667
2 0.8881578947368421 0.5135416666666667 0.07330827067669173 0.020833333333333332
0 0.2161654135338346 0.5458333333333333 0.2781954887218045 0.029166666666666667
2 0.8881578947368421 0.54375 0.07330827067669173 0.020833333333333332
0 0.2669172932330827 0.5739583333333333 0.38345864661654133 0.029166666666666667
2 0.8881578947368421 0.5729166666666666 0.07330827067669173 0.020833333333333332
2 0.8900375939849624 0.6015625 0.06954887218045112 0.021875
0 0.26127819548872183 0.6041666666666666 0.37218045112781956 0.025
0 0.2199248120300752 0.6307291666666667 0.2894736842105263 0.021875
2 0.8900375939849624 0.6296875 0.06954887218045112 0.019791666666666666
2 0.8900375939849624 0.7239583333333334 0.06954887218045112 0.020833333333333332
0 0.17011278195488722 0.725 0.18984962406015038 0.020833333333333332
0 0.14191729323308272 0.7578125 0.13721804511278196 0.023958333333333335
2 0.8900375939849624 0.7572916666666667 0.06954887218045112 0.020833333333333332
2 0.8900375939849624 0.790625 0.06954887218045112 0.020833333333333332
0 0.3176691729323308 0.8244791666666667 0.4849624060150376 0.028125
2 0.8881578947368421 0.8239583333333333 0.07330827067669173 0.020833333333333332
0 0.21428571428571427 0.8572916666666667 0.2781954887218045 0.022916666666666665
2 0.8881578947368421 0.8572916666666667 0.07330827067669173 0.020833333333333332
0 0.21522556390977443 0.8890625 0.2800751879699248 0.021875
2 0.8881578947368421 0.8895833333333333 0.07330827067669173 0.020833333333333332
0 0.19642857142857142 0.9213541666666667 0.2424812030075188 0.021875
2 0.8881578947368421 0.9229166666666667 0.07330827067669173 0.020833333333333332
0 0.3656015037593985 0.9354166666666667 0.05075187969924812 0.014583333333333334
0 0.20770676691729323 0.9526041666666667 0.2650375939849624 0.023958333333333335
2 0.8881578947368421 0.95625 0.07330827067669173 0.020833333333333332
1 0.5028195488721805 0.22604166666666667 0.8552631578947368 0.020833333333333332
1 0.5037593984962406 0.25833333333333336 0.8571428571428571 0.025
1 0.5 0.2838541666666667 0.849624060150376 0.021875
1 0.49906015037593987 0.31197916666666664 0.8515037593984962 0.023958333333333335
1 0.5009398496240601 0.34375 0.8552631578947368 0.025
1 0.5046992481203008 0.3734375 0.8590225563909775 0.021875
1 0.5037593984962406 0.40208333333333335 0.8421052631578947 0.025
1 0.5037593984962406 0.43125 0.849624060150376 0.022916666666666665
1 0.5028195488721805 0.4583333333333333 0.8515037593984962 0.025
1 0.5018796992481203 0.48541666666666666 0.849624060150376 0.022916666666666665
1 0.49906015037593987 0.5161458333333333 0.8477443609022557 0.023958333333333335
1 0.5046992481203008 0.5432291666666667 0.8477443609022557 0.026041666666666668
1 0.5084586466165414 0.5755208333333334 0.8327067669172933 0.021875
1 0.5028195488721805 0.6036458333333333 0.8439849624060151 0.021875
1 0.5009398496240601 0.63125 0.8515037593984962 0.022916666666666665
1 0.5 0.7244791666666667 0.8421052631578947 0.019791666666666666
1 0.5037593984962406 0.7588541666666667 0.8421052631578947 0.021875
0 0.17481203007518797 0.7921875 0.19172932330827067 0.023958333333333335
1 0.5046992481203008 0.7911458333333333 0.8477443609022557 0.026041666666666668
1 0.5084586466165414 0.825 0.8552631578947368 0.022916666666666665
1 0.506578947368421 0.8572916666666667 0.8439849624060151 0.025
1 0.5046992481203008 0.8895833333333333 0.8477443609022557 0.022916666666666665
1 0.506578947368421 0.9208333333333333 0.8364661654135338 0.025
1 0.5009398496240601 0.9546875 0.8477443609022557 0.026041666666666668
