0 0.46021377672209024 0.17351973684210525 0.12470308788598575 0.027960526315789474
0 0.7755344418052257 0.17269736842105263 0.1828978622327791 0.029605263157894735
0 0.10926365795724466 0.1768092105263158 0.03800475059382423 0.027960526315789474
2 0.6021377672209026 0.17516447368421054 0.026128266033254157 0.024671052631578948
2 0.3022565320665083 0.17598684210526316 0.032066508313539195 0.023026315789473683
0 0.4513064133016627 0.20476973684210525 0.10451306413301663 0.03125
0 0.7589073634204275 0.20394736842105263 0.1496437054631829 0.03289473684210526
2 0.30463182897862234 0.24259868421052633 0.029691211401425176 0.027960526315789474
0 0.10926365795724466 0.20641447368421054 0.03800475059382423 0.027960526315789474
2 0.6057007125890737 0.2080592105263158 0.0332541567695962 0.024671052631578948
2 0.8954869358669834 0.2080592105263158 0.0332541567695962 0.024671052631578948
0 0.43942992874109266 0.234375 0.08076009501187649 0.03453947368421053
0 0.7577197149643705 0.23766447368421054 0.14726840855106887 0.027960526315789474
0 0.12885985748218529 0.24177631578947367 0.07482185273159145 0.03289473684210526
2 0.6057007125890737 0.23848684210526316 0.0332541567695962 0.02631578947368421
2 0.8954869358669834 0.23848684210526316 0.0332541567695962 0.02631578947368421
0 0.7660332541567696 0.2713815789473684 0.16389548693586697 0.03618421052631579
0 0.13539192399049882 0.2738486842105263 0.08788598574821853 0.03782894736842105
0 0.4643705463182898 0.2713815789473684 0.13064133016627077 0.02631578947368421
2 0.6057007125890737 0.2722039473684211 0.0332541567695962 0.027960526315789474
2 0.8954869358669834 0.2722039473684211 0.0332541567695962 0.027960526315789474
2 0.3028503562945368 0.2754934210526316 0.0332541567695962 0.027960526315789474
2 0.6068883610451307 0.3026315789473684 0.0332541567695962 0.029605263157894735
2 0.8937054631828979 0.3042763157894737 0.029691211401425176 0.02631578947368421
0 0.1336104513064133 0.3042763157894737 0.08432304038004751 0.03618421052631579
0 0.7606888361045131 0.3026315789473684 0.15320665083135393 0.029605263157894735
0 0.44655581947743467 0.3026315789473684 0.09738717339667459 0.02631578947368421
2 0.3010688836104513 0.3050986842105263 0.029691211401425176 0.027960526315789474
0 0.14786223277909738 0.3363486842105263 0.11520190023752969 0.03125
0 0.46021377672209024 0.3371710526315789 0.12470308788598575 0.029605263157894735
0 0.7363420427553444 0.3363486842105263 0.10451306413301663 0.027960526315789474
2 0.3022565320665083 0.3371710526315789 0.032066508313539195 0.02631578947368421
0 0.49049881235154397 0.3684210526315789 0.1828978622327791 0.029605263157894735
0 0.16211401425178149 0.37088815789473684 0.14133016627078385 0.024671052631578948
0 0.755938242280285 0.3692434210526316 0.14370546318289787 0.027960526315789474
2 0.3022565320665083 0.37088815789473684 0.032066508313539195 0.024671052631578948
0 0.47565320665083133 0.3988486842105263 0.15320665083135393 0.03453947368421053
0 0.11757719714964371 0.40213815789473684 0.057007125890736345 0.027960526315789474
0 0.7529691211401425 0.40131578947368424 0.1377672209026128 0.029605263157894735
2 0.8937054631828979 0.3996710526315789 0.029691211401425176 0.023026315789473683
2 0.3016627078384798 0.40213815789473684 0.0332541567695962 0.024671052631578948
0 0.47624703087885983 0.4317434210526316 0.1543942992874109 0.024671052631578948
0 0.4317102137767221 0.4613486842105263 0.06769596199524941 0.03782894736842105
0 0.44239904988123513 0.4942434210526316 0.08907363420427554 0.027960526315789474
0 0.4524940617577197 0.5271381578947368 0.10688836104513064 0.03125
0 0.7250593824228029 0.5608552631578947 0.08907363420427554 0.02631578947368421
2 0.8895486935866983 0.6907894736842105 0.026128266033254157 0.02631578947368421
0 0.11995249406175772 0.5707236842105263 0.0665083135391924 0.029605263157894735
2 0.29572446555819476 0.571546052631579 0.028503562945368172 0.027960526315789474
0 0.744061757719715 0.5921052631578947 0.12707838479809977 0.03289473684210526
0 0.12529691211401425 0.602796052631579 0.07719714964370546 0.024671052631578948
0 0.7345605700712589 0.6241776315789473 0.10807600950118765 0.024671052631578948
0 0.16033254156769597 0.6332236842105263 0.14726840855106887 0.029605263157894735
0 0.7197149643705463 0.65625 0.07838479809976247 0.03289473684210526
0 0.1324228028503563 0.6669407894736842 0.09382422802850356 0.044407894736842105
0 0.7470308788598575 0.6891447368421053 0.1330166270783848 0.03289473684210526
0 0.16983372921615203 0.6998355263157895 0.166270783847981 0.027960526315789474
0 0.47387173396674587 0.712171052631579 0.15676959619952494 0.029605263157894735
2 0.6051068883610451 0.7129934210526315 0.02494061757719715 0.024671052631578948
0 0.7767220902612827 0.7236842105263158 0.19714964370546317 0.023026315789473683
0 0.11342042755344418 0.7319078947368421 0.048693586698337295 0.02631578947368421
0 0.4744655581947744 0.7450657894736842 0.15795724465558195 0.029605263157894735
0 0.10866983372921615 0.7631578947368421 0.043942992874109264 0.029605263157894735
0 0.42874109263657956 0.7763157894736842 0.0665083135391924 0.02631578947368421
0 0.10570071258907364 0.7952302631578947 0.03800475059382423 0.027960526315789474
0 0.43824228028503565 0.8100328947368421 0.0855106888361045 0.03125
0 0.14548693586698339 0.8314144736842105 0.11757719714964371 0.03453947368421053
0 0.10866983372921615 0.8618421052631579 0.043942992874109264 0.029605263157894735
2 0.3010688836104513 0.20888157894736842 0.032066508313539195 0.023026315789473683
2 0.29572446555819476 0.6052631578947368 0.021377672209026127 0.023026315789473683
2 0.29572446555819476 0.6365131578947368 0.026128266033254157 0.019736842105263157
2 0.29631828978622327 0.6694078947368421 0.020190023752969122 0.02631578947368421
2 0.29631828978622327 0.7039473684210527 0.022565320665083134 0.023026315789473683
2 0.29572446555819476 0.734375 0.026128266033254157 0.024671052631578948
2 0.29631828978622327 0.765625 0.027315914489311165 0.02138157894736842
2 0.29631828978622327 0.796875 0.02494061757719715 0.02138157894736842
2 0.2986935866983373 0.8297697368421053 0.029691211401425176 0.024671052631578948
2 0.2975059382422803 0.8618421052631579 0.029691211401425176 0.023026315789473683
2 0.6057007125890737 0.3371710526315789 0.028503562945368172 0.023026315789473683
2 0.6068883610451307 0.3692434210526316 0.028503562945368172 0.024671052631578948
2 0.6062945368171021 0.40213815789473684 0.029691211401425176 0.024671052631578948
2 0.6045130641330166 0.43338815789473684 0.028503562945368172 0.02138157894736842
2 0.6062945368171021 0.46792763157894735 0.029691211401425176 0.024671052631578948
2 0.6057007125890737 0.49835526315789475 0.028503562945368172 0.023026315789473683
2 0.6045130641330166 0.53125 0.026128266033254157 0.023026315789473683
2 0.8972684085510689 0.17516447368421054 0.032066508313539195 0.024671052631578948
2 0.8931116389548693 0.3371710526315789 0.023752969121140142 0.02631578947368421
2 0.8925178147268409 0.3675986842105263 0.02494061757719715 0.02138157894736842
2 0.8901425178147269 0.5641447368421053 0.022565320665083134 0.023026315789473683
2 0.8907363420427553 0.59375 0.023752969121140142 0.023026315789473683
2 0.8919239904988123 0.6266447368421053 0.030878859857482184 0.023026315789473683
2 0.8919239904988123 0.6570723684210527 0.030878859857482184 0.02138157894736842
2 0.6051068883610451 0.7450657894736842 0.02494061757719715 0.02631578947368421
2 0.6051068883610451 0.7787828947368421 0.02494061757719715 0.024671052631578948
2 0.6033254156769596 0.8092105263157895 0.021377672209026127 0.02631578947368421
1 0.2042755344418052 0.17598684210526316 0.2327790973871734 0.02631578947368421
1 0.20368171021377673 0.20888157894736842 0.23159144893111638 0.02631578947368421
1 0.20486935866983372 0.23848684210526316 0.22684085510688837 0.02631578947368421
1 0.20486935866983372 0.2722039473684211 0.22446555819477435 0.024671052631578948
1 0.20546318289786222 0.30180921052631576 0.22802850356294538 0.024671052631578948
1 0.20546318289786222 0.3404605263157895 0.23040380047505937 0.023026315789473683
1 0.20665083135391923 0.37006578947368424 0.22802850356294538 0.023026315789473683
1 0.20368171021377673 0.40460526315789475 0.22446555819477435 0.023026315789473683
1 0.5083135391923991 0.171875 0.21852731591448932 0.024671052631578948
1 0.5112826603325415 0.20641447368421054 0.22209026128266032 0.027960526315789474
0 0.43942992874109266 0.234375 0.08076009501187649 0.03453947368421053
1 0.5100950118764845 0.23601973684210525 0.21971496437054633 0.03125
1 0.5112826603325415 0.2730263157894737 0.22209026128266032 0.023026315789473683
1 0.5089073634204275 0.4004934210526316 0.21971496437054633 0.03125
1 0.5100950118764845 0.4342105263157895 0.21496437054631828 0.029605263157894735
1 0.5112826603325415 0.46463815789473684 0.22209026128266032 0.024671052631578948
1 0.5100950118764845 0.4975328947368421 0.21971496437054633 0.027960526315789474
1 0.5089073634204275 0.5287828947368421 0.2173396674584323 0.027960526315789474
0 0.7755344418052257 0.17269736842105263 0.1828978622327791 0.029605263157894735
1 0.7980997624703088 0.17351973684210525 0.2327790973871734 0.027960526315789474
1 0.7992874109263658 0.2080592105263158 0.22565320665083136 0.027960526315789474
1 0.7986935866983373 0.24177631578947367 0.22446555819477435 0.02631578947368421
1 0.7975059382422803 0.2746710526315789 0.22684085510688837 0.02631578947368421
1 0.7963182897862233 0.3042763157894737 0.22446555819477435 0.019736842105263157
1 0.7963182897862233 0.3363486842105263 0.22209026128266032 0.024671052631578948
1 0.7957244655581948 0.3675986842105263 0.22565320665083136 0.027960526315789474
0 0.7529691211401425 0.40131578947368424 0.1377672209026128 0.029605263157894735
1 0.7975059382422803 0.40213815789473684 0.21971496437054633 0.024671052631578948
1 0.7927553444180523 0.5600328947368421 0.21971496437054633 0.024671052631578948
1 0.7927553444180523 0.5929276315789473 0.22209026128266032 0.024671052631578948
1 0.7963182897862233 0.6282894736842105 0.22684085510688837 0.023026315789473683
1 0.7963182897862233 0.6595394736842105 0.22209026128266032 0.029605263157894735
1 0.7945368171021377 0.6916118421052632 0.21852731591448932 0.024671052631578948
1 0.7957244655581948 0.7245065789473685 0.23040380047505937 0.018092105263157895
1 0.5077197149643705 0.7138157894736842 0.22446555819477435 0.02631578947368421
1 0.5083135391923991 0.7458881578947368 0.2209026128266033 0.024671052631578948
1 0.5065320665083135 0.7763157894736842 0.2173396674584323 0.02631578947368421
1 0.5065320665083135 0.8075657894736842 0.2173396674584323 0.023026315789473683
1 0.1989311163895487 0.571546052631579 0.21971496437054633 0.027960526315789474
1 0.19774346793349168 0.602796052631579 0.2173396674584323 0.024671052631578948
1 0.1995249406175772 0.6381578947368421 0.2209026128266033 0.029605263157894735
1 0.19774346793349168 0.6636513157894737 0.21971496437054633 0.03453947368421053
1 0.1989311163895487 0.7014802631578947 0.21971496437054633 0.024671052631578948
1 0.1995249406175772 0.7327302631578947 0.2161520190023753 0.024671052631578948
1 0.20308788598574823 0.8001644736842105 0.2209026128266033 0.027960526315789474
1 0.20368171021377673 0.7985197368421053 0.21971496437054633 0.024671052631578948
1 0.2007125890736342 0.8289473684210527 0.22327790973871733 0.02631578947368421
1 0.1995249406175772 0.8626644736842105 0.22802850356294538 0.027960526315789474
1 0.19774346793349168 0.7648026315789473 0.22684085510688837 0.02631578947368421
1 0.5118764845605701 0.29851973684210525 0.2209026128266033 0.027960526315789474
1 0.5106888361045131 0.3347039473684211 0.22327790973871733 0.03125
1 0.5130641330166271 0.3659539473684211 0.2209026128266033 0.024671052631578948