0 0.39537037037037037 0.08032378580323786 0.05740740740740741 0.0958904109589041
0 0.7087962962962963 0.15442092154420922 0.10833333333333334 0.029887920298879204
2 0.8819444444444444 0.15317559153175592 0.05092592592592592 0.0224159402241594
0 0.6819444444444445 0.18306351183063513 0.05462962962962963 0.0224159402241594
2 0.8819444444444444 0.18368617683686178 0.05092592592592592 0.023661270236612703
0 0.700925925925926 0.21170610211706103 0.09259259259259259 0.024906600249066
2 0.8819444444444444 0.21357409713574096 0.05092592592592592 0.023661270236612703
0 0.7245370370370371 0.24283935242839352 0.1398148148148148 0.0323785803237858
2 0.8773148148148148 0.24346201743462018 0.06018518518518518 0.023661270236612703
0 0.7194444444444444 0.273972602739726 0.12962962962962962 0.0323785803237858
2 0.8819444444444444 0.2714819427148194 0.05092592592592592 0.024906600249066
0 0.7263888888888889 0.3038605230386052 0.14351851851851852 0.0323785803237858
2 0.8810185185185185 0.3026151930261519 0.049074074074074076 0.019925280199252802
0 0.687037037037037 0.33374844333748444 0.06481481481481481 0.0273972602739726
2 0.8819444444444444 0.33374844333748444 0.05092592592592592 0.0224159402241594
2 0.8166666666666667 0.4925280199252802 0.06111111111111111 0.026151930261519303
0 0.6194444444444445 0.49564134495641343 0.1111111111111111 0.0273972602739726
0 0.6101851851851852 0.5236612702366127 0.09444444444444444 0.031133250311332503
2 0.8162037037037037 0.5236612702366127 0.06018518518518518 0.023661270236612703
0 0.6259259259259259 0.5790784557907845 0.12407407407407407 0.0273972602739726
2 0.8152777777777778 0.5759651307596513 0.058333333333333334 0.021170610211706103
0 0.6310185185185185 0.6083437110834371 0.13425925925925927 0.031133250311332503
2 0.8162037037037037 0.6064757160647571 0.06018518518518518 0.024906600249066
0 0.5888888888888889 0.636986301369863 0.04814814814814815 0.023661270236612703
2 0.8171296296296297 0.636986301369863 0.058333333333333334 0.023661270236612703
0 0.6078703703703704 0.6662515566625156 0.08796296296296297 0.0224159402241594
2 0.8152777777777778 0.6681195516811955 0.06018518518518518 0.023661270236612703
0 0.5990740740740741 0.6955168119551681 0.06851851851851852 0.023661270236612703
2 0.8162037037037037 0.6967621419676214 0.06018518518518518 0.023661270236612703
0 0.6166666666666667 0.7254047322540473 0.11296296296296296 0.028642590286425903
2 0.8162037037037037 0.7266500622665006 0.06018518518518518 0.023661270236612703
2 0.8166666666666667 0.7571606475716065 0.05925925925925926 0.0273972602739726
0 0.6166666666666667 0.7571606475716065 0.1037037037037037 0.0224159402241594
0 0.5768518518518518 0.7858032378580324 0.025925925925925925 0.024906600249066
2 0.8166666666666667 0.7864259028642591 0.05925925925925926 0.026151930261519303
0 0.5879629629629629 0.8169364881693649 0.05 0.0224159402241594
2 0.8166666666666667 0.8175591531755916 0.05925925925925926 0.023661270236612703
0 0.5898148148148148 0.8455790784557908 0.025925925925925925 0.024906600249066
2 0.8171296296296297 0.8474470734744707 0.058333333333333334 0.023661270236612703
1 0.7805555555555556 0.15317559153175592 0.2518518518518518 0.024906600249066
1 0.7805555555555556 0.18119551681195517 0.2537037037037037 0.026151930261519303
1 0.7814814814814814 0.24533001245330013 0.25 0.024906600249066
1 0.7796296296296297 0.27334993773349936 0.2537037037037037 0.021170610211706103
1 0.7800925925925926 0.3044831880448319 0.25277777777777777 0.023661270236612703
1 0.7819444444444444 0.33623910336239105 0.25277777777777777 0.029887920298879204
1 0.7055555555555556 0.4925280199252802 0.2833333333333333 0.026151930261519303
1 0.7069444444444445 0.5236612702366127 0.28425925925925927 0.028642590286425903
1 0.7064814814814815 0.6108343711083437 0.2814814814814815 0.026151930261519303
1 0.7064814814814815 0.6382316313823163 0.2759259259259259 0.026151930261519303
1 0.7050925925925926 0.6662515566625156 0.27685185185185185 0.019925280199252802
1 0.7069444444444445 0.6980074719800747 0.28425925925925927 0.026151930261519303
1 0.7037037037037037 0.727895392278954 0.2851851851851852 0.026151930261519303
1 0.7041666666666667 0.7584059775840598 0.27870370370370373 0.0273972602739726
1 0.7046296296296296 0.7858032378580324 0.2833333333333333 0.024906600249066
1 0.7050925925925926 0.8194271481942715 0.28055555555555556 0.019925280199252802
1 0.711574074074074 0.8474470734744707 0.2675925925925926 0.023661270236612703
1 0.7041666666666667 0.5765877957658779 0.27870370370370373 0.0273972602739726
0 0.6907407407407408 0.7864259028642591 0.09444444444444444 0.026151930261519303
0 0.6171296296296296 0.7876712328767124 0.04537037037037037 0.023661270236612703
0 0.6222222222222222 0.8474470734744707 0.03888888888888889 0.026151930261519303
0 0.649074074074074 0.638854296388543 0.05925925925925926 0.024906600249066
0 0.6967592592592593 0.8468244084682441 0.10462962962962963 0.024906600249066
0 0.7175925925925926 0.6376089663760897 0.06851851851851852 0.024906600249066
0 0.7314814814814815 0.18306351183063513 0.044444444444444446 0.0224159402241594
0 0.7699074074074074 0.18306351183063513 0.030555555555555555 0.019925280199252802
0 0.7356481481481482 0.3343711083437111 0.032407407407407406 0.023661270236612703
0 0.7689814814814815 0.3331257783312578 0.032407407407407406 0.023661270236612703
1 0.7814814814814814 0.21108343711083438 0.2537037037037037 0.026151930261519303
