0 0.7118544600938967 0.35279187817258884 0.0715962441314554 0.028764805414551606
2 0.8720657276995305 0.35279187817258884 0.025821596244131457 0.028764805414551606
0 0.7118544600938967 0.38578680203045684 0.0715962441314554 0.02707275803722504
0 0.11561032863849766 0.38747884940778343 0.06455399061032864 0.02707275803722504
2 0.28169014084507044 0.38917089678510997 0.03286384976525822 0.02707275803722504
0 0.15669014084507044 0.4213197969543147 0.14906103286384975 0.03722504230118443
0 0.721830985915493 0.42047377326565144 0.09154929577464789 0.028764805414551606
2 0.2805164319248826 0.42385786802030456 0.035211267605633804 0.025380710659898477
0 0.7171361502347418 0.4509306260575296 0.08215962441314555 0.03553299492385787
0 0.13321596244131456 0.45346869712351945 0.10211267605633803 0.02707275803722504
2 0.27992957746478875 0.45346869712351945 0.03169014084507042 0.02707275803722504
0 0.15610328638497653 0.4847715736040609 0.14788732394366197 0.03553299492385787
0 0.7265258215962441 0.48392554991539766 0.1056338028169014 0.03722504230118443
2 0.2805164319248826 0.4873096446700508 0.03286384976525822 0.02707275803722504
0 0.15023474178403756 0.5186125211505922 0.13380281690140844 0.028764805414551606
2 0.2822769953051643 0.5194585448392555 0.036384976525821594 0.023688663282571912
0 0.142018779342723 0.5516074450084603 0.11971830985915492 0.03722504230118443
2 0.27992957746478875 0.5524534686971235 0.03169014084507042 0.025380710659898477
0 0.7147887323943662 0.6573604060913706 0.09389671361502347 0.032148900169204735
2 0.8720657276995305 0.6582064297800339 0.03286384976525822 0.02707275803722504
0 0.7318075117370892 0.6878172588832487 0.12793427230046947 0.032148900169204735
2 0.8726525821596244 0.6912013536379019 0.03403755868544601 0.025380710659898477
0 0.7318075117370892 0.7233502538071066 0.12793427230046947 0.038917089678511
2 0.8726525821596244 0.7241962774957699 0.03403755868544601 0.02707275803722504
0 0.7453051643192489 0.7538071065989848 0.15492957746478872 0.032148900169204735
2 0.8738262910798122 0.7563451776649747 0.036384976525821594 0.023688663282571912
0 0.7552816901408451 0.7893401015228426 0.17488262910798122 0.032148900169204735
0 0.7593896713615024 0.8240270727580372 0.1807511737089202 0.0338409475465313
0 0.7312206572769953 0.8536379018612521 0.1267605633802817 0.032148900169204735
2 0.8744131455399061 0.8595600676818951 0.025821596244131457 0.023688663282571912
0 0.761150234741784 0.8900169204737732 0.18661971830985916 0.02707275803722504
2 0.8726525821596244 0.38747884940778343 0.02464788732394366 0.02707275803722504
2 0.869131455399061 0.42470389170896783 0.015258215962441314 0.02030456852791878
2 0.8726525821596244 0.4543147208121827 0.022300469483568074 0.021996615905245348
2 0.8732394366197183 0.48815566835871405 0.028169014084507043 0.021996615905245348
1 0.7822769953051644 0.3553299492385787 0.21244131455399062 0.030456852791878174
1 0.7799295774647887 0.38747884940778343 0.20774647887323944 0.023688663282571912
1 0.778755868544601 0.41878172588832485 0.2007042253521127 0.028764805414551606
1 0.7799295774647887 0.44754653130287647 0.20774647887323944 0.032148900169204735
1 0.7816901408450704 0.48392554991539766 0.215962441314554 0.030456852791878174
2 0.875 0.7935702199661591 0.03169014084507042 0.023688663282571912
2 0.8703051643192489 0.8240270727580372 0.02464788732394366 0.023688663282571912
2 0.8744131455399061 0.8908629441624365 0.025821596244131457 0.021996615905245348
1 0.7793427230046949 0.6590524534686971 0.21830985915492956 0.025380710659898477
1 0.7811032863849765 0.6937394247038917 0.21948356807511737 0.02707275803722504
1 0.7793427230046949 0.7250423011844331 0.21830985915492956 0.028764805414551606
1 0.7811032863849765 0.7563451776649747 0.21948356807511737 0.02707275803722504
1 0.7811032863849765 0.7944162436548223 0.22183098591549297 0.025380710659898477
1 0.7816901408450704 0.8240270727580372 0.22300469483568075 0.030456852791878174
1 0.778169014084507 0.8587140439932318 0.22065727699530516 0.025380710659898477
1 0.778755868544601 0.8908629441624365 0.22183098591549297 0.021996615905245348
1 0.19190140845070422 0.38917089678510997 0.2147887323943662 0.030456852791878174
1 0.18896713615023475 0.4170896785109983 0.215962441314554 0.03553299492385787
1 0.18896713615023475 0.45516074450084604 0.2136150234741784 0.030456852791878174
1 0.19072769953051644 0.4873096446700508 0.21009389671361503 0.030456852791878174
1 0.19248826291079812 0.5211505922165821 0.215962441314554 0.02707275803722504
1 0.19072769953051644 0.5524534686971235 0.21009389671361503 0.032148900169204735
