0 0.28217821782178215 0.2075 0.2333804809052334 0.027
2 0.48797736916548795 0.2505 0.10183875530410184 0.015
0 0.2828854314002829 0.279 0.2347949080622348 0.032
0 0.7786421499292786 0.2845 0.41725601131541723 0.027
2 0.4872701555869873 0.3205 0.10325318246110325 0.015
2 0.8776520509193777 0.325 0.09476661951909476 0.016
0 0.3104667609618105 0.3555 0.28995756718529 0.027
0 0.7284299858557284 0.362 0.314002828854314 0.022
2 0.48585572842998587 0.4025 0.10325318246110325 0.015
2 0.8705799151343706 0.4085 0.09759547383309759 0.015
0 0.3338048090523338 0.436 0.3592644978783593 0.032
0 0.7595473833097596 0.459 0.37623762376237624 0.032
2 0.48797736916548795 0.481 0.10183875530410184 0.016
2 0.8684582743988685 0.512 0.09618104667609619 0.014
0 0.756011315417256 0.5505 0.36916548797736914 0.027
2 0.8727015558698727 0.6105 0.10183875530410184 0.015
0 0.5884016973125884 0.652 0.4328147100424328 0.03
2 0.7842998585572843 0.696 0.10891089108910891 0.014
0 0.5403111739745403 0.734 0.33097595473833097 0.028
2 0.772984441301273 0.787 0.10891089108910891 0.014
0 0.615983026874116 0.826 0.4766619519094767 0.024
2 0.7779349363507779 0.8705 0.11032531824611033 0.015
0 0.6485148514851485 0.903 0.5388967468175389 0.026
2 0.7871287128712872 0.9505 0.11173974540311174 0.015
1 0.35148514851485146 0.2255 0.37765205091937765 0.067
1 0.3507779349363508 0.296 0.37623762376237624 0.072
1 0.3493635077793494 0.3785 0.37623762376237624 0.073
1 0.34865629420084865 0.4565 0.38896746817538896 0.071
1 0.7800565770862801 0.3015 0.41725601131541723 0.061
1 0.7630834512022631 0.382 0.38613861386138615 0.066
1 0.7588401697312589 0.4815 0.37765205091937765 0.081
1 0.7602545968882602 0.5765 0.38048090523338046 0.083
1 0.6082036775106082 0.669 0.4695898161244696 0.066
1 0.5997171145685997 0.7555 0.4582743988684583 0.079
1 0.6145685997171145 0.846 0.4794908062234795 0.064
1 0.6471004243281471 0.923 0.5388967468175389 0.068
