0 0.5261669024045261 0.213 0.24328147100424327 0.026
2 0.9130127298444131 0.2075 0.08345120226308345 0.015
0 0.5268741159830269 0.2765 0.24186704384724186 0.027
2 0.9144271570014144 0.274 0.08345120226308345 0.014
0 0.5466760961810466 0.339 0.2842998585572843 0.024
2 0.9137199434229137 0.3365 0.08486562942008487 0.015
0 0.6173974540311173 0.396 0.42574257425742573 0.026
2 0.9144271570014144 0.3965 0.08345120226308345 0.013
0 0.5403111739745403 0.4545 0.25742574257425743 0.021
2 0.9144271570014144 0.456 0.08345120226308345 0.014
0 0.5403111739745403 0.506 0.25742574257425743 0.024
2 0.9151343705799151 0.507 0.08486562942008487 0.014
0 0.5452616690240453 0.6075 0.2871287128712871 0.025
2 0.9144271570014144 0.6165 0.09759547383309759 0.015
0 0.4816124469589816 0.67 0.16265912305516267 0.026
2 0.9137199434229137 0.6765 0.09618104667609619 0.015
0 0.5339462517680339 0.738 0.26732673267326734 0.026
2 0.9144271570014144 0.7465 0.09476661951909476 0.015
0 0.5403111739745403 0.8035 0.2857142857142857 0.027
2 0.7956152758132956 0.8065 0.09759547383309759 0.015
2 0.9151343705799151 0.806 0.09618104667609619 0.016
1 0.6803394625176803 0.2235 0.5516265912305516 0.047
1 0.6810466760961811 0.286 0.5586987270155587 0.048
1 0.6824611032531824 0.346 0.5502121640735502 0.044
1 0.6789250353606789 0.406 0.5487977369165488 0.046
1 0.6867043847241867 0.4615 0.5445544554455446 0.035
1 0.6852899575671852 0.5165 0.5473833097595474 0.045
1 0.6817538896746818 0.617 0.562942008486563 0.046
1 0.6803394625176803 0.6785 0.5657708628005658 0.045
1 0.6810466760961811 0.7465 0.5643564356435643 0.043
1 0.6782178217821783 0.811 0.5643564356435643 0.046
