0 0.30975954738330974 0.215 0.314002828854314 0.034
0 0.7517680339462518 0.3105 0.31824611032531824 0.031
2 0.39816124469589814 0.3115 0.09476661951909476 0.017
2 0.5127298444130127 0.3125 0.0891089108910891 0.019
2 0.2743988684582744 0.313 0.09335219236209336 0.016
0 0.29985855728429983 0.3455 0.28854314002828857 0.025
2 0.71004243281471 0.393 0.09052333804809053 0.02
2 0.8316831683168316 0.3925 0.09052333804809053 0.017
2 0.9476661951909476 0.392 0.0876944837340877 0.018
0 0.7065063649222065 0.427 0.23903818953323905 0.024
2 0.27864214992927866 0.4435 0.09335219236209336 0.015
2 0.4016973125884017 0.441 0.08486562942008487 0.016
2 0.5183875530410184 0.4425 0.08628005657708628 0.015
0 0.24115983026874116 0.48 0.16831683168316833 0.024
2 0.8302687411598303 0.5085 0.08486562942008487 0.021
2 0.7043847241867044 0.5085 0.0876944837340877 0.015
2 0.9434229137199435 0.5085 0.09052333804809053 0.015
0 0.7383309759547383 0.5415 0.32248939179632247 0.029
2 0.2765205091937765 0.558 0.10325318246110325 0.016
2 0.39816124469589814 0.5575 0.09193776520509193 0.019
2 0.5113154172560113 0.5595 0.09193776520509193 0.017
0 0.24398868458274398 0.596 0.18811881188118812 0.028
2 0.7008486562942009 0.6255 0.0891089108910891 0.015
2 0.8246110325318247 0.626 0.0876944837340877 0.02
0 0.7857142857142857 0.6665 0.40594059405940597 0.025
2 0.26591230551626593 0.6735 0.09052333804809053 0.017
0 0.28925035360678925 0.714 0.2927864214992928 0.028
2 0.6994342291371994 0.751 0.08628005657708628 0.014
2 0.8231966053748232 0.75 0.09052333804809053 0.018
2 0.9398868458274399 0.7525 0.08628005657708628 0.019
0 0.7178217821782178 0.7865 0.26166902404526166 0.029
2 0.2652050919377652 0.7925 0.09759547383309759 0.017
2 0.38330975954738333 0.7925 0.0876944837340877 0.015
2 0.5014144271570015 0.791 0.0891089108910891 0.018
2 0.7065063649222065 0.8675 0.07779349363507779 0.017
2 0.8288543140028288 0.8665 0.09052333804809053 0.019
2 0.9455445544554455 0.867 0.08628005657708628 0.018
2 0.9405940594059405 0.627 0.0876944837340877 0.018
2 0.38896746817538896 0.672 0.08486562942008487 0.014
2 0.5099009900990099 0.672 0.10042432814710042 0.018
1 0.355021216407355 0.2625 0.4045261669024045 0.123
1 0.35855728429985856 0.3975 0.4087694483734088 0.117
1 0.7934936350777935 0.465 0.4073550212164074 0.108
1 0.35289957567185287 0.5185 0.40594059405940597 0.103
1 0.7934936350777935 0.351 0.4045261669024045 0.108
1 0.7842998585572843 0.7095 0.4087694483734088 0.109
1 0.7864214992927864 0.8255 0.4073550212164074 0.103
1 0.35289957567185287 0.7565 0.40594059405940597 0.105
1 0.35148514851485146 0.636 0.4031117397454031 0.102
1 0.7807637906647807 0.582 0.4073550212164074 0.112
