0 0.28854314002828857 0.1655 0.4526166902404526 0.025
2 0.442008486562942 0.1925 0.06082036775106082 0.019
2 0.5678925035360679 0.1935 0.06082036775106082 0.019
0 0.2913719943422914 0.2305 0.45544554455445546 0.021
2 0.442008486562942 0.2585 0.06082036775106082 0.019
2 0.5678925035360679 0.2585 0.06082036775106082 0.019
0 0.2751060820367751 0.2935 0.4229137199434229 0.021
2 0.44271570014144274 0.322 0.0594059405940594 0.02
2 0.5685997171145686 0.322 0.06223479490806223 0.02
0 0.29066478076379065 0.3625 0.45403111739745405 0.021
2 0.4391796322489392 0.3915 0.06082036775106082 0.019
2 0.5678925035360679 0.3895 0.06082036775106082 0.019
0 0.1966053748231966 0.4245 0.26308345120226306 0.027
2 0.4448373408769448 0.4525 0.06082036775106082 0.019
2 0.5714285714285714 0.4525 0.0594059405940594 0.019
0 0.19872701555869873 0.487 0.26732673267326734 0.028
2 0.4448373408769448 0.515 0.06082036775106082 0.02
2 0.5714285714285714 0.515 0.0594059405940594 0.02
0 0.2446958981612447 0.5635 0.3620933521923621 0.025
2 0.43988684582743987 0.591 0.0594059405940594 0.02
2 0.5685997171145686 0.5905 0.06223479490806223 0.019
0 0.2751060820367751 0.6315 0.4229137199434229 0.031
2 0.4405940594059406 0.659 0.05799151343705799 0.02
2 0.5685997171145686 0.659 0.06223479490806223 0.02
0 0.24964639321074963 0.698 0.371994342291372 0.028
2 0.44271570014144274 0.725 0.0594059405940594 0.018
2 0.5685997171145686 0.726 0.06223479490806223 0.02
0 0.24186704384724186 0.766 0.3536067892503536 0.028
2 0.4434229137199434 0.794 0.05799151343705799 0.02
2 0.57001414427157 0.794 0.06223479490806223 0.02
0 0.22842998585572843 0.831 0.32956152758132956 0.028
2 0.442008486562942 0.858 0.05799151343705799 0.02
2 0.5685997171145686 0.858 0.06223479490806223 0.02
0 0.2043847241867044 0.8915 0.2814710042432815 0.025
2 0.44271570014144274 0.918 0.0594059405940594 0.02
2 0.5685997171145686 0.9195 0.06223479490806223 0.019
1 0.3316831683168317 0.178 0.5388967468175389 0.052
1 0.3338048090523338 0.245 0.5374823196605375 0.048
1 0.3338048090523338 0.3065 0.5374823196605375 0.053
1 0.3316831683168317 0.3765 0.5388967468175389 0.049
1 0.3338048090523338 0.436 0.5374823196605375 0.054
1 0.3345120226308345 0.5005 0.5388967468175389 0.055
1 0.3330975954738331 0.5745 0.5388967468175389 0.049
1 0.3316831683168317 0.641 0.5388967468175389 0.056
1 0.3330975954738331 0.7075 0.5417256011315418 0.053
1 0.3345120226308345 0.777 0.5417256011315418 0.054
1 0.3330975954738331 0.8425 0.536067892503536 0.053
1 0.3323903818953324 0.904 0.5346534653465347 0.048
