0 0.49787835926449786 0.2745 0.38189533239038187 0.023
2 0.6838755304101839 0.3605 0.09193776520509193 0.031
2 0.8224893917963225 0.36 0.08345120226308345 0.032
0 0.5346534653465347 0.4085 0.43847241867043846 0.025
2 0.8288543140028288 0.4975 0.08486562942008487 0.031
2 0.6782178217821783 0.4985 0.08062234794908062 0.029
0 0.521923620933522 0.5345 0.413012729844413 0.031
2 0.8345120226308345 0.596 0.09618104667609619 0.032
0 0.4915134370579915 0.635 0.3465346534653465 0.022
2 0.6888260254596889 0.7235 0.08486562942008487 0.031
2 0.8316831683168316 0.722 0.0876944837340877 0.032
0 0.4625176803394625 0.7705 0.2942008486562942 0.029
2 0.5099009900990099 0.8205 0.10325318246110325 0.031
1 0.599009900990099 0.319 0.5785007072135785 0.116
1 0.5926449787835927 0.458 0.562942008486563 0.122
1 0.5997171145685997 0.569 0.5657708628005658 0.096
1 0.6053748231966054 0.684 0.5827439886845828 0.118
1 0.4618104667609618 0.7935 0.2984441301272984 0.093
2 0.6916548797736917 0.598 0.11032531824611033 0.032
