0 0.24444444444444444 0.22706270627062705 0.24814814814814815 0.018481848184818482
2 0.5037037037037037 0.23498349834983498 0.06481481481481481 0.018481848184818482
0 0.23472222222222222 0.27623762376237626 0.22870370370370371 0.01914191419141914
2 0.5037037037037037 0.2858085808580858 0.06481481481481481 0.018481848184818482
0 0.2361111111111111 0.3297029702970297 0.22962962962962963 0.015181518151815182
2 0.5037037037037037 0.33927392739273926 0.06481481481481481 0.018481848184818482
0 0.5541666666666667 0.44554455445544555 0.21203703703703702 0.018481848184818482
2 0.825925925925926 0.45445544554455447 0.05740740740740741 0.01782178217821782
0 0.5837962962962963 0.5066006600660066 0.275 0.02046204620462046
2 0.8296296296296296 0.5132013201320133 0.06481481481481481 0.01782178217821782
0 0.575462962962963 0.5613861386138614 0.25833333333333336 0.015181518151815182
2 0.8305555555555556 0.5716171617161716 0.06666666666666667 0.017161716171617162
0 0.24351851851851852 0.6825082508250825 0.24444444444444444 0.018481848184818482
2 0.5027777777777778 0.6907590759075908 0.06666666666666667 0.01914191419141914
0 0.24074074074074073 0.7376237623762376 0.2388888888888889 0.0165016501650165
2 0.5027777777777778 0.7462046204620462 0.06666666666666667 0.01782178217821782
0 0.21851851851851853 0.7930693069306931 0.1962962962962963 0.01782178217821782
2 0.5101851851851852 0.8033003300330033 0.05185185185185185 0.017161716171617162
0 0.19814814814814816 0.8534653465346534 0.1574074074074074 0.018481848184818482
2 0.5101851851851852 0.8627062706270627 0.05185185185185185 0.018481848184818482
1 0.33101851851851855 0.233993399339934 0.41944444444444445 0.0297029702970297
1 0.3296296296296296 0.28415841584158413 0.4203703703703704 0.03498349834983498
1 0.33055555555555555 0.3372937293729373 0.4185185185185185 0.030363036303630363
1 0.6527777777777778 0.4547854785478548 0.4111111111111111 0.034323432343234324
1 0.6537037037037037 0.5125412541254125 0.4203703703703704 0.033663366336633666
1 0.6569444444444444 0.5706270627062706 0.41944444444444445 0.031023102310231022
1 0.3282407407407407 0.691089108910891 0.41944444444444445 0.033003300330033
1 0.3287037037037037 0.7445544554455445 0.4148148148148148 0.033003300330033
1 0.3300925925925926 0.8006600660066007 0.41388888888888886 0.033003300330033
1 0.3263888888888889 0.861056105610561 0.4212962962962963 0.036303630363036306
