0 0.4427191166321601 0.480712890625 0.37612146307798483 0.02294921875
2 0.8140096618357487 0.4814453125 0.039337474120082816 0.021484375
0 0.45686680469289165 0.531494140625 0.4085576259489303 0.03564453125
2 0.8140096618357487 0.533447265625 0.039337474120082816 0.02099609375
0 0.5024154589371981 0.5869140625 0.4968944099378882 0.0341796875
2 0.8140096618357487 0.5869140625 0.039337474120082816 0.021484375
0 0.4720496894409938 0.642333984375 0.43478260869565216 0.02783203125
2 0.8153899240855763 0.639404296875 0.039337474120082816 0.02001953125
0 0.4095928226363009 0.687744140625 0.30986887508626637 0.02294921875
2 0.8202208419599724 0.6884765625 0.04071773636991028 0.021484375
0 0.5006901311249138 0.77880859375 0.7129054520358868 0.0302734375
2 0.5138026224982747 0.812744140625 0.043478260869565216 0.02001953125
1 0.5452035886818496 0.4794921875 0.5824706694271912 0.025390625
1 0.5445134575569358 0.531494140625 0.5866114561766735 0.03173828125
1 0.5434782608695652 0.587646484375 0.5790200138026225 0.02978515625
1 0.5452035886818496 0.6416015625 0.5700483091787439 0.0244140625
1 0.544168391994479 0.68798828125 0.577639751552795 0.0224609375
1 0.5010351966873706 0.793212890625 0.7191166321601105 0.06005859375
