0 0.153954802259887 0.1984007996001999 0.18926553672316385 0.026986506746626688
2 0.6656073446327684 0.19740129935032483 0.036016949152542374 0.01899050474762619
0 0.2510593220338983 0.2273863068465767 0.3072033898305085 0.02798600699650175
2 0.7048022598870056 0.2273863068465767 0.03531073446327684 0.01899050474762619
0 0.297316384180791 0.2596201899050475 0.3248587570621469 0.02848575712143928
2 0.7464689265536724 0.25737131434282856 0.03389830508474576 0.01899050474762619
0 0.3654661016949153 0.2893553223388306 0.3283898305084746 0.02798600699650175
2 0.782132768361582 0.2886056971514243 0.036016949152542374 0.018490754622688656
2 0.3259180790960452 0.3798100949525237 0.036016949152542374 0.01899050474762619
0 0.7676553672316384 0.3798100949525237 0.2231638418079096 0.01899050474762619
2 0.2944915254237288 0.408295852073963 0.03531073446327684 0.01899050474762619
0 0.6846751412429378 0.4105447276361819 0.2577683615819209 0.027486256871564217
0 0.620409604519774 0.4387806096951524 0.20833333333333334 0.01999000499750125
2 0.2588276836158192 0.4395302348825587 0.036016949152542374 0.018490754622688656
0 0.17019774011299435 0.5312343828085957 0.134180790960452 0.01999000499750125
2 0.6606638418079096 0.531984007996002 0.036016949152542374 0.018490754622688656
0 0.2704802259887006 0.5602198900549725 0.3008474576271186 0.01999000499750125
2 0.701271186440678 0.5602198900549725 0.03531073446327684 0.01999000499750125
0 0.3026129943502825 0.5902048975512244 0.317090395480226 0.01999000499750125
2 0.7344632768361582 0.5907046476761619 0.03531073446327684 0.01899050474762619
2 0.3259180790960452 0.6686656671664168 0.036016949152542374 0.01899050474762619
0 0.7948446327683616 0.670664667666167 0.17019774011299435 0.028985507246376812
0 0.759180790960452 0.6974012993503248 0.1850282485875706 0.02148925537231384
2 0.2909604519774011 0.6974012993503248 0.03531073446327684 0.018490754622688656
0 0.7037429378531074 0.729135432283858 0.2252824858757062 0.01999000499750125
2 0.2524717514124294 0.7326336831584208 0.036016949152542374 0.01899050474762619
2 0.21927966101694915 0.7598700649675162 0.036016949152542374 0.018490754622688656
0 0.6497175141242938 0.7628685657171415 0.2725988700564972 0.031484257871064465
2 0.1853813559322034 0.7898550724637681 0.03742937853107345 0.018490754622688656
0 0.5872175141242938 0.7931034482758621 0.2874293785310734 0.02798600699650175
2 0.6497175141242938 0.8875562218890555 0.03531073446327684 0.01899050474762619
0 0.2108050847457627 0.8895552223888056 0.1998587570621469 0.01999000499750125
0 0.2920197740112994 0.9187906046976512 0.2803672316384181 0.02348825587206397
2 0.6857344632768362 0.9175412293853074 0.03389830508474576 0.01899050474762619
1 0.3728813559322034 0.19590204897551225 0.634180790960452 0.026986506746626688
1 0.4067796610169492 0.22713643178410794 0.6313559322033898 0.02348825587206397
1 0.4487994350282486 0.2571214392803598 0.6292372881355932 0.027486256871564217
1 0.5017655367231638 0.2886056971514243 0.6009887005649718 0.026486756621689155
1 0.5907485875706214 0.3793103448275862 0.5713276836158192 0.01899050474762619
1 0.5437853107344632 0.41004497751124436 0.5409604519774012 0.027486256871564217
1 0.484816384180791 0.4390304847576212 0.4851694915254237 0.02348825587206397
1 0.3937146892655367 0.5309845077461269 0.5798022598870056 0.022488755622188907
1 0.422316384180791 0.559720139930035 0.6045197740112994 0.01999000499750125
1 0.4516242937853107 0.5879560219890055 0.626412429378531 0.02448775612193903
1 0.5949858757062146 0.6724137931034483 0.5798022598870056 0.02848575712143928
1 0.5603813559322034 0.6984007996001999 0.5769774011299436 0.02348825587206397
1 0.530367231638418 0.7301349325337332 0.5889830508474576 0.02798600699650175
1 0.4982344632768362 0.7631184407796102 0.5939265536723164 0.029985007496251874
1 0.4480932203389831 0.792103948025987 0.5741525423728814 0.031984007996002
1 0.3908898305084746 0.8900549725137431 0.568502824858757 0.0239880059970015
1 0.4262005649717514 0.9172913543228386 0.548728813559322 0.02948525737131434
