0 0.2314647377938517 0.2966507177033493 0.07956600361663653 0.01674641148325359
0 0.4918625678119349 0.29605263157894735 0.07233273056057866 0.017942583732057416
2 0.23056057866184448 0.3229665071770335 0.11030741410488246 0.01674641148325359
2 0.4936708860759494 0.3283492822966507 0.11934900542495479 0.01555023923444976
0 0.7676311030741411 0.34210526315789475 0.09945750452079566 0.01674641148325359
0 0.23056057866184448 0.34688995215311 0.09945750452079566 0.01674641148325359
0 0.4918625678119349 0.3534688995215311 0.09041591320072333 0.02033492822966507
2 0.7703435804701627 0.36064593301435405 0.11934900542495479 0.017942583732057416
2 0.23236889692585896 0.375 0.11392405063291139 0.01555023923444976
2 0.4936708860759494 0.3833732057416268 0.11934900542495479 0.017942583732057416
0 0.7685352622061483 0.39413875598086123 0.05786618444846293 0.01555023923444976
0 0.23056057866184448 0.39712918660287083 0.081374321880651 0.014354066985645933
0 0.49638336347197104 0.41208133971291866 0.16455696202531644 0.017942583732057416
2 0.7685352622061483 0.4102870813397129 0.11934900542495479 0.01674641148325359
2 0.23056057866184448 0.42523923444976075 0.11030741410488246 0.01555023923444976
2 0.49638336347197104 0.4407894736842105 0.13562386980108498 0.01555023923444976
0 0.23236889692585896 0.4479665071770335 0.07414104882459313 0.01555023923444976
0 0.49819168173598555 0.4677033492822967 0.19349005424954793 0.019138755980861243
2 0.2314647377938517 0.47667464114832536 0.11211573236889692 0.01555023923444976
2 0.4945750452079566 0.4988038277511962 0.12115732368896925 0.01674641148325359
0 0.22965641952983726 0.5005980861244019 0.07956600361663653 0.013157894736842105
2 0.23236889692585896 0.5293062200956937 0.10669077757685352 0.013157894736842105
0 0.2314647377938517 0.5496411483253588 0.08318264014466546 0.01555023923444976
2 0.22965641952983726 0.5783492822966507 0.11211573236889692 0.01555023923444976
0 0.2332730560578662 0.6022727272727273 0.1735985533453888 0.02033492822966507
2 0.23236889692585896 0.631578947368421 0.12115732368896925 0.019138755980861243
0 0.23236889692585896 0.652511961722488 0.189873417721519 0.01555023923444976
2 0.2332730560578662 0.68122009569378 0.10488245931283906 0.01555023923444976
0 0.2314647377938517 0.7021531100478469 0.07233273056057866 0.011961722488038277
2 0.22784810126582278 0.7278708133971292 0.11934900542495479 0.017942583732057416
0 0.4972875226039783 0.81877990430622 0.10849909584086799 0.017942583732057416
0 0.23056057866184448 0.805622009569378 0.20433996383363473 0.02033492822966507
0 0.7721518987341772 0.8044258373205742 0.13381555153707053 0.01555023923444976
2 0.22603978300180833 0.8367224880382775 0.12296564195298372 0.01555023923444976
2 0.49909584086799275 0.8361244019138756 0.11934900542495479 0.01674641148325359
2 0.7685352622061483 0.8361244019138756 0.11934900542495479 0.01674641148325359
0 0.23960216998191683 0.8618421052631579 0.22965641952983726 0.01555023923444976
0 0.5036166365280289 0.8624401913875598 0.14647377938517178 0.014354066985645933
0 0.7694394213381555 0.8606459330143541 0.10669077757685352 0.01555023923444976
2 0.22784810126582278 0.8929425837320574 0.12296564195298372 0.01555023923444976
2 0.49819168173598555 0.8923444976076556 0.12115732368896925 0.01674641148325359
2 0.7703435804701627 0.8929425837320574 0.11934900542495479 0.01555023923444976
1 0.2359855334538879 0.30801435406698563 0.14647377938517178 0.04665071770334928
1 0.23688969258589512 0.3588516746411483 0.15551537070524413 0.04784688995215311
1 0.22784810126582278 0.41088516746411485 0.11211573236889692 0.041866028708133975
1 0.2314647377938517 0.4611244019138756 0.11211573236889692 0.04665071770334928
1 0.2332730560578662 0.5149521531100478 0.11211573236889692 0.04425837320574163
1 0.23417721518987342 0.5645933014354066 0.12477396021699819 0.045454545454545456
1 0.2332730560578662 0.6160287081339713 0.1735985533453888 0.04784688995215311
1 0.23417721518987342 0.6656698564593302 0.19349005424954793 0.04425837320574163
1 0.22965641952983726 0.7159090909090909 0.12658227848101267 0.04425837320574163
1 0.49909584086799275 0.3104066985645933 0.1844484629294756 0.04904306220095694
1 0.49819168173598555 0.3672248803827751 0.1609403254972875 0.05263157894736842
1 0.49638336347197104 0.4270334928229665 0.21518987341772153 0.045454545454545456
1 0.4945750452079566 0.48145933014354064 0.2224231464737794 0.05143540669856459
1 0.7685352622061483 0.35167464114832536 0.12658227848101267 0.04066985645933014
1 0.7685352622061483 0.40311004784689 0.12296564195298372 0.03349282296650718
1 0.22965641952983726 0.8205741626794258 0.20253164556962025 0.050239234449760764
1 0.23236889692585896 0.8773923444976076 0.23688969258589512 0.04904306220095694
1 0.5 0.8265550239234449 0.11754068716094032 0.03349282296650718
1 0.5027124773960217 0.8773923444976076 0.14828209764918626 0.04425837320574163
1 0.7703435804701627 0.8211722488038278 0.13743218806509946 0.04904306220095694
1 0.77124773960217 0.8779904306220095 0.11754068716094032 0.050239234449760764
