0 0.20081967213114754 0.41254315304948214 0.15901639344262294 0.02186421173762946
0 0.8024590163934426 0.4154200230149597 0.13934426229508196 0.023014959723820484
0 0.4959016393442623 0.4142692750287687 0.16885245901639345 0.018411967779056387
2 0.4959016393442623 0.45109321058688145 0.07377049180327869 0.018411967779056387
2 0.19672131147540983 0.451668584579977 0.08196721311475409 0.01726121979286536
2 0.8 0.451668584579977 0.06885245901639345 0.01726121979286536
0 0.6475409836065574 0.6582278481012658 0.18032786885245902 0.02531645569620253
0 0.3524590163934426 0.6547756041426928 0.19672131147540983 0.023014959723820484
2 0.3483606557377049 0.69102416570771 0.07049180327868852 0.01726121979286536
2 0.6459016393442623 0.6927502876869965 0.07213114754098361 0.01611047180667434
0 0.21967213114754097 0.8239355581127733 0.12459016393442623 0.02531645569620253
0 0.49918032786885247 0.8245109321058688 0.12622950819672132 0.024165707710011506
0 0.7729508196721312 0.8245109321058688 0.19508196721311474 0.028768699654775604
2 0.21721311475409835 0.8613348676639816 0.10327868852459017 0.01726121979286536
2 0.4967213114754098 0.8619102416570771 0.04262295081967213 0.01611047180667434
2 0.7737704918032787 0.8613348676639816 0.03934426229508197 0.01726121979286536
0 0.21475409836065573 0.8964326812428078 0.19344262295081968 0.02531645569620253
0 0.49754098360655735 0.8993095512082854 0.2180327868852459 0.028768699654775604
0 0.7762295081967213 0.8975834292289988 0.06393442622950819 0.020713463751438434
2 0.2180327868852459 0.9332566168009206 0.04262295081967213 0.01611047180667434
2 0.4934426229508197 0.9332566168009206 0.04262295081967213 0.01611047180667434
2 0.7737704918032787 0.9332566168009206 0.04262295081967213 0.01611047180667434
1 0.19672131147540983 0.42922899884925203 0.16065573770491803 0.06214039125431531
1 0.49426229508196723 0.4332566168009206 0.1721311475409836 0.05408515535097814
1 0.8032786885245902 0.4326812428078251 0.1377049180327869 0.05523590333716916
1 0.35081967213114756 0.6726121979286537 0.1901639344262295 0.05868814729574223
1 0.6475409836065574 0.6743383199079401 0.18032786885245902 0.05523590333716916
1 0.21639344262295082 0.8394706559263522 0.12131147540983607 0.06098964326812428
1 0.21721311475409835 0.9131185270425777 0.19508196721311474 0.05868814729574223
1 0.49918032786885247 0.8411967779056386 0.12295081967213115 0.05753739930955121
1 0.49836065573770494 0.9136939010356732 0.21639344262295082 0.05753739930955121
1 0.771311475409836 0.8406214039125431 0.19508196721311474 0.05868814729574223
1 0.7754098360655738 0.9148446490218642 0.05573770491803279 0.05523590333716916
