0 0.814208984375 0.20297372060857538 0.10888671875 0.024204702627939143
0 0.58984375 0.23167358229598894 0.109375 0.022130013831258646
0 0.812744140625 0.23478561549100968 0.10595703125 0.021438450899031812
0 0.569091796875 0.2652143845089903 0.06689453125 0.022821576763485476
2 0.714111328125 0.26590594744121715 0.04248046875 0.021438450899031812
0 0.826904296875 0.2693637621023513 0.13427734375 0.024204702627939143
0 0.142333984375 0.2838865836791148 0.20263671875 0.020055325034578148
2 0.42529296875 0.28526970954356845 0.044921875 0.01590594744121715
0 0.583251953125 0.2959889349930844 0.09521484375 0.022130013831258646
0 0.830322265625 0.301521438450899 0.14111328125 0.022130013831258646
0 0.087646484375 0.31431535269709543 0.09033203125 0.025587828492392807
0 0.5751953125 0.32952973720608575 0.076171875 0.022821576763485476
2 0.714111328125 0.330567081604426 0.04248046875 0.017980636237897647
0 0.803955078125 0.3329875518672199 0.08837890625 0.020055325034578148
0 0.076171875 0.35200553250345784 0.0673828125 0.02351313969571231
2 0.259521484375 0.3551175656984786 0.04345703125 0.022821576763485476
0 0.593994140625 0.3644536652835408 0.11376953125 0.022130013831258646
0 0.808837890625 0.3675656984785616 0.09814453125 0.021438450899031812
0 0.082763671875 0.38865836791147995 0.08349609375 0.02351313969571231
2 0.259033203125 0.3917704011065007 0.04443359375 0.021438450899031812
0 0.08349609375 0.4256569847856155 0.0849609375 0.022821576763485476
2 0.2587890625 0.4263485477178423 0.044921875 0.021438450899031812
0 0.1064453125 0.4630013831258645 0.1337890625 0.024204702627939143
0 0.1171875 0.5010373443983402 0.1494140625 0.020055325034578148
0 0.297119140625 0.6597510373443983 0.07763671875 0.019363762102351315
2 0.4365234375 0.661134163208852 0.0380859375 0.019363762102351315
0 0.29248046875 0.6891424619640387 0.068359375 0.021438450899031812
2 0.43603515625 0.6926002766251729 0.0390625 0.022821576763485476
0 0.092529296875 0.6995159059474412 0.09521484375 0.021438450899031812
0 0.28857421875 0.7206085753803596 0.060546875 0.02351313969571231
2 0.435546875 0.7230290456431535 0.0400390625 0.020055325034578148
0 0.111572265625 0.7302904564315352 0.13330078125 0.027662517289073305
0 0.27978515625 0.7510373443983402 0.04296875 0.017980636237897647
2 0.43603515625 0.7520746887966805 0.0390625 0.020055325034578148
0 0.099365234375 0.7586445366528354 0.10888671875 0.024896265560165973
2 0.224365234375 0.7624481327800829 0.03759765625 0.01867219917012448
0 0.276611328125 0.7838865836791148 0.03369140625 0.017289073305670817
2 0.4375 0.7835408022130014 0.0361328125 0.019363762102351315
0 0.123779296875 0.7925311203319502 0.15771484375 0.02351313969571231
0 0.286865234375 0.8163900414937759 0.05419921875 0.01867219917012448
0 0.355712890625 0.890387275242047 0.06689453125 0.011756569847856155
0 0.275634765625 0.9076763485477178 0.00830078125 0.03250345781466114
2 0.260009765625 0.318118948824343 0.04345703125 0.02351313969571231
2 0.26025390625 0.4633471645919779 0.0458984375 0.024896265560165973
2 0.2607421875 0.5003457814661134 0.0439453125 0.021438450899031812
2 0.4365234375 0.8129322268326418 0.041015625 0.021438450899031812
2 0.2236328125 0.7928769017980636 0.041015625 0.021438450899031812
2 0.225341796875 0.6991701244813278 0.03662109375 0.016597510373443983
2 0.2255859375 0.7306362378976486 0.0380859375 0.020055325034578148
2 0.9384765625 0.20193637621023514 0.041015625 0.019363762102351315
2 0.939697265625 0.23651452282157676 0.04638671875 0.019363762102351315
2 0.93896484375 0.27005532503457813 0.044921875 0.022821576763485476
2 0.93994140625 0.30221300138312585 0.04296875 0.02074688796680498
2 0.940673828125 0.3367911479944675 0.04443359375 0.017980636237897647
2 0.939453125 0.3682572614107884 0.0419921875 0.020055325034578148
2 0.7158203125 0.2327109266943292 0.0419921875 0.01867219917012448
2 0.71533203125 0.30048409405255877 0.04296875 0.022821576763485476
2 0.7138671875 0.36618257261410786 0.0458984375 0.020055325034578148
1 0.162109375 0.3156984785615491 0.2412109375 0.029737206085753802
1 0.1611328125 0.3530428769017981 0.240234375 0.026970954356846474
1 0.160888671875 0.3893499308437068 0.24072265625 0.029045643153526972
1 0.16064453125 0.4263485477178423 0.2421875 0.025587828492392807
1 0.161376953125 0.4636929460580913 0.24365234375 0.026970954356846474
1 0.16162109375 0.5020746887966805 0.244140625 0.024896265560165973
1 0.1435546875 0.6977869986168741 0.197265625 0.02351313969571231
1 0.14306640625 0.7299446749654218 0.203125 0.026970954356846474
1 0.14453125 0.7579529737206085 0.2001953125 0.024896265560165973
1 0.14404296875 0.7925311203319502 0.19921875 0.022130013831258646
1 0.356201171875 0.6597510373443983 0.19677734375 0.022130013831258646
1 0.357421875 0.690179806362379 0.19921875 0.024896265560165973
1 0.35693359375 0.720954356846473 0.19921875 0.022821576763485476
1 0.3564453125 0.7503457814661134 0.2001953125 0.017980636237897647
1 0.357421875 0.7835408022130014 0.1962890625 0.019363762102351315
1 0.3583984375 0.8153526970954357 0.197265625 0.017980636237897647
1 0.859375 0.20193637621023514 0.2021484375 0.024896265560165973
1 0.63671875 0.2306362378976487 0.2041015625 0.024204702627939143
1 0.63525390625 0.2641770401106501 0.203125 0.022130013831258646
1 0.63623046875 0.29806362378976486 0.203125 0.02351313969571231
1 0.63671875 0.32987551867219916 0.1982421875 0.024896265560165973
1 0.63671875 0.3651452282157676 0.2041015625 0.024896265560165973
1 0.86083984375 0.23686030428769017 0.203125 0.022821576763485476
1 0.860595703125 0.2693637621023513 0.19970703125 0.024204702627939143
1 0.860107421875 0.30221300138312585 0.20458984375 0.02351313969571231
1 0.86083984375 0.3329875518672199 0.203125 0.025587828492392807
1 0.859375 0.3665283540802213 0.2001953125 0.024896265560165973
1 0.24560546875 0.28250345781466113 0.41015625 0.025587828492392807
