2 0.792236328125 0.3055939226519337 0.04541015625 0.020027624309392266
0 0.5966796875 0.3608425414364641 0.1220703125 0.028314917127071824
2 0.792724609375 0.362914364640884 0.04443359375 0.020027624309392266
0 0.238525390625 0.40193370165745856 0.07470703125 0.020718232044198894
0 0.39453125 0.40124309392265195 0.080078125 0.019337016574585635
0 0.10693359375 0.40331491712707185 0.0791015625 0.020718232044198894
0 0.56640625 0.42265193370165743 0.05859375 0.022099447513812154
2 0.7919921875 0.4233425414364641 0.0458984375 0.019337016574585635
2 0.2373046875 0.42886740331491713 0.060546875 0.03314917127071823
2 0.3935546875 0.4395718232044199 0.041015625 0.018646408839779006
2 0.101806640625 0.4423342541436464 0.04052734375 0.017265193370165747
0 0.102294921875 0.6198204419889503 0.08935546875 0.022790055248618785
0 0.2412109375 0.6218922651933702 0.087890625 0.018646408839779006
0 0.383056640625 0.6253453038674033 0.07958984375 0.022790055248618785
2 0.24169921875 0.6391574585635359 0.0419921875 0.017265193370165747
2 0.3837890625 0.6467541436464088 0.044921875 0.017265193370165747
2 0.10107421875 0.6571132596685083 0.0419921875 0.017265193370165747
0 0.561767578125 0.681975138121547 0.02587890625 0.021408839779005526
0 0.80908203125 0.681975138121547 0.087890625 0.021408839779005526
2 0.71826171875 0.6833563535911602 0.037109375 0.017265193370165747
0 0.579833984375 0.7092541436464088 0.06787109375 0.022099447513812154
2 0.716552734375 0.7109806629834254 0.04052734375 0.020027624309392266
0 0.795166015625 0.7092541436464088 0.05517578125 0.019337016574585635
2 0.933837890625 0.7133977900552486 0.04345703125 0.024861878453038673
0 0.7919921875 0.737914364640884 0.0537109375 0.022790055248618785
0 0.579345703125 0.7396408839779005 0.06396484375 0.022099447513812154
2 0.7158203125 0.7396408839779005 0.0419921875 0.019337016574585635
2 0.933349609375 0.7392955801104972 0.04443359375 0.018646408839779006
0 0.5849609375 0.767610497237569 0.0751953125 0.022790055248618785
0 0.787841796875 0.7672651933701657 0.04345703125 0.019337016574585635
2 0.715087890625 0.7672651933701657 0.04345703125 0.019337016574585635
2 0.93212890625 0.7679558011049724 0.046875 0.016574585635359115
0 0.654541015625 0.7952348066298343 0.21435546875 0.022790055248618785
2 0.934326171875 0.7962707182320442 0.04248046875 0.017955801104972375
0 0.6376953125 0.823549723756906 0.1806640625 0.021408839779005526
2 0.9306640625 0.824585635359116 0.0498046875 0.019337016574585635
0 0.38232421875 0.881560773480663 0.0712890625 0.026933701657458564
2 0.101806640625 0.8850138121546961 0.06982421875 0.022790055248618785
0 0.241943359375 0.8829419889502762 0.09619140625 0.018646408839779006
2 0.382568359375 0.9053867403314917 0.04736328125 0.019337016574585635
2 0.1025390625 0.9109116022099447 0.0498046875 0.019337016574585635
2 0.240478515625 0.9229972375690608 0.03955078125 0.017265193370165747
2 0.93505859375 0.681975138121547 0.041015625 0.018646408839779006
0 0.611328125 0.22582872928176795 0.15234375 0.023480662983425413
0 0.591552734375 0.3031767955801105 0.11279296875 0.022099447513812154
2 0.792724609375 0.22548342541436464 0.04541015625 0.020027624309392266
1 0.67529296875 0.224792817679558 0.2802734375 0.024171270718232045
1 0.67578125 0.3031767955801105 0.2822265625 0.024861878453038673
1 0.676025390625 0.35980662983425415 0.28271484375 0.027624309392265192
1 0.676513671875 0.42299723756906077 0.27880859375 0.022790055248618785
1 0.643798828125 0.681975138121547 0.18994140625 0.024171270718232045
1 0.6416015625 0.7102900552486188 0.19140625 0.024171270718232045
1 0.642822265625 0.7403314917127072 0.19091796875 0.023480662983425413
1 0.642822265625 0.7672651933701657 0.18994140625 0.020718232044198894
1 0.7509765625 0.794889502762431 0.408203125 0.022099447513812154
1 0.85986328125 0.6805939226519337 0.189453125 0.020027624309392266
1 0.75146484375 0.8242403314917127 0.4091796875 0.022790055248618785
1 0.8603515625 0.7672651933701657 0.189453125 0.022099447513812154
1 0.860595703125 0.736878453038674 0.19091796875 0.022099447513812154
1 0.861328125 0.710635359116022 0.189453125 0.022099447513812154
1 0.107666015625 0.4212707182320442 0.07958984375 0.05939226519337017
1 0.23876953125 0.418853591160221 0.0771484375 0.05593922651933702
1 0.39453125 0.4205801104972376 0.080078125 0.05939226519337017
1 0.1015625 0.638121546961326 0.0908203125 0.05662983425414365
1 0.240966796875 0.6308701657458563 0.08837890625 0.03522099447513812
1 0.383544921875 0.6350138121546961 0.08056640625 0.04074585635359116
1 0.101806640625 0.8977900552486188 0.07080078125 0.049723756906077346
1 0.241943359375 0.9033149171270718 0.09716796875 0.06077348066298342
1 0.382568359375 0.8915745856353591 0.07275390625 0.04696132596685083
0 0.108154296875 0.42092541436464087 0.05712890625 0.020027624309392266
0 0.105712890625 0.6377762430939227 0.04541015625 0.021408839779005526
0 0.395751953125 0.4191988950276243 0.05419921875 0.019337016574585635
0 0.241455078125 0.9012430939226519 0.06201171875 0.019337016574585635
