0 0.13935185185185187 0.18203125 0.1935185185185185 0.016145833333333335
2 0.44675925925925924 0.18489583333333334 0.10092592592592593 0.013541666666666667
2 0.4486111111111111 0.20442708333333334 0.10277777777777777 0.0171875
0 0.6731481481481482 0.20286458333333332 0.2740740740740741 0.016145833333333335
2 0.924074074074074 0.20598958333333334 0.1 0.015104166666666667
0 0.1412037037037037 0.21927083333333333 0.20277777777777778 0.01875
0 0.7050925925925926 0.24140625 0.33240740740740743 0.0203125
2 0.44722222222222224 0.22239583333333332 0.1 0.013541666666666667
0 0.13240740740740742 0.23723958333333334 0.18333333333333332 0.0171875
2 0.4462962962962963 0.240625 0.09814814814814815 0.013541666666666667
0 0.13703703703703704 0.2559895833333333 0.1925925925925926 0.016145833333333335
2 0.44722222222222224 0.259375 0.10185185185185185 0.016666666666666666
0 0.6356481481481482 0.2609375 0.20092592592592592 0.016666666666666666
2 0.925 0.2638020833333333 0.09814814814814815 0.0140625
0 0.23564814814814813 0.34791666666666665 0.3861111111111111 0.019791666666666666
2 0.5319444444444444 0.35130208333333335 0.10092592592592593 0.015104166666666667
0 0.25 0.36744791666666665 0.4222222222222222 0.018229166666666668
0 0.0962962962962963 0.38515625 0.11296296296296296 0.0171875
2 0.5328703703703703 0.3885416666666667 0.10092592592592593 0.013541666666666667
0 0.12685185185185185 0.40390625 0.17222222222222222 0.0171875
2 0.5328703703703703 0.40911458333333334 0.10092592592592593 0.015104166666666667
0 0.12685185185185185 0.42473958333333334 0.17222222222222222 0.0171875
0 0.6990740740740741 0.42526041666666664 0.16666666666666666 0.018229166666666668
2 0.9287037037037037 0.42864583333333334 0.1 0.014583333333333334
0 0.6736111111111112 0.44479166666666664 0.11574074074074074 0.019791666666666666
0 0.09398148148148149 0.44505208333333335 0.11203703703703703 0.016145833333333335
2 0.9282407407407407 0.44583333333333336 0.10092592592592593 0.013541666666666667
0 0.09305555555555556 0.46432291666666664 0.11018518518518519 0.016145833333333335
0 0.6805555555555556 0.46432291666666664 0.13333333333333333 0.016145833333333335
2 0.9282407407407407 0.465625 0.10092592592592593 0.013541666666666667
2 0.5314814814814814 0.46822916666666664 0.09814814814814815 0.013541666666666667
0 0.14722222222222223 0.48463541666666665 0.21851851851851853 0.0171875
2 0.5328703703703703 0.48723958333333334 0.10092592592592593 0.015104166666666667
0 0.24583333333333332 0.540625 0.425 0.019791666666666666
2 0.9296296296296296 0.5453125 0.1 0.013541666666666667
0 0.2875 0.5598958333333334 0.5083333333333333 0.021875
2 0.9319444444444445 0.5635416666666667 0.10277777777777777 0.013541666666666667
0 0.30462962962962964 0.5799479166666667 0.5425925925925926 0.0234375
2 0.9319444444444445 0.58359375 0.10277777777777777 0.015104166666666667
0 0.1638888888888889 0.5986979166666667 0.26481481481481484 0.016145833333333335
2 0.9328703703703703 0.6026041666666667 0.10092592592592593 0.013541666666666667
0 0.18101851851851852 0.61875 0.29907407407407405 0.017708333333333333
2 0.9333333333333333 0.6213541666666667 0.1 0.014583333333333334
0 0.2759259259259259 0.6403645833333333 0.49444444444444446 0.0203125
2 0.9328703703703703 0.6421875 0.10092592592592593 0.014583333333333334
0 0.2675925925925926 0.6598958333333333 0.4777777777777778 0.01875
2 0.9328703703703703 0.66171875 0.10092592592592593 0.015104166666666667
0 0.5361111111111111 0.7442708333333333 0.17222222222222222 0.01875
2 0.8347222222222223 0.7450520833333333 0.08425925925925926 0.015104166666666667
0 0.5166666666666667 0.7651041666666667 0.13333333333333333 0.01875
2 0.8337962962962963 0.7658854166666667 0.08611111111111111 0.015104166666666667
0 0.5162037037037037 0.7890625 0.13425925925925927 0.021875
2 0.8337962962962963 0.7880208333333333 0.08611111111111111 0.014583333333333334
0 0.5731481481481482 0.809375 0.2462962962962963 0.01875
2 0.8337962962962963 0.81015625 0.08611111111111111 0.015104166666666667
0 0.5884259259259259 0.8307291666666666 0.27685185185185185 0.022916666666666665
2 0.8347222222222223 0.8309895833333333 0.08425925925925926 0.015104166666666667
2 0.9268518518518518 0.22291666666666668 0.10185185185185185 0.019791666666666666
2 0.9273148148148148 0.24401041666666667 0.09722222222222222 0.021354166666666667
2 0.5333333333333333 0.42890625 0.10555555555555556 0.016145833333333335
2 0.5337962962962963 0.44869791666666664 0.10092592592592593 0.0171875
2 0.5342592592592592 0.36875 0.10555555555555556 0.015625
1 0.2708333333333333 0.18359375 0.4583333333333333 0.018229166666666668
1 0.27037037037037037 0.2015625 0.46111111111111114 0.019791666666666666
1 0.26944444444444443 0.21953125 0.45740740740740743 0.0203125
1 0.26805555555555555 0.23854166666666668 0.4564814814814815 0.019791666666666666
1 0.26990740740740743 0.2565104166666667 0.4601851851851852 0.019270833333333334
1 0.7569444444444444 0.20416666666666666 0.4398148148148148 0.01875
1 0.7569444444444444 0.21666666666666667 0.44537037037037036 0.019791666666666666
1 0.7564814814814815 0.24322916666666666 0.4388888888888889 0.020833333333333332
1 0.7569444444444444 0.26197916666666665 0.4398148148148148 0.020833333333333332
1 0.31203703703703706 0.3484375 0.5388888888888889 0.021875
1 0.3148148148148148 0.36614583333333334 0.5481481481481482 0.01875
1 0.31203703703703706 0.3854166666666667 0.5425925925925926 0.017708333333333333
1 0.31157407407407406 0.4036458333333333 0.549074074074074 0.021875
1 0.3106481481481482 0.42578125 0.5472222222222223 0.0203125
1 0.31157407407407406 0.44583333333333336 0.5527777777777778 0.01875
1 0.30925925925925923 0.46510416666666665 0.5481481481481482 0.019791666666666666
1 0.3111111111111111 0.48489583333333336 0.5518518518518518 0.019791666666666666
1 0.7981481481481482 0.42526041666666664 0.3611111111111111 0.019270833333333334
1 0.7972222222222223 0.44479166666666664 0.3611111111111111 0.01875
1 0.799074074074074 0.46380208333333334 0.3648148148148148 0.018229166666666668
1 0.5092592592592593 0.54140625 0.9555555555555556 0.021354166666666667
1 0.5087962962962963 0.56015625 0.9546296296296296 0.0171875
1 0.5092592592592593 0.5791666666666667 0.9537037037037037 0.021875
1 0.5050925925925925 0.6 0.9564814814814815 0.019791666666666666
1 0.5069444444444444 0.6200520833333333 0.9583333333333334 0.019270833333333334
1 0.5092592592592593 0.6390625 0.9574074074074074 0.019791666666666666
1 0.5055555555555555 0.6591145833333333 0.9592592592592593 0.018229166666666668
1 0.6643518518518519 0.7432291666666667 0.42685185185185187 0.01875
1 0.663425925925926 0.7635416666666667 0.4305555555555556 0.021875
1 0.6657407407407407 0.7875 0.43333333333333335 0.023958333333333335
1 0.6657407407407407 0.8096354166666667 0.4351851851851852 0.0203125
1 0.6643518518518519 0.8307291666666666 0.43425925925925923 0.022916666666666665
0 0.2162037037037037 0.20208333333333334 0.3527777777777778 0.01875
0 0.7032407407407407 0.22239583333333332 0.33611111111111114 0.019791666666666666
