2 0.9085086916742909 0.32989690721649484 0.025617566331198535 0.01804123711340206
0 0.7291857273559011 0.33569587628865977 0.0878316559926807 0.019329896907216496
2 0.9085086916742909 0.3582474226804124 0.025617566331198535 0.020618556701030927
0 0.7154620311070449 0.36533505154639173 0.06038426349496798 0.019329896907216496
2 0.909423604757548 0.38853092783505155 0.027447392497712716 0.01675257731958763
0 0.7378774016468436 0.3956185567010309 0.10887465690759378 0.02577319587628866
0 0.13998170173833485 0.39755154639175255 0.1262580054894785 0.02190721649484536
0 0.4126258005489479 0.39819587628865977 0.08051235132662397 0.023195876288659795
2 0.6157365050320219 0.39755154639175255 0.023787740164684355 0.027061855670103094
2 0.29963403476669714 0.39948453608247425 0.024702653247941447 0.01804123711340206
2 0.909423604757548 0.41881443298969073 0.027447392497712716 0.020618556701030927
0 0.42086001829826164 0.42461340206185566 0.10064043915827996 0.027061855670103094
0 0.7296431838975297 0.4252577319587629 0.09240622140896615 0.020618556701030927
2 0.6148215919487648 0.4252577319587629 0.023787740164684355 0.01804123711340206
0 0.14181152790484905 0.43621134020618557 0.12991765782250686 0.02190721649484536
2 0.29963403476669714 0.4381443298969072 0.024702653247941447 0.01804123711340206
2 0.9085086916742909 0.4490979381443299 0.027447392497712716 0.019329896907216496
0 0.4364135407136322 0.452319587628866 0.13174748398902103 0.02577319587628866
2 0.6157365050320219 0.45167525773195877 0.025617566331198535 0.019329896907216496
0 0.7456541628545288 0.45489690721649484 0.12442817932296432 0.023195876288659795
0 0.16468435498627632 0.47551546391752575 0.1756633119853614 0.023195876288659795
2 0.29963403476669714 0.47680412371134023 0.024702653247941447 0.01804123711340206
0 0.44053064958828914 0.47809278350515466 0.13632204940530648 0.02577319587628866
2 0.909423604757548 0.47744845360824745 0.027447392497712716 0.019329896907216496
2 0.6157365050320219 0.4787371134020619 0.025617566331198535 0.019329896907216496
0 0.7493138151875571 0.4845360824742268 0.13174748398902103 0.023195876288659795
0 0.43183897529734677 0.5057989690721649 0.11893870082342177 0.02190721649484536
2 0.6157365050320219 0.5057989690721649 0.025617566331198535 0.01675257731958763
0 0.1262580054894785 0.5141752577319587 0.10064043915827996 0.028350515463917526
2 0.3019213174748399 0.5141752577319587 0.025617566331198535 0.01804123711340206
0 0.44967978042086004 0.5335051546391752 0.1546203110704483 0.020618556701030927
2 0.6157365050320219 0.532860824742268 0.025617566331198535 0.019329896907216496
0 0.1312900274473925 0.5521907216494846 0.10887465690759378 0.019329896907216496
2 0.3019213174748399 0.553479381443299 0.025617566331198535 0.01675257731958763
0 0.4309240622140897 0.5612113402061856 0.11893870082342177 0.02190721649484536
2 0.6157365050320219 0.5599226804123711 0.025617566331198535 0.019329896907216496
0 0.7159194876486734 0.571520618556701 0.06495882891125343 0.02190721649484536
2 0.9080512351326624 0.5728092783505154 0.024702653247941447 0.019329896907216496
0 0.43138151875571823 0.5850515463917526 0.12168344007319305 0.02577319587628866
2 0.6175663311985361 0.5856958762886598 0.025617566331198535 0.019329896907216496
0 0.10247026532479414 0.5908505154639175 0.05123513266239707 0.019329896907216496
2 0.3019213174748399 0.5908505154639175 0.025617566331198535 0.019329896907216496
0 0.7186642268984447 0.5979381443298969 0.0686184812442818 0.02577319587628866
2 0.9071363220494053 0.5979381443298969 0.022872827081427266 0.01804123711340206
0 0.4139981701738335 0.6134020618556701 0.08325709057639524 0.023195876288659795
2 0.6157365050320219 0.6127577319587629 0.025617566331198535 0.019329896907216496
0 0.7291857273559011 0.6230670103092784 0.0878316559926807 0.02190721649484536
2 0.9048490393412626 0.6211340206185567 0.018298261665141813 0.01804123711340206
0 0.4441903019213175 0.6391752577319587 0.1473010064043916 0.028350515463917526
2 0.6157365050320219 0.6404639175257731 0.025617566331198535 0.01804123711340206
0 0.7159194876486734 0.6443298969072165 0.06129917657822507 0.020618556701030927
2 0.9080512351326624 0.6443298969072165 0.022872827081427266 0.020618556701030927
0 0.46660567246111617 0.666881443298969 0.19030192131747484 0.024484536082474227
2 0.6157365050320219 0.6662371134020618 0.025617566331198535 0.020618556701030927
0 0.7118023787740164 0.6707474226804123 0.05489478499542543 0.02190721649484536
2 0.9071363220494053 0.6688144329896907 0.022872827081427266 0.01804123711340206
0 0.10018298261665141 0.6920103092783505 0.04117108874656908 0.023195876288659795
2 0.30054894784995423 0.6900773195876289 0.01738334858188472 0.019329896907216496
0 0.42451967063129004 0.6932989690721649 0.10795974382433669 0.02577319587628866
2 0.6157365050320219 0.6939432989690721 0.025617566331198535 0.019329896907216496
0 0.7346752058554438 0.6945876288659794 0.10247026532479414 0.020618556701030927
2 0.9071363220494053 0.6939432989690721 0.022872827081427266 0.019329896907216496
0 0.7301006404391582 0.7197164948453608 0.09515096065873742 0.027061855670103094
2 0.909423604757548 0.7177835051546392 0.027447392497712716 0.020618556701030927
0 0.10750228728270814 0.720360824742268 0.055809698078682524 0.020618556701030927
0 0.42909423604757546 0.7210051546391752 0.1171088746569076 0.024484536082474227
2 0.30054894784995423 0.7210051546391752 0.01738334858188472 0.019329896907216496
2 0.6157365050320219 0.7210051546391752 0.025617566331198535 0.019329896907216496
2 0.30054894784995423 0.7519329896907216 0.01738334858188472 0.02190721649484536
0 0.722323879231473 0.7429123711340206 0.0777676120768527 0.02190721649484536
2 0.9085086916742909 0.7416237113402062 0.025617566331198535 0.019329896907216496
0 0.4670631290027447 0.7480670103092784 0.19304666056724612 0.024484536082474227
2 0.6157365050320219 0.7474226804123711 0.025617566331198535 0.01804123711340206
0 0.10750228728270814 0.7532216494845361 0.05763952424519671 0.024484536082474227
0 0.7186642268984447 0.7680412371134021 0.07044830741079597 0.02577319587628866
2 0.909423604757548 0.7654639175257731 0.027447392497712716 0.020618556701030927
0 0.4569990850869167 0.7757731958762887 0.17108874656907594 0.023195876288659795
2 0.6157365050320219 0.7744845360824743 0.025617566331198535 0.020618556701030927
0 0.10475754803293687 0.7815721649484536 0.05032021957913998 0.019329896907216496
2 0.30146386093321137 0.7815721649484536 0.0192131747483989 0.019329896907216496
0 0.439615736505032 0.8015463917525774 0.13632204940530648 0.023195876288659795
2 0.6157365050320219 0.8002577319587629 0.025617566331198535 0.020618556701030927
0 0.09377859103385179 0.8131443298969072 0.028362305580969808 0.020618556701030927
2 0.30146386093321137 0.8131443298969072 0.0192131747483989 0.020618556701030927
0 0.42268984446477587 0.8298969072164949 0.10247026532479414 0.023195876288659795
2 0.6157365050320219 0.8279639175257731 0.025617566331198535 0.019329896907216496
0 0.12442817932296432 0.8447164948453608 0.09149130832570906 0.027061855670103094
2 0.30146386093321137 0.8440721649484536 0.0192131747483989 0.020618556701030927
0 0.4387008234217749 0.8569587628865979 0.1344922232387923 0.023195876288659795
2 0.6161939615736505 0.8550257731958762 0.026532479414455627 0.019329896907216496
0 0.10384263494967978 0.8743556701030928 0.0484903934126258 0.02190721649484536
2 0.30237877401646845 0.8756443298969072 0.024702653247941447 0.019329896907216496
0 0.43504117108874657 0.8827319587628866 0.12717291857273558 0.023195876288659795
2 0.6157365050320219 0.8814432989690721 0.025617566331198535 0.01804123711340206
0 0.11893870082342177 0.9039948453608248 0.07868252516010979 0.02190721649484536
2 0.302836230558097 0.904639175257732 0.025617566331198535 0.020618556701030927
0 0.40759377859103385 0.9097938144329897 0.07227813357731015 0.023195876288659795
2 0.6157365050320219 0.9085051546391752 0.025617566331198535 0.020618556701030927
0 0.1280878316559927 0.9368556701030928 0.0969807868252516 0.02577319587628866
0 0.43183897529734677 0.9375 0.12259835315645014 0.027061855670103094
2 0.302836230558097 0.9362113402061856 0.025617566331198535 0.019329896907216496
2 0.6157365050320219 0.9362113402061856 0.025617566331198535 0.019329896907216496
1 0.19441903019213175 0.39755154639175255 0.23696248856358645 0.024484536082474227
1 0.1939615736505032 0.43621134020618557 0.23787740164684354 0.02190721649484536
1 0.1939615736505032 0.47615979381443296 0.23604757548032937 0.024484536082474227
1 0.19579139981701738 0.5141752577319587 0.2415370539798719 0.028350515463917526
1 0.19579139981701738 0.5521907216494846 0.23970722781335774 0.02190721649484536
1 0.19533394327538883 0.5908505154639175 0.23879231473010065 0.02190721649484536
1 0.19350411710887466 0.6900773195876289 0.23330283623055809 0.02190721649484536
1 0.1939615736505032 0.720360824742268 0.232387923147301 0.023195876288659795
1 0.19350411710887466 0.7512886597938144 0.23330283623055809 0.02577319587628866
1 0.19533394327538883 0.7822164948453608 0.23330283623055809 0.020618556701030927
1 0.19624885635864592 0.8137886597938144 0.23147301006404392 0.02190721649484536
1 0.19533394327538883 0.8434278350515464 0.23330283623055809 0.024484536082474227
1 0.19807868252516012 0.875 0.23696248856358645 0.02577319587628866
1 0.19670631290027446 0.9039948453608248 0.23787740164684354 0.024484536082474227
1 0.19807868252516012 0.9355670103092784 0.23696248856358645 0.023195876288659795
1 0.5 0.9368556701030928 0.25709057639524246 0.02577319587628866
1 0.5 0.9097938144329897 0.25709057639524246 0.023195876288659795
1 0.5 0.8820876288659794 0.25892040256175664 0.02190721649484536
1 0.49954254345837146 0.8563144329896907 0.25800548947849955 0.02190721649484536
1 0.5004574565416285 0.8305412371134021 0.25800548947849955 0.024484536082474227
1 0.49954254345837146 0.8009020618556701 0.25800548947849955 0.027061855670103094
1 0.5004574565416285 0.7751288659793815 0.25800548947849955 0.02190721649484536
1 0.5 0.7480670103092784 0.25892040256175664 0.029639175257731958
1 0.49954254345837146 0.7197164948453608 0.25800548947849955 0.024484536082474227
1 0.5 0.6920103092783505 0.25892040256175664 0.028350515463917526
1 0.4990850869167429 0.6649484536082474 0.25892040256175664 0.02577319587628866
1 0.49954254345837146 0.6378865979381443 0.2598353156450137 0.028350515463917526
1 0.5009149130832571 0.6108247422680413 0.25892040256175664 0.02577319587628866
1 0.5009149130832571 0.5850515463917526 0.25892040256175664 0.028350515463917526
1 0.49954254345837146 0.5592783505154639 0.25800548947849955 0.023195876288659795
1 0.5 0.5341494845360825 0.25892040256175664 0.024484536082474227
1 0.5013723696248856 0.5070876288659794 0.25800548947849955 0.029639175257731958
1 0.4990850869167429 0.4787371134020619 0.25892040256175664 0.029639175257731958
1 0.5 0.452319587628866 0.25892040256175664 0.028350515463917526
1 0.4990850869167429 0.42461340206185566 0.25892040256175664 0.027061855670103094
1 0.4986276303751144 0.39755154639175255 0.2598353156450137 0.027061855670103094
1 0.8032936870997255 0.33440721649484534 0.23787740164684354 0.027061855670103094
1 0.8028362305580969 0.3640463917525773 0.23879231473010065 0.027061855670103094
1 0.8028362305580969 0.3943298969072165 0.23696248856358645 0.030927835051546393
1 0.8019213174748399 0.42396907216494845 0.242451967063129 0.02577319587628866
1 0.803751143641354 0.4542525773195876 0.23879231473010065 0.029639175257731958
1 0.8032936870997255 0.4832474226804124 0.23970722781335774 0.028350515463917526
1 0.8019213174748399 0.571520618556701 0.23696248856358645 0.024484536082474227
1 0.8014638609332113 0.5966494845360825 0.2342177493138152 0.028350515463917526
1 0.8010064043915828 0.6230670103092784 0.22964318389752975 0.02190721649484536
1 0.8028362305580969 0.6462628865979382 0.23513266239707228 0.024484536082474227
1 0.8028362305580969 0.6707474226804123 0.23696248856358645 0.024484536082474227
1 0.8019213174748399 0.6958762886597938 0.23696248856358645 0.023195876288659795
1 0.8046660567246111 0.720360824742268 0.24062214089661482 0.023195876288659795
1 0.8023787740164684 0.7435567010309279 0.23787740164684354 0.023195876288659795
1 0.803751143641354 0.7693298969072165 0.23879231473010065 0.02577319587628866
