0 0.6304517133956387 0.3057213930348259 0.1191588785046729 0.014427860696517412
2 0.9018691588785047 0.3062189054726368 0.07009345794392523 0.012437810945273632
0 0.10514018691588785 0.3291044776119403 0.09501557632398754 0.012437810945273632
2 0.39057632398753894 0.3283582089552239 0.06931464174454828 0.011940298507462687
2 0.9030373831775701 0.33482587064676617 0.07242990654205607 0.011940298507462687
0 0.6277258566978193 0.33507462686567163 0.11214953271028037 0.012437810945273632
0 0.10669781931464174 0.35572139303482586 0.09813084112149532 0.011940298507462687
2 0.3894080996884735 0.3559701492537313 0.07320872274143302 0.014427860696517412
2 0.9018691588785047 0.36218905472636814 0.07009345794392523 0.011940298507462687
0 0.6070872274143302 0.36218905472636814 0.07087227414330217 0.010945273631840797
0 0.16549844236760125 0.38283582089552237 0.21105919003115264 0.012437810945273632
2 0.3882398753894081 0.382089552238806 0.07554517133956386 0.011940298507462687
0 0.6347352024922118 0.3907960199004975 0.1261682242990654 0.012437810945273632
2 0.9018691588785047 0.39129353233830844 0.07009345794392523 0.013432835820895522
0 0.14602803738317757 0.4109452736318408 0.1721183800623053 0.013930348258706468
2 0.38901869158878505 0.4116915422885572 0.06775700934579439 0.012437810945273632
0 0.617601246105919 0.41890547263681593 0.09034267912772585 0.011940298507462687
2 0.9034267912772586 0.41865671641791047 0.07320872274143302 0.014427860696517412
2 0.39057632398753894 0.42711442786069653 0.06931464174454828 0.012437810945273632
0 0.6709501557632399 0.43955223880597016 0.1985981308411215 0.013432835820895522
2 0.903816199376947 0.44029850746268656 0.06775700934579439 0.011940298507462687
0 0.1674454828660436 0.49502487562189057 0.21495327102803738 0.014925373134328358
2 0.3886292834890966 0.49502487562189057 0.07009345794392523 0.011940298507462687
0 0.6359034267912772 0.5007462686567165 0.12850467289719625 0.014427860696517412
2 0.9042056074766355 0.5009950248756219 0.07009345794392523 0.011940298507462687
0 0.16433021806853582 0.5144278606965174 0.2087227414330218 0.014925373134328358
2 0.39057632398753894 0.5131840796019901 0.06775700934579439 0.012437810945273632
0 0.690809968847352 0.5268656716417911 0.2336448598130841 0.014925373134328358
2 0.9049844236760125 0.5243781094527363 0.07009345794392523 0.012935323383084577
0 0.1588785046728972 0.5323383084577115 0.19937694704049844 0.01791044776119403
2 0.3917445482866044 0.5313432835820896 0.07165109034267912 0.011940298507462687
0 0.7137850467289719 0.5492537313432836 0.2842679127725857 0.013930348258706468
0 0.12227414330218069 0.5855721393034826 0.1292834890965732 0.015920398009950248
2 0.3886292834890966 0.5860696517412936 0.07009345794392523 0.011940298507462687
2 0.3886292834890966 0.6121890547263682 0.07009345794392523 0.012437810945273632
0 0.6347352024922118 0.6258706467661691 0.1261682242990654 0.013930348258706468
2 0.9042056074766355 0.6263681592039801 0.07009345794392523 0.011940298507462687
0 0.13746105919003115 0.6370646766169155 0.16121495327102803 0.015422885572139304
2 0.3886292834890966 0.6368159203980099 0.07009345794392523 0.011940298507462687
0 0.6444704049844237 0.6517412935323383 0.1378504672897196 0.012935323383084577
2 0.9042056074766355 0.65 0.07009345794392523 0.012437810945273632
0 0.11954828660436137 0.6624378109452737 0.12383177570093458 0.016417910447761194
2 0.38901869158878505 0.6624378109452737 0.06931464174454828 0.015422885572139304
0 0.6433021806853583 0.6743781094527364 0.13707165109034267 0.011442786069651741
2 0.9030373831775701 0.6733830845771144 0.07242990654205607 0.012437810945273632
0 0.6526479750778816 0.6987562189054727 0.16355140186915887 0.013432835820895522
2 0.9030373831775701 0.6992537313432836 0.07242990654205607 0.012437810945273632
0 0.11059190031152648 0.7077114427860697 0.1059190031152648 0.010447761194029851
2 0.3886292834890966 0.7097014925373134 0.07009345794392523 0.012437810945273632
2 0.39057632398753894 0.7318407960199005 0.06931464174454828 0.011940298507462687
0 0.10163551401869159 0.7313432835820896 0.08177570093457943 0.011940298507462687
0 0.10319314641744548 0.7539800995024876 0.0911214953271028 0.012437810945273632
2 0.3886292834890966 0.7539800995024876 0.07009345794392523 0.012437810945273632
0 0.6507009345794392 0.7721393034825871 0.15965732087227413 0.014925373134328358
2 0.9018691588785047 0.7723880597014925 0.07009345794392523 0.012437810945273632
0 0.17328660436137072 0.7771144278606965 0.2266355140186916 0.012935323383084577
2 0.39057632398753894 0.777363184079602 0.06931464174454828 0.012437810945273632
0 0.6596573208722741 0.7875621890547264 0.17289719626168223 0.011940298507462687
2 0.9018691588785047 0.7878109452736318 0.07009345794392523 0.012437810945273632
0 0.10475077881619937 0.7985074626865671 0.08489096573208722 0.009950248756218905
2 0.39057632398753894 0.7982587064676617 0.06931464174454828 0.012437810945273632
0 0.7165109034267912 0.8134328358208955 0.2866043613707165 0.014925373134328358
0 0.13746105919003115 0.8203980099502488 0.16121495327102803 0.014925373134328358
2 0.3886292834890966 0.8211442786069652 0.07009345794392523 0.013432835820895522
0 0.6456386292834891 0.8398009950248756 0.14330218068535824 0.014925373134328358
2 0.9042056074766355 0.8400497512437811 0.07009345794392523 0.012437810945273632
0 0.11954828660436137 0.8771144278606965 0.1191588785046729 0.015920398009950248
2 0.39057632398753894 0.8758706467661691 0.06931464174454828 0.013432835820895522
0 0.6623831775700935 0.890049751243781 0.16121495327102803 0.01691542288557214
2 0.9073208722741433 0.8902985074626866 0.056074766355140186 0.013432835820895522
0 0.18847352024922118 0.9024875621890547 0.2570093457943925 0.011940298507462687
2 0.3894080996884735 0.9024875621890547 0.07165109034267912 0.011940298507462687
0 0.6522585669781932 0.9176616915422886 0.14563862928348908 0.013432835820895522
2 0.9080996884735203 0.9181592039800995 0.05763239875389408 0.012437810945273632
0 0.14563862928348908 0.9293532338308458 0.17445482866043613 0.013930348258706468
2 0.39057632398753894 0.9286069651741293 0.06931464174454828 0.012437810945273632
0 0.6697819314641744 0.9492537313432836 0.17133956386292834 0.014925373134328358
2 0.9080996884735203 0.9480099502487562 0.05763239875389408 0.012437810945273632
0 0.1292834890965732 0.9539800995024875 0.14330218068535824 0.013432835820895522
2 0.39057632398753894 0.9544776119402985 0.06931464174454828 0.012437810945273632
2 0.905373831775701 0.8149253731343283 0.06619937694704049 0.012935323383084577
2 0.9065420560747663 0.5497512437810945 0.06853582554517133 0.013930348258706468
1 0.24182242990654207 0.3335820895522388 0.36993769470404986 0.0263681592039801
1 0.24221183800623053 0.36144278606965174 0.3707165109034268 0.0263681592039801
1 0.24143302180685358 0.38233830845771144 0.3660436137071651 0.014427860696517412
1 0.24104361370716512 0.41044776119402987 0.36682242990654207 0.011940298507462687
1 0.24143302180685358 0.49527363184079604 0.3629283489096573 0.013432835820895522
0 0.1806853582554517 0.42761194029850746 0.24766355140186916 0.013432835820895522
1 0.24065420560747663 0.43407960199004975 0.367601246105919 0.0263681592039801
1 0.24104361370716512 0.513681592039801 0.36838006230529596 0.013432835820895522
1 0.24338006230529596 0.531592039800995 0.36993769470404986 0.019402985074626865
1 0.7550623052959502 0.3124378109452736 0.36838006230529596 0.027860696517412936
1 0.7550623052959502 0.341044776119403 0.36993769470404986 0.025373134328358207
1 0.7554517133956387 0.3686567164179104 0.367601246105919 0.022885572139303482
1 0.7535046728971962 0.3970149253731343 0.36993769470404986 0.024875621890547265
1 0.7558411214953271 0.41865671641791047 0.36838006230529596 0.014427860696517412
1 0.7546728971962616 0.43955223880597016 0.3660436137071651 0.013432835820895522
1 0.757398753894081 0.5064676616915423 0.36993769470404986 0.024875621890547265
1 0.756619937694704 0.5308457711442786 0.36993769470404986 0.022885572139303482
1 0.756619937694704 0.5562189054726369 0.37305295950155765 0.025870646766169153
1 0.24026479750778817 0.5898009950248756 0.36682242990654207 0.0263681592039801
1 0.23948598130841123 0.6417910447761194 0.36993769470404986 0.022885572139303482
0 0.1662772585669782 0.6109452736318408 0.220404984423676 0.013930348258706468
1 0.24065420560747663 0.6611940298507463 0.367601246105919 0.015920398009950248
1 0.24065420560747663 0.617412935323383 0.3707165109034268 0.026865671641791045
1 0.7535046728971962 0.631094527363184 0.36993769470404986 0.0263681592039801
1 0.757398753894081 0.6559701492537313 0.3652647975077882 0.022388059701492536
1 0.756619937694704 0.6793532338308458 0.36682242990654207 0.022388059701492536
1 0.7570093457943925 0.7044776119402985 0.3660436137071651 0.024875621890547265
1 0.7542834890965732 0.7716417910447761 0.36838006230529596 0.01691542288557214
1 0.7542834890965732 0.7932835820895522 0.3652647975077882 0.02437810945273632
1 0.756619937694704 0.8181592039800994 0.36838006230529596 0.02437810945273632
1 0.7562305295950156 0.8393034825870647 0.367601246105919 0.015920398009950248
1 0.2398753894080997 0.7139303482587065 0.3707165109034268 0.021890547263681594
1 0.24260124610591902 0.7350746268656716 0.36682242990654207 0.021393034825870648
1 0.24143302180685358 0.7584577114427861 0.3660436137071651 0.022388059701492536
1 0.24260124610591902 0.777363184079602 0.36993769470404986 0.013432835820895522
1 0.2441588785046729 0.8029850746268656 0.3652647975077882 0.01890547263681592
1 0.24065420560747663 0.8196517412935324 0.3691588785046729 0.015422885572139304
1 0.24143302180685358 0.8820895522388059 0.3660436137071651 0.024875621890547265
1 0.24376947040498442 0.9097014925373135 0.367601246105919 0.02736318407960199
1 0.24182242990654207 0.9353233830845771 0.36993769470404986 0.025870646766169153
1 0.24065420560747663 0.9604477611940299 0.3644859813084112 0.025373134328358207
1 0.7593457943925234 0.8905472636815921 0.35669781931464173 0.01791044776119403
1 0.7601246105919003 0.917910447761194 0.35514018691588783 0.012935323383084577
1 0.7601246105919003 0.9482587064676616 0.35358255451713394 0.013930348258706468
