0 0.5278864970645792 0.18978605935127674 0.18297455968688844 0.016563146997929608
2 0.8664383561643836 0.18702553485162182 0.03816046966731898 0.013802622498274672
2 0.9300391389432485 0.18771566597653555 0.036203522504892366 0.012422360248447204
0 0.574853228962818 0.21152518978605936 0.2710371819960861 0.015873015873015872
2 0.9295499021526419 0.2111801242236025 0.03718199608610567 0.012422360248447204
0 0.5631115459882583 0.23567977915804003 0.24755381604696672 0.01725327812284334
0 0.5543052837573386 0.26017943409247757 0.22602739726027396 0.01518288474810214
2 0.8664383561643836 0.25948930296756384 0.03816046966731898 0.011042097998619738
2 0.9295499021526419 0.2587991718426501 0.03718199608610567 0.012422360248447204
2 0.8674168297455969 0.2836438923395445 0.036203522504892366 0.012422360248447204
0 0.5313111545988258 0.28433402346445824 0.18395303326810175 0.013802622498274672
2 0.9285714285714286 0.2836438923395445 0.03522504892367906 0.012422360248447204
0 0.5376712328767124 0.3084886128364389 0.19667318982387474 0.01518288474810214
2 0.8679060665362035 0.3084886128364389 0.03718199608610567 0.012422360248447204
0 0.5464774951076321 0.3329882677708765 0.21037181996086105 0.01725327812284334
2 0.8683953033268101 0.3326432022084196 0.03816046966731898 0.011042097998619738
0 0.5900195694716243 0.357487922705314 0.299412915851272 0.022084195997239476
2 0.8698630136986302 0.3564527260179434 0.0410958904109589 0.011732229123533472
0 0.5293542074363993 0.38198757763975155 0.1780821917808219 0.015873015873015872
2 0.8713307240704501 0.3812974465148378 0.04403131115459882 0.011732229123533472
0 0.5215264187866928 0.4051069703243616 0.16046966731898238 0.012422360248447204
2 0.8693737769080235 0.4057971014492754 0.04403131115459882 0.013802622498274672
0 0.5048923679060665 0.42857142857142855 0.12915851272015655 0.012422360248447204
2 0.8644814090019569 0.42926155969634233 0.040117416829745595 0.013802622498274672
2 0.9310176125244618 0.42857142857142855 0.03816046966731898 0.012422360248447204
0 0.16927592954990214 0.5131124913733609 0.25048923679060664 0.015873015873015872
2 0.5631115459882583 0.5100069013112492 0.040117416829745595 0.012422360248447204
2 0.6247553816046967 0.5100069013112492 0.03816046966731898 0.012422360248447204
0 0.2636986301369863 0.5393374741200828 0.4354207436399217 0.02139406487232574
2 0.562133072407045 0.5638371290545203 0.03816046966731898 0.012422360248447204
2 0.62573385518591 0.5638371290545203 0.040117416829745595 0.012422360248447204
0 0.15362035225048923 0.5659075224292616 0.21330724070450097 0.01518288474810214
2 0.562133072407045 0.5914423740510697 0.03816046966731898 0.012422360248447204
2 0.6247553816046967 0.5914423740510697 0.03816046966731898 0.012422360248447204
0 0.17367906066536204 0.5935127674258109 0.2534246575342466 0.01518288474810214
2 0.562133072407045 0.6176673567977916 0.03816046966731898 0.013802622498274672
0 0.14921722113502936 0.6193926846100759 0.20645792563600782 0.01725327812284334
2 0.6247553816046967 0.6183574879227053 0.03816046966731898 0.012422360248447204
0 0.19960861056751467 0.6466528640441684 0.30528375733855184 0.016563146997929608
2 0.62573385518591 0.6445824706694272 0.040117416829745595 0.012422360248447204
0 0.21183953033268102 0.6732229123533471 0.32974559686888455 0.015873015873015872
0 0.7367906066536204 0.7760524499654935 0.19960861056751467 0.020013802622498276
0 0.6829745596868885 0.7998619737750172 0.09197651663405088 0.013802622498274672
2 0.46330724070450097 0.8164251207729468 0.040117416829745595 0.012422360248447204
2 0.5259295499021527 0.8164251207729468 0.036203522504892366 0.012422360248447204
0 0.13356164383561644 0.8188405797101449 0.175146771037182 0.014492753623188406
0 0.6898238747553816 0.8222912353347136 0.10567514677103718 0.01725327812284334
0 0.15459882583170254 0.844375431331953 0.21526418786692758 0.01725327812284334
2 0.46330724070450097 0.8440303657694962 0.040117416829745595 0.012422360248447204
2 0.5259295499021527 0.8440303657694962 0.036203522504892366 0.012422360248447204
0 0.6800391389432485 0.8457556935817805 0.08414872798434442 0.01725327812284334
2 0.46330724070450097 0.8695652173913043 0.040117416829745595 0.012422360248447204
2 0.5259295499021527 0.8702553485162181 0.040117416829745595 0.013802622498274672
0 0.12426614481409001 0.8716356107660456 0.16046966731898238 0.013802622498274672
0 0.6986301369863014 0.8902691511387164 0.12720156555772993 0.016563146997929608
2 0.46330724070450097 0.8971704623878537 0.040117416829745595 0.012422360248447204
2 0.5259295499021527 0.8971704623878537 0.040117416829745595 0.012422360248447204
0 0.1223091976516634 0.8985507246376812 0.15264187866927592 0.012422360248447204
0 0.678082191780822 0.9109730848861284 0.0821917808219178 0.013802622498274672
0 0.09882583170254403 0.9247757073844031 0.11350293542074363 0.016563146997929608
2 0.46330724070450097 0.9227053140096618 0.040117416829745595 0.013802622498274672
2 0.5259295499021527 0.9240855762594893 0.040117416829745595 0.013802622498274672
0 0.6863992172211351 0.9330572808833678 0.10273972602739725 0.013802622498274672
0 0.6810176125244618 0.9568668046928916 0.08806262230919765 0.024154589371980676
2 0.8043052837573386 0.8571428571428571 0.3385518590998043 0.04002760524499655
2 0.9315068493150684 0.4057971014492754 0.03718199608610567 0.012422360248447204
2 0.9300391389432485 0.38164251207729466 0.03816046966731898 0.012422360248447204
2 0.9319960861056752 0.357487922705314 0.03816046966731898 0.012422360248447204
2 0.9310176125244618 0.3326432022084196 0.03816046966731898 0.012422360248447204
2 0.9300391389432485 0.3077984817115252 0.03816046966731898 0.012422360248447204
2 0.8693737769080235 0.23671497584541062 0.03816046966731898 0.013802622498274672
2 0.8664383561643836 0.209799861973775 0.03816046966731898 0.013802622498274672
2 0.9300391389432485 0.23533471359558317 0.03816046966731898 0.013802622498274672
2 0.565068493150685 0.5383022774327122 0.04403131115459882 0.013802622498274672
2 0.6247553816046967 0.538992408557626 0.04403131115459882 0.013802622498274672
2 0.5611545988258317 0.671152518978606 0.040117416829745595 0.014492753623188406
2 0.5640900195694716 0.6442374051069704 0.040117416829745595 0.014492753623188406
1 0.3131115459882583 0.6732229123533471 0.538160469667319 0.015873015873015872
1 0.29549902152641877 0.9254658385093167 0.5048923679060665 0.01518288474810214
1 0.29403131115459885 0.8985507246376812 0.5039138943248532 0.013802622498274672
1 0.2945205479452055 0.8716356107660456 0.50293542074364 0.01518288474810214
1 0.2964774951076321 0.8440303657694962 0.49902152641878667 0.017943409247757072
1 0.2964774951076321 0.8184955141476881 0.49902152641878667 0.013802622498274672
1 0.34686888454011744 0.6463077984817115 0.6037181996086106 0.018633540372670808
1 0.34540117416829746 0.6190476190476191 0.598825831702544 0.017943409247757072
1 0.34686888454011744 0.5938578329882678 0.5978473581213307 0.015873015873015872
1 0.34540117416829746 0.5659075224292616 0.5968688845401174 0.01518288474810214
1 0.3458904109589041 0.5393374741200828 0.601761252446184 0.02139406487232574
1 0.34442270058708413 0.5134575569358178 0.6007827788649707 0.016563146997929608
1 0.6942270058708415 0.42995169082125606 0.5097847358121331 0.01518288474810214
1 0.6947162426614482 0.4051069703243616 0.5107632093933464 0.013802622498274672
1 0.6952054794520548 0.3826777087646653 0.5097847358121331 0.01725327812284334
1 0.6966731898238747 0.3557625948930297 0.5146771037181996 0.018633540372670808
1 0.6966731898238747 0.331608005521049 0.512720156555773 0.015873015873015872
1 0.6961839530332681 0.3081435472739821 0.5136986301369864 0.014492753623188406
1 0.6942270058708415 0.28502415458937197 0.5117416829745597 0.013802622498274672
1 0.6956947162426614 0.25948930296756384 0.5088062622309197 0.013802622498274672
1 0.6942270058708415 0.23464458247066944 0.5136986301369864 0.016563146997929608
1 0.6937377690802349 0.2111801242236025 0.5166340508806262 0.01518288474810214
1 0.6917808219178082 0.18875086266390614 0.512720156555773 0.01725327812284334
0 0.9222113502935421 0.8674948240165632 0.09295499021526418 0.017943409247757072
0 0.8224070450097848 0.8674948240165632 0.09295499021526418 0.017943409247757072
0 0.6746575342465754 0.86783988957902 0.049902152641878667 0.015873015873015872
0 0.737279843444227 0.8668046928916494 0.057729941291585124 0.01518288474810214
2 0.9143835616438356 0.743616287094548 0.0949119373776908 0.043478260869565216
1 0.7798434442270059 0.8481711525189786 0.3953033268101761 0.2525879917184265
