0 0.6026282853566959 0.16944444444444445 0.17897371714643304 0.046296296296296294
2 0.8554443053817271 0.17037037037037037 0.08135168961201501 0.044444444444444446
0 0.6239048811013768 0.225 0.2190237797246558 0.046296296296296294
2 0.8566958698372966 0.22870370370370371 0.07884856070087609 0.03888888888888889
0 0.6420525657071339 0.28703703703703703 0.26282853566958697 0.05185185185185185
2 0.8560700876095119 0.28703703703703703 0.08010012515644556 0.044444444444444446
0 0.6332916145181476 0.34814814814814815 0.24030037546933666 0.04814814814814815
2 0.8566958698372966 0.3472222222222222 0.07884856070087609 0.03888888888888889
0 0.6382978723404256 0.4074074074074074 0.2528160200250313 0.04814814814814815
2 0.8566958698372966 0.4046296296296296 0.07884856070087609 0.03888888888888889
0 0.22090112640801002 0.4564814814814815 0.19899874843554444 0.05
2 0.4130162703379224 0.45740740740740743 0.07509386733416772 0.037037037037037035
0 0.6376720901126408 0.46296296296296297 0.2490613266583229 0.044444444444444446
2 0.8566958698372966 0.4638888888888889 0.07884856070087609 0.04259259259259259
0 0.2002503128911139 0.5037037037037037 0.15769712140175218 0.044444444444444446
2 0.4130162703379224 0.5046296296296297 0.07509386733416772 0.03518518518518519
0 0.6145181476846058 0.5296296296296297 0.20275344180225283 0.05185185185185185
2 0.8566958698372966 0.525 0.07884856070087609 0.03888888888888889
0 0.23591989987484355 0.5472222222222223 0.23654568210262827 0.046296296296296294
2 0.41551939924906134 0.549074074074074 0.07008760951188986 0.03518518518518519
0 0.27471839799749687 0.7481481481481481 0.311639549436796 0.040740740740740744
2 0.5294117647058824 0.7462962962962963 0.07509386733416772 0.037037037037037035
0 0.27409261576971217 0.7935185185185185 0.31038798498122655 0.046296296296296294
2 0.5294117647058824 0.7935185185185185 0.07509386733416772 0.03888888888888889
0 0.23404255319148937 0.8379629629629629 0.23028785982478098 0.046296296296296294
2 0.5294117647058824 0.8361111111111111 0.07759699624530664 0.04259259259259259
0 0.23529411764705882 0.8842592592592593 0.23529411764705882 0.04259259259259259
2 0.5294117647058824 0.8824074074074074 0.07509386733416772 0.03518518518518519
0 0.19712140175219023 0.9268518518518518 0.1639549436795995 0.046296296296296294
0 0.6889862327909887 0.9268518518518518 0.16645807259073842 0.046296296296296294
2 0.9211514392991239 0.925 0.07509386733416772 0.03888888888888889
2 0.5294117647058824 0.9268518518518518 0.07509386733416772 0.03518518518518519
1 0.28660826032540676 0.45555555555555555 0.3304130162703379 0.04814814814814815
1 0.28473091364205255 0.55 0.3316645807259074 0.040740740740740744
1 0.285982478097622 0.5037037037037037 0.32665832290362956 0.044444444444444446
1 0.7040050062578223 0.1675925925925926 0.38423028785982477 0.046296296296296294
1 0.7052565707133918 0.22592592592592592 0.38423028785982477 0.04814814814814815
1 0.7065081351689612 0.2851851851851852 0.3867334167709637 0.05185185185185185
1 0.7052565707133918 0.34814814814814815 0.3867334167709637 0.044444444444444446
1 0.704630788485607 0.40925925925925927 0.3854818523153942 0.05185185185185185
1 0.704630788485607 0.4638888888888889 0.3829787234042553 0.046296296296296294
1 0.7033792240300375 0.5296296296296297 0.3829787234042553 0.04814814814814815
1 0.3429286608260325 0.7481481481481481 0.44806007509386736 0.044444444444444446
1 0.34355444305381727 0.7925925925925926 0.44680851063829785 0.044444444444444446
1 0.34167709637046306 0.8379629629629629 0.4430538172715895 0.046296296296296294
1 0.34105131414267836 0.8842592592592593 0.4518147684605757 0.03888888888888889
1 0.3423028785982478 0.9268518518518518 0.4518147684605757 0.046296296296296294
1 0.7828535669586983 0.9277777777777778 0.3566958698372966 0.044444444444444446
