0 0.085693359375 0.16956521739130434 0.10205078125 0.01939799331103679
2 0.181884765625 0.16956521739130434 0.03662109375 0.01939799331103679
2 0.57568359375 0.16923076923076924 0.0361328125 0.020066889632107024
0 0.459716796875 0.17023411371237457 0.16845703125 0.01939799331103679
2 0.575927734375 0.23745819397993312 0.03564453125 0.020066889632107024
0 0.08642578125 0.23812709030100335 0.1005859375 0.02274247491638796
0 0.778564453125 0.23511705685618728 0.07373046875 0.022073578595317726
0 0.4150390625 0.23779264214046822 0.076171875 0.02073578595317726
0 0.082275390625 0.2973244147157191 0.09521484375 0.016722408026755852
0 0.788330078125 0.30535117056856187 0.09423828125 0.016722408026755852
2 0.5771484375 0.3060200668896321 0.0380859375 0.018060200668896322
2 0.896728515625 0.30535117056856187 0.03466796875 0.016722408026755852
0 0.423828125 0.3066889632107023 0.0966796875 0.01939799331103679
0 0.083740234375 0.3394648829431438 0.09814453125 0.016722408026755852
0 0.79638671875 0.34548494983277594 0.1103515625 0.01939799331103679
2 0.896728515625 0.34548494983277594 0.03466796875 0.015384615384615385
0 0.093505859375 0.38093645484949834 0.11865234375 0.023411371237458192
0 0.76708984375 0.38461538461538464 0.048828125 0.018729096989966554
2 0.896728515625 0.38561872909698997 0.03466796875 0.016722408026755852
0 0.801025390625 0.42642140468227424 0.11669921875 0.016722408026755852
2 0.896728515625 0.42642140468227424 0.03466796875 0.016722408026755852
0 0.7822265625 0.4668896321070234 0.0810546875 0.018729096989966554
2 0.896728515625 0.4668896321070234 0.03466796875 0.01471571906354515
0 0.520263671875 0.4826086956521739 0.10009765625 0.02608695652173913
2 0.648681640625 0.4826086956521739 0.03564453125 0.022073578595317726
0 0.785400390625 0.5066889632107023 0.08544921875 0.016722408026755852
2 0.896728515625 0.5066889632107023 0.03466796875 0.016722408026755852
2 0.398681640625 0.5214046822742475 0.03564453125 0.016722408026755852
0 0.25146484375 0.5224080267558529 0.134765625 0.02140468227424749
2 0.345947265625 0.5836120401337793 0.03466796875 0.016722408026755852
0 0.505126953125 0.5625418060200669 0.06884765625 0.02274247491638796
0 0.841552734375 0.5916387959866221 0.07470703125 0.018060200668896322
2 0.963623046875 0.5923076923076923 0.02783203125 0.016722408026755852
0 0.2314453125 0.5849498327759197 0.0927734375 0.018060200668896322
0 0.858154296875 0.6344481605351171 0.10595703125 0.022073578595317726
2 0.963623046875 0.6337792642140468 0.02783203125 0.016722408026755852
0 0.523193359375 0.6448160535117057 0.10498046875 0.02274247491638796
0 0.7646484375 0.6505016722408027 0.0302734375 0.02608695652173913
0 0.761962890625 0.6668896321070235 0.03564453125 0.009364548494983277
0 0.84130859375 0.6719063545150502 0.072265625 0.018060200668896322
2 0.963623046875 0.6719063545150502 0.02783203125 0.016722408026755852
0 0.82958984375 0.7130434782608696 0.048828125 0.018729096989966554
2 0.963623046875 0.7140468227424749 0.02783203125 0.016722408026755852
0 0.51416015625 0.7254180602006689 0.0869140625 0.023411371237458192
2 0.2353515625 0.751505016722408 0.0341796875 0.016722408026755852
0 0.83544921875 0.7548494983277592 0.060546875 0.016722408026755852
2 0.963623046875 0.7548494983277592 0.02783203125 0.016722408026755852
0 0.107666015625 0.7538461538461538 0.14404296875 0.018729096989966554
0 0.816650390625 0.794314381270903 0.02294921875 0.016722408026755852
2 0.963623046875 0.794314381270903 0.02783203125 0.016722408026755852
0 0.531005859375 0.8046822742474916 0.12353515625 0.02140468227424749
0 0.098876953125 0.8204013377926421 0.12841796875 0.023411371237458192
2 0.2353515625 0.8190635451505017 0.0341796875 0.016722408026755852
0 0.826416015625 0.8361204013377926 0.04248046875 0.018729096989966554
2 0.963623046875 0.8351170568561873 0.02783203125 0.016722408026755852
0 0.7646484375 0.8458193979933111 0.0302734375 0.0274247491638796
0 0.76123046875 0.8635451505016722 0.037109375 0.009364548494983277
0 0.830322265625 0.8779264214046822 0.05224609375 0.02073578595317726
2 0.963623046875 0.8759197324414716 0.02783203125 0.016722408026755852
2 0.2353515625 0.8852842809364548 0.0341796875 0.016722408026755852
0 0.109130859375 0.8836120401337793 0.14697265625 0.020066889632107024
0 0.51708984375 0.8876254180602007 0.0927734375 0.025418060200668897
0 0.839599609375 0.9170568561872909 0.07080078125 0.020066889632107024
2 0.963623046875 0.9153846153846154 0.02783203125 0.016722408026755852
0 0.08837890625 0.9538461538461539 0.107421875 0.02274247491638796
2 0.2353515625 0.9528428093645485 0.0341796875 0.016722408026755852
2 0.229736328125 0.1688963210702341 0.03662109375 0.01939799331103679
2 0.228271484375 0.29866220735785953 0.03662109375 0.01939799331103679
2 0.228759765625 0.23779264214046822 0.03662109375 0.01939799331103679
2 0.180419921875 0.23645484949832776 0.03662109375 0.01939799331103679
2 0.181884765625 0.2993311036789298 0.03662109375 0.01939799331103679
2 0.228271484375 0.34080267558528426 0.03662109375 0.01939799331103679
2 0.180419921875 0.3421404682274248 0.03662109375 0.01939799331103679
2 0.228271484375 0.3822742474916388 0.03662109375 0.01939799331103679
2 0.181396484375 0.3802675585284281 0.03662109375 0.01939799331103679
2 0.647705078125 0.8043478260869565 0.03564453125 0.022073578595317726
2 0.695556640625 0.7247491638795986 0.03564453125 0.022073578595317726
2 0.647705078125 0.7247491638795986 0.03564453125 0.022073578595317726
2 0.695068359375 0.6431438127090301 0.03564453125 0.022073578595317726
2 0.647216796875 0.6431438127090301 0.03564453125 0.022073578595317726
2 0.694580078125 0.5615384615384615 0.03564453125 0.022073578595317726
2 0.647705078125 0.560200668896321 0.03564453125 0.022073578595317726
2 0.696044921875 0.48127090301003345 0.03564453125 0.022073578595317726
2 0.695068359375 0.8852842809364548 0.03564453125 0.022073578595317726
2 0.697021484375 0.8043478260869565 0.03564453125 0.022073578595317726
2 0.649169921875 0.8852842809364548 0.03564453125 0.022073578595317726
2 0.896728515625 0.23612040133779263 0.03564453125 0.020066889632107024
2 0.345947265625 0.5227424749163879 0.03564453125 0.016722408026755852
1 0.141357421875 0.16856187290969898 0.21435546875 0.02140468227424749
1 0.14111328125 0.23745819397993312 0.2109375 0.02274247491638796
1 0.141845703125 0.2973244147157191 0.21240234375 0.02073578595317726
1 0.829833984375 0.305685618729097 0.17529296875 0.020066889632107024
1 0.140869140625 0.38093645484949834 0.21240234375 0.02073578595317726
1 0.142822265625 0.3414715719063545 0.21240234375 0.02073578595317726
1 0.4853515625 0.16989966555183947 0.2177734375 0.020066889632107024
1 0.4853515625 0.3066889632107023 0.2197265625 0.02073578595317726
1 0.485595703125 0.23612040133779263 0.21826171875 0.020066889632107024
1 0.82861328125 0.23511705685618728 0.173828125 0.024749163879598662
1 0.827880859375 0.5070234113712374 0.17529296875 0.017391304347826087
1 0.827880859375 0.4662207357859532 0.17529296875 0.020066889632107024
1 0.828369140625 0.42675585284280937 0.17333984375 0.018729096989966554
1 0.828369140625 0.38461538461538464 0.17529296875 0.020066889632107024
1 0.828857421875 0.3464882943143813 0.17529296875 0.020066889632107024
1 0.300048828125 0.5227424749163879 0.23388671875 0.023411371237458192
1 0.273193359375 0.5839464882943144 0.17822265625 0.018729096989966554
1 0.59228515625 0.4809364548494983 0.2451171875 0.025418060200668897
1 0.14404296875 0.8839464882943144 0.21875 0.01939799331103679
1 0.592529296875 0.8050167224080268 0.24560546875 0.022073578595317726
1 0.5908203125 0.7254180602006689 0.2421875 0.023411371237458192
1 0.591796875 0.6444816053511706 0.244140625 0.022073578595317726
1 0.592529296875 0.88561872909699 0.24365234375 0.026755852842809364
1 0.144775390625 0.7525083612040134 0.22021484375 0.020066889632107024
1 0.143310546875 0.820066889632107 0.22021484375 0.02140468227424749
1 0.146484375 0.9535117056856187 0.22265625 0.02073578595317726
1 0.891357421875 0.5923076923076923 0.17431640625 0.01939799331103679
1 0.890380859375 0.9153846153846154 0.17431640625 0.01939799331103679
1 0.891845703125 0.8792642140468228 0.17431640625 0.01939799331103679
1 0.892822265625 0.837123745819398 0.17431640625 0.01939799331103679
1 0.892333984375 0.7949832775919733 0.17431640625 0.01939799331103679
1 0.890380859375 0.754180602006689 0.17431640625 0.01939799331103679
1 0.892333984375 0.7140468227424749 0.17431640625 0.01939799331103679
1 0.890869140625 0.6719063545150502 0.17431640625 0.01939799331103679
1 0.889892578125 0.6337792642140468 0.17431640625 0.01939799331103679
1 0.591552734375 0.5612040133779265 0.24267578125 0.025418060200668897
0 0.489990234375 0.23511705685618728 0.07666015625 0.02073578595317726
0 0.161865234375 0.9538461538461539 0.04248046875 0.020066889632107024
