0 0.6284219001610306 0.12165242165242166 0.3502415458937198 0.02905982905982906
2 0.8804347826086957 0.1207977207977208 0.0861513687600644 0.023931623931623933
0 0.5966183574879227 0.15156695156695157 0.286634460547504 0.02849002849002849
2 0.8824476650563607 0.15242165242165243 0.0821256038647343 0.022222222222222223
0 0.607487922705314 0.18746438746438746 0.3083735909822866 0.03304843304843305
2 0.8909017713365539 0.18433048433048432 0.06521739130434782 0.021082621082621083
0 0.5531400966183575 0.2774928774928775 0.20128824476650564 0.03076923076923077
2 0.8917069243156199 0.249002849002849 0.06682769726247988 0.022792022792022793
0 0.5567632850241546 0.31196581196581197 0.2037037037037037 0.0245014245014245
2 0.8909017713365539 0.3128205128205128 0.06521739130434782 0.022792022792022793
0 0.5539452495974235 0.34472934472934474 0.19806763285024154 0.023931623931623933
2 0.8917069243156199 0.3452991452991453 0.06360708534621579 0.022792022792022793
0 0.5128824476650563 0.37635327635327637 0.12399355877616747 0.02564102564102564
2 0.8917069243156199 0.3769230769230769 0.06360708534621579 0.021082621082621083
0 0.5100644122383253 0.40826210826210824 0.11674718196457327 0.0245014245014245
2 0.8909017713365539 0.4096866096866097 0.06521739130434782 0.021652421652421653
0 0.5289855072463768 0.44017094017094016 0.15136876006441224 0.02564102564102564
2 0.8917069243156199 0.44074074074074077 0.06360708534621579 0.021082621082621083
0 0.5253623188405797 0.4720797720797721 0.14412238325281804 0.0245014245014245
2 0.8909017713365539 0.4735042735042735 0.06521739130434782 0.021652421652421653
0 0.14895330112721417 0.6538461538461539 0.1642512077294686 0.02564102564102564
2 0.4782608695652174 0.6558404558404558 0.04669887278582931 0.021652421652421653
0 0.11231884057971014 0.6894586894586895 0.09098228663446055 0.02621082621082621
2 0.47020933977455714 0.6883190883190883 0.06280193236714976 0.021652421652421653
2 0.47020933977455714 0.7193732193732194 0.06280193236714976 0.021082621082621083
0 0.10225442834138486 0.7222222222222222 0.07568438003220612 0.02678062678062678
2 0.47020933977455714 0.7515669515669515 0.06280193236714976 0.022792022792022793
0 0.10748792270531402 0.7521367521367521 0.07809983896940419 0.021652421652421653
2 0.43719806763285024 0.7834757834757835 0.12721417069243157 0.02621082621082621
0 0.14049919484702095 0.7846153846153846 0.14895330112721417 0.02621082621082621
0 0.12962962962962962 0.815954415954416 0.12238325281803543 0.021652421652421653
2 0.4351851851851852 0.8153846153846154 0.12962962962962962 0.022792022792022793
2 0.4227053140096618 0.8472934472934472 0.15619967793880837 0.02735042735042735
0 0.1461352657004831 0.8504273504273504 0.15539452495974235 0.02564102564102564
2 0.4351851851851852 0.8789173789173789 0.12962962962962962 0.02564102564102564
0 0.11876006441223833 0.8797720797720797 0.10064412238325282 0.021652421652421653
1 0.6900161030595813 0.1207977207977208 0.46859903381642515 0.02962962962962963
1 0.6892109500805152 0.15071225071225072 0.47020933977455714 0.03247863247863248
1 0.6912238325281803 0.40683760683760684 0.4726247987117552 0.02962962962962963
1 0.6876006441223832 0.31168091168091167 0.4750402576489533 0.02962962962962963
1 0.6896135265700483 0.201994301994302 0.4758454106280193 0.062108262108262105
1 0.6928341384863124 0.26866096866096867 0.4758454106280193 0.062108262108262105
1 0.28502415458937197 0.6547008547008547 0.44605475040257647 0.02962962962962963
1 0.6904186795491143 0.3737891737891738 0.4726247987117552 0.02962962962962963
1 0.6880032206119162 0.3435897435897436 0.4726247987117552 0.02962962962962963
1 0.6936392914653784 0.4393162393162393 0.4726247987117552 0.02962962962962963
1 0.6896135265700483 0.4717948717948718 0.4726247987117552 0.02962962962962963
1 0.28502415458937197 0.8148148148148148 0.44605475040257647 0.02962962962962963
1 0.28743961352657005 0.7851851851851852 0.44605475040257647 0.02962962962962963
1 0.286634460547504 0.7532763532763532 0.44605475040257647 0.02962962962962963
1 0.2882447665056361 0.7207977207977208 0.44605475040257647 0.02962962962962963
1 0.28180354267310787 0.6871794871794872 0.44605475040257647 0.02962962962962963
1 0.28180354267310787 0.8792022792022792 0.44605475040257647 0.02962962962962963
1 0.285829307568438 0.8472934472934472 0.44605475040257647 0.02962962962962963
0 0.607487922705314 0.24843304843304842 0.3083735909822866 0.03304843304843305
0 0.5515297906602254 0.2153846153846154 0.20128824476650564 0.03076923076923077
