0 0.8267361111111111 0.1969835466179159 0.08263888888888889 0.033820840950639856
2 0.23958333333333334 0.20155393053016454 0.034722222222222224 0.022851919561243144
0 0.10138888888888889 0.20338208409506398 0.07083333333333333 0.0283363802559415
0 0.8177083333333334 0.23217550274223034 0.07013888888888889 0.03290676416819013
2 0.23819444444444443 0.2362888482632541 0.0375 0.026508226691042046
0 0.1 0.2362888482632541 0.0625 0.024680073126142597
0 0.8225694444444445 0.2655393053016453 0.07708333333333334 0.03016453382084095
2 0.23854166666666668 0.27285191956124316 0.03819444444444445 0.0283363802559415
0 0.09826388888888889 0.2710237659963437 0.06319444444444444 0.024680073126142597
0 0.8135416666666667 0.30118829981718465 0.05625 0.03016453382084095
2 0.23854166666666668 0.30575868372943327 0.035416666666666666 0.024680073126142597
0 0.09340277777777778 0.3075868372943327 0.050694444444444445 0.024680073126142597
0 0.8131944444444444 0.33455210237659966 0.0625 0.03290676416819013
2 0.23854166666666668 0.34049360146252283 0.03680555555555556 0.026508226691042046
0 0.09444444444444444 0.3386654478976234 0.05694444444444444 0.022851919561243144
0 0.8118055555555556 0.36745886654478976 0.058333333333333334 0.025594149908592323
2 0.23854166666666668 0.37477148080438755 0.035416666666666666 0.025594149908592323
2 0.4465277777777778 0.3852833638025594 0.0375 0.026508226691042046
0 0.11145833333333334 0.37614259597806216 0.08819444444444445 0.026508226691042046
0 0.34270833333333334 0.3857404021937843 0.04097222222222222 0.029250457038391225
0 0.5517361111111111 0.3944241316270567 0.04791666666666667 0.033820840950639856
0 0.8170138888888889 0.4053930530164534 0.06319444444444444 0.03016453382084095
2 0.44722222222222224 0.420018281535649 0.03611111111111111 0.0283363802559415
0 0.3420138888888889 0.4218464351005484 0.04097222222222222 0.0283363802559415
0 0.5541666666666667 0.42778793418647165 0.05 0.02376599634369287
0 0.8083333333333333 0.4382998171846435 0.05416666666666667 0.031992687385740404
2 0.4479166666666667 0.4547531992687386 0.0375 0.026508226691042046
2 0.23923611111111112 0.45018281535648996 0.03819444444444445 0.0283363802559415
0 0.3434027777777778 0.4556672760511883 0.04097222222222222 0.03016453382084095
0 0.5444444444444444 0.4593235831809872 0.034722222222222224 0.022851919561243144
0 0.08819444444444445 0.45109689213893966 0.041666666666666664 0.0283363802559415
0 0.8045138888888889 0.476691042047532 0.04236111111111111 0.033820840950639856
2 0.4486111111111111 0.48948811700182815 0.034722222222222224 0.024680073126142597
2 0.23958333333333334 0.48583180987202923 0.0375 0.026508226691042046
0 0.3402777777777778 0.4922303473491773 0.034722222222222224 0.03016453382084095
0 0.5663194444444445 0.49405850091407677 0.07569444444444444 0.031992687385740404
0 0.10173611111111111 0.48583180987202923 0.06736111111111111 0.0283363802559415
2 0.44930555555555557 0.523308957952468 0.03611111111111111 0.024680073126142597
0 0.3545138888888889 0.5260511882998172 0.06041666666666667 0.03016453382084095
0 0.5631944444444444 0.5306215722120659 0.06805555555555555 0.022851919561243144
2 0.22465277777777778 0.5594149908592322 0.06736111111111111 0.03473491773308958
0 0.5451388888888888 0.5648994515539305 0.030555555555555555 0.021937842778793418
0 0.10173611111111111 0.5589579524680073 0.06597222222222222 0.03016453382084095
2 0.45069444444444445 0.5973491773308958 0.0375 0.0283363802559415
2 0.22743055555555555 0.5964351005484461 0.05347222222222222 0.033820840950639856
0 0.5555555555555556 0.600091407678245 0.05 0.022851919561243144
0 0.3486111111111111 0.600091407678245 0.04861111111111111 0.03016453382084095
0 0.09027777777777778 0.5946069469835467 0.043055555555555555 0.031992687385740404
2 0.9159722222222222 0.6307129798903108 0.03888888888888889 0.029250457038391225
0 0.8270833333333333 0.6307129798903108 0.08055555555555556 0.03290676416819013
2 0.4513888888888889 0.6329981718464351 0.034722222222222224 0.024680073126142597
0 0.5690972222222223 0.6339122486288848 0.07569444444444444 0.0283363802559415
2 0.23159722222222223 0.6288848263254113 0.05486111111111111 0.025594149908592323
0 0.34618055555555555 0.6329981718464351 0.04097222222222222 0.024680073126142597
0 0.09131944444444444 0.6275137111517367 0.04236111111111111 0.024680073126142597
2 0.4517361111111111 0.6686471663619744 0.03819444444444445 0.0283363802559415
0 0.5552083333333333 0.6695612431444241 0.04791666666666667 0.022851919561243144
2 0.24097222222222223 0.6636197440585009 0.034722222222222224 0.025594149908592323
0 0.3611111111111111 0.6709323583180987 0.07083333333333333 0.031078610603290677
0 0.078125 0.6631627056672761 0.021527777777777778 0.022851919561243144
0 0.8243055555555555 0.7020109689213894 0.0763888888888889 0.031078610603290677
0 0.5722222222222222 0.7038391224862889 0.07916666666666666 0.029250457038391225
0 0.5670138888888889 0.8135283363802559 0.07569444444444444 0.029250457038391225
2 0.4510416666666667 0.823126142595978 0.035416666666666666 0.024680073126142597
0 0.34618055555555555 0.823126142595978 0.04375 0.024680073126142597
0 0.5645833333333333 0.8496343692870201 0.07222222222222222 0.024680073126142597
2 0.45069444444444445 0.8578610603290676 0.03611111111111111 0.024680073126142597
0 0.3440972222222222 0.8583180987202925 0.03680555555555556 0.021937842778793418
0 0.5815972222222222 0.886654478976234 0.10069444444444445 0.03290676416819013
2 0.45069444444444445 0.8916819012797075 0.0375 0.0283363802559415
0 0.3420138888888889 0.893510054844607 0.03819444444444445 0.0283363802559415
1 0.16180555555555556 0.20292504570383912 0.19305555555555556 0.027422303473491772
1 0.16180555555555556 0.2376599634369287 0.18888888888888888 0.027422303473491772
1 0.16180555555555556 0.2687385740402194 0.19305555555555556 0.027422303473491772
1 0.16041666666666668 0.3080438756855576 0.19305555555555556 0.027422303473491772
1 0.16041666666666668 0.3382084095063985 0.19305555555555556 0.027422303473491772
1 0.16180555555555556 0.37522851919561245 0.19166666666666668 0.024680073126142597
1 0.16354166666666667 0.4853747714808044 0.19236111111111112 0.027422303473491772
1 0.16284722222222223 0.5589579524680073 0.1909722222222222 0.031992687385740404
1 0.16354166666666667 0.4506398537477148 0.19236111111111112 0.027422303473491772
1 0.1642361111111111 0.5936928702010968 0.1909722222222222 0.031992687385740404
1 0.1638888888888889 0.6284277879341865 0.19027777777777777 0.026508226691042046
1 0.16041666666666668 0.6636197440585009 0.18888888888888888 0.025594149908592323
1 0.39444444444444443 0.3852833638025594 0.14305555555555555 0.0283363802559415
1 0.39375 0.42138939670932357 0.14444444444444443 0.031078610603290677
1 0.3951388888888889 0.45612431444241314 0.14444444444444443 0.031078610603290677
1 0.39444444444444443 0.4926873857404022 0.14444444444444443 0.031078610603290677
1 0.39652777777777776 0.5255941499085923 0.14444444444444443 0.031078610603290677
1 0.3958333333333333 0.5996343692870201 0.14444444444444443 0.031078610603290677
1 0.3972222222222222 0.6325411334552102 0.14444444444444443 0.031078610603290677
1 0.3972222222222222 0.6681901279707495 0.14444444444444443 0.031078610603290677
1 0.39618055555555554 0.823583180987203 0.1451388888888889 0.027422303473491772
1 0.396875 0.8574040219378428 0.1451388888888889 0.027422303473491772
1 0.39618055555555554 0.8930530164533821 0.1451388888888889 0.027422303473491772
2 0.7006944444444444 0.39259597806215724 0.03611111111111111 0.024680073126142597
2 0.65625 0.39351005484460694 0.03611111111111111 0.024680073126142597
2 0.6569444444444444 0.4264168190127971 0.03611111111111111 0.024680073126142597
2 0.6986111111111111 0.5644424131627057 0.03611111111111111 0.024680073126142597
2 0.6569444444444444 0.5315356489945156 0.03611111111111111 0.024680073126142597
2 0.6986111111111111 0.5315356489945156 0.03611111111111111 0.024680073126142597
2 0.6993055555555555 0.496800731261426 0.03611111111111111 0.024680073126142597
2 0.6576388888888889 0.496800731261426 0.03611111111111111 0.024680073126142597
2 0.6569444444444444 0.46115173674588666 0.03611111111111111 0.024680073126142597
2 0.7 0.4638939670932358 0.03611111111111111 0.024680073126142597
2 0.7006944444444444 0.42915904936014626 0.03611111111111111 0.024680073126142597
2 0.6541666666666667 0.6384826325411335 0.03611111111111111 0.024680073126142597
2 0.6993055555555555 0.6403107861060329 0.03611111111111111 0.024680073126142597
2 0.6986111111111111 0.6037477148080439 0.03611111111111111 0.024680073126142597
2 0.6541666666666667 0.6028336380255942 0.03611111111111111 0.024680073126142597
2 0.6555555555555556 0.5644424131627057 0.03611111111111111 0.024680073126142597
2 0.6993055555555555 0.7052102376599635 0.03611111111111111 0.024680073126142597
2 0.6993055555555555 0.673217550274223 0.03611111111111111 0.024680073126142597
2 0.6534722222222222 0.673217550274223 0.03611111111111111 0.024680073126142597
2 0.6541666666666667 0.7061243144424132 0.03611111111111111 0.024680073126142597
2 0.6555555555555556 0.81672760511883 0.03611111111111111 0.024680073126142597
2 0.7 0.8158135283363802 0.03611111111111111 0.024680073126142597
2 0.7 0.8514625228519196 0.03611111111111111 0.024680073126142597
2 0.6986111111111111 0.8871115173674589 0.03611111111111111 0.024680073126142597
2 0.6555555555555556 0.8514625228519196 0.03611111111111111 0.024680073126142597
2 0.65625 0.8852833638025595 0.03611111111111111 0.024680073126142597
1 0.6232638888888888 0.3944241316270567 0.19236111111111112 0.031992687385740404
1 0.6215277777777778 0.6339122486288848 0.18333333333333332 0.03016453382084095
1 0.6239583333333333 0.49497257769652653 0.19236111111111112 0.031992687385740404
1 0.6246527777777777 0.7042961608775137 0.18680555555555556 0.031992687385740404
1 0.6229166666666667 0.4282449725776965 0.19444444444444445 0.026508226691042046
1 0.6232638888888888 0.5306215722120659 0.18958333333333333 0.026508226691042046
1 0.6229166666666667 0.4593235831809872 0.19166666666666668 0.0283363802559415
1 0.6246527777777777 0.670018281535649 0.18680555555555556 0.025594149908592323
1 0.6229166666666667 0.600091407678245 0.18611111111111112 0.026508226691042046
1 0.6229166666666667 0.5648994515539305 0.18472222222222223 0.025594149908592323
1 0.6239583333333333 0.8861974405850092 0.18680555555555556 0.031992687385740404
1 0.6236111111111111 0.8510054844606947 0.19305555555555556 0.027422303473491772
1 0.6239583333333333 0.8135283363802559 0.18958333333333333 0.029250457038391225
2 0.9194444444444444 0.19469835466179158 0.030555555555555555 0.029250457038391225
2 0.9201388888888888 0.226691042047532 0.030555555555555555 0.029250457038391225
1 0.859375 0.1956124314442413 0.15069444444444444 0.03290676416819013
2 0.91875 0.263254113345521 0.030555555555555555 0.029250457038391225
2 0.91875 0.2979890310786106 0.030555555555555555 0.029250457038391225
2 0.9194444444444444 0.33089579524680074 0.030555555555555555 0.029250457038391225
2 0.91875 0.36654478976234006 0.030555555555555555 0.029250457038391225
2 0.91875 0.40219378427787933 0.030555555555555555 0.029250457038391225
2 0.9180555555555555 0.4369287020109689 0.030555555555555555 0.029250457038391225
2 0.9180555555555555 0.4744058500914077 0.030555555555555555 0.029250457038391225
1 0.8572916666666667 0.3336380255941499 0.15069444444444444 0.03290676416819013
1 0.8611111111111112 0.2993601462522852 0.1527777777777778 0.03016453382084095
1 0.8607638888888889 0.26508226691042047 0.15069444444444444 0.03290676416819013
1 0.8604166666666667 0.22851919561243145 0.15138888888888888 0.03290676416819013
1 0.8579861111111111 0.3670018281535649 0.15069444444444444 0.026508226691042046
1 0.8586805555555556 0.4053930530164534 0.14930555555555555 0.03016453382084095
1 0.8579861111111111 0.4405850091407678 0.15069444444444444 0.03290676416819013
1 0.8579861111111111 0.4753199268738574 0.15069444444444444 0.03290676416819013
2 0.9166666666666666 0.7010968921389397 0.03888888888888889 0.029250457038391225
1 0.8614583333333333 0.6302559414990859 0.15208333333333332 0.031992687385740404
1 0.8614583333333333 0.7029250457038391 0.15208333333333332 0.03290676416819013
