0 0.12407407407407407 0.16875 0.12222222222222222 0.016666666666666666
2 0.31203703703703706 0.1703125 0.046296296296296294 0.013541666666666667
0 0.7787037037037037 0.17239583333333333 0.12407407407407407 0.017708333333333333
0 0.48333333333333334 0.1734375 0.2074074074074074 0.015625
2 0.9212962962962963 0.17239583333333333 0.046296296296296294 0.013541666666666667
2 0.6444444444444445 0.1734375 0.044444444444444446 0.013541666666666667
0 0.1037037037037037 0.18697916666666667 0.08518518518518518 0.017708333333333333
2 0.31296296296296294 0.1890625 0.044444444444444446 0.013541666666666667
0 0.462037037037037 0.19114583333333332 0.1648148148148148 0.015625
0 0.7638888888888888 0.19010416666666666 0.09444444444444444 0.013541666666666667
2 0.9212962962962963 0.19010416666666666 0.046296296296296294 0.013541666666666667
2 0.6435185185185185 0.19114583333333332 0.046296296296296294 0.013541666666666667
0 0.11203703703703703 0.20625 0.10185185185185185 0.014583333333333334
2 0.31203703703703706 0.20677083333333332 0.046296296296296294 0.013541666666666667
0 0.7638888888888888 0.20885416666666667 0.09444444444444444 0.015625
2 0.9212962962962963 0.20885416666666667 0.046296296296296294 0.015625
0 0.4981481481481482 0.20989583333333334 0.23703703703703705 0.017708333333333333
0 0.11018518518518519 0.2234375 0.09814814814814815 0.013541666666666667
2 0.31203703703703706 0.22447916666666667 0.046296296296296294 0.013541666666666667
0 0.47962962962962963 0.22864583333333333 0.2 0.017708333333333333
0 0.7425925925925926 0.22760416666666666 0.05925925925925926 0.013541666666666667
2 0.9212962962962963 0.22760416666666666 0.046296296296296294 0.013541666666666667
2 0.6453703703703704 0.22864583333333333 0.046296296296296294 0.013541666666666667
0 0.17314814814814813 0.24270833333333333 0.22407407407407406 0.016666666666666666
0 0.7648148148148148 0.2453125 0.1 0.017708333333333333
2 0.9212962962962963 0.24635416666666668 0.046296296296296294 0.015625
0 0.49537037037037035 0.24739583333333334 0.23148148148148148 0.017708333333333333
0 0.1685185185185185 0.2625 0.21481481481481482 0.016666666666666666
0 0.48703703703703705 0.26614583333333336 0.21481481481481482 0.017708333333333333
0 0.8055555555555556 0.265625 0.1814814814814815 0.020833333333333332
0 0.14722222222222223 0.28229166666666666 0.17222222222222222 0.01875
2 0.3138888888888889 0.28020833333333334 0.04259259259259259 0.014583333333333334
0 0.7657407407407407 0.2838541666666667 0.09814814814814815 0.015625
0 0.48148148148148145 0.28541666666666665 0.2 0.016666666666666666
2 0.6435185185185185 0.28489583333333335 0.046296296296296294 0.013541666666666667
2 0.9212962962962963 0.28489583333333335 0.046296296296296294 0.013541666666666667
0 0.13425925925925927 0.2989583333333333 0.1425925925925926 0.016666666666666666
2 0.31296296296296294 0.2984375 0.044444444444444446 0.013541666666666667
0 0.4824074074074074 0.30520833333333336 0.20555555555555555 0.01875
2 0.6453703703703704 0.3026041666666667 0.046296296296296294 0.013541666666666667
0 0.13333333333333333 0.3171875 0.14444444444444443 0.015625
2 0.31203703703703706 0.3171875 0.046296296296296294 0.015625
0 0.45185185185185184 0.3223958333333333 0.14444444444444443 0.017708333333333333
2 0.6444444444444445 0.32135416666666666 0.04814814814814815 0.015625
0 0.1675925925925926 0.3375 0.21296296296296297 0.016666666666666666
0 0.775 0.39010416666666664 0.12407407407407407 0.017708333333333333
2 0.31203703703703706 0.38958333333333334 0.046296296296296294 0.014583333333333334
2 0.9212962962962963 0.3890625 0.046296296296296294 0.013541666666666667
0 0.125 0.3927083333333333 0.12407407407407407 0.01875
0 0.4787037037037037 0.39375 0.20555555555555555 0.016666666666666666
2 0.6370370370370371 0.39375 0.05925925925925926 0.014583333333333334
0 0.7759259259259259 0.4083333333333333 0.1259259259259259 0.016666666666666666
2 0.9212962962962963 0.40729166666666666 0.046296296296296294 0.014583333333333334
2 0.31296296296296294 0.4078125 0.044444444444444446 0.013541666666666667
0 0.1361111111111111 0.4109375 0.1425925925925926 0.015625
0 0.4462962962962963 0.41302083333333334 0.14074074074074075 0.019791666666666666
2 0.637962962962963 0.4119791666666667 0.05740740740740741 0.013541666666666667
0 0.7861111111111111 0.4270833333333333 0.14629629629629629 0.01875
0 0.1361111111111111 0.4276041666666667 0.14629629629629629 0.017708333333333333
2 0.9212962962962963 0.4265625 0.046296296296296294 0.013541666666666667
2 0.31296296296296294 0.4276041666666667 0.044444444444444446 0.013541666666666667
0 0.42407407407407405 0.43072916666666666 0.09259259259259259 0.013541666666666667
2 0.6370370370370371 0.43125 0.05925925925925926 0.014583333333333334
0 0.7935185185185185 0.44635416666666666 0.16111111111111112 0.017708333333333333
2 0.9212962962962963 0.44479166666666664 0.046296296296296294 0.014583333333333334
0 0.13703703703703704 0.44635416666666666 0.14444444444444443 0.015625
2 0.31296296296296294 0.4453125 0.044444444444444446 0.013541666666666667
0 0.4564814814814815 0.4510416666666667 0.1574074074074074 0.01875
2 0.6370370370370371 0.44947916666666665 0.05925925925925926 0.013541666666666667
0 0.1388888888888889 0.4671875 0.14074074074074075 0.017708333333333333
2 0.31296296296296294 0.46510416666666665 0.044444444444444446 0.013541666666666667
2 0.31203703703703706 0.48385416666666664 0.046296296296296294 0.015625
0 0.13703703703703704 0.4859375 0.14444444444444443 0.015625
0 0.11296296296296296 0.6494791666666667 0.17777777777777778 0.013541666666666667
0 0.4287037037037037 0.6505208333333333 0.1537037037037037 0.017708333333333333
2 0.6342592592592593 0.6489583333333333 0.04259259259259259 0.0125
2 0.27870370370370373 0.6494791666666667 0.04259259259259259 0.013541666666666667
0 0.774074074074074 0.65 0.1037037037037037 0.016666666666666666
2 0.9601851851851851 0.65 0.03888888888888889 0.010416666666666666
0 0.1037037037037037 0.6671875 0.16296296296296298 0.015625
2 0.9574074074074074 0.6661458333333333 0.044444444444444446 0.013541666666666667
0 0.27870370370370373 0.6682291666666667 0.04259259259259259 0.013541666666666667
0 0.4583333333333333 0.66875 0.20925925925925926 0.014583333333333334
2 0.6342592592592593 0.6682291666666667 0.04259259259259259 0.013541666666666667
0 0.75 0.66875 0.05925925925925926 0.014583333333333334
0 0.787962962962963 0.6848958333333334 0.12777777777777777 0.013541666666666667
0 0.09907407407407408 0.6875 0.1537037037037037 0.016666666666666666
0 0.27870370370370373 0.6859375 0.04259259259259259 0.013541666666666667
0 0.4398148148148148 0.6895833333333333 0.1685185185185185 0.016666666666666666
2 0.6342592592592593 0.6869791666666667 0.04259259259259259 0.013541666666666667
0 0.09444444444444444 0.7046875 0.14074074074074075 0.017708333333333333
2 0.9574074074074074 0.7020833333333333 0.044444444444444446 0.0125
0 0.27870370370370373 0.7036458333333333 0.04259259259259259 0.013541666666666667
0 0.7444444444444445 0.7036458333333333 0.040740740740740744 0.013541666666666667
0 0.43703703703703706 0.7083333333333334 0.16666666666666666 0.016666666666666666
2 0.6342592592592593 0.7067708333333333 0.04259259259259259 0.013541666666666667
0 0.7648148148148148 0.7208333333333333 0.08888888888888889 0.016666666666666666
0 0.12222222222222222 0.7213541666666666 0.2 0.015625
2 0.9592592592592593 0.7197916666666667 0.040740740740740744 0.0125
0 0.27870370370370373 0.7223958333333333 0.04259259259259259 0.013541666666666667
0 0.4398148148148148 0.7265625 0.17592592592592593 0.015625
2 0.6351851851851852 0.7260416666666667 0.040740740740740744 0.010416666666666666
0 0.7935185185185185 0.7390625 0.13148148148148148 0.013541666666666667
2 0.9574074074074074 0.7369791666666666 0.044444444444444446 0.013541666666666667
0 0.27870370370370373 0.7401041666666667 0.04259259259259259 0.013541666666666667
0 0.09814814814814815 0.7421875 0.14814814814814814 0.015625
2 0.6342592592592593 0.7447916666666666 0.04259259259259259 0.0125
0 0.43333333333333335 0.746875 0.15555555555555556 0.016666666666666666
0 0.7768518518518519 0.7552083333333334 0.10925925925925926 0.014583333333333334
2 0.9574074074074074 0.7557291666666667 0.044444444444444446 0.013541666666666667
0 0.12222222222222222 0.759375 0.2037037037037037 0.016666666666666666
0 0.27870370370370373 0.7578125 0.04259259259259259 0.013541666666666667
0 0.43333333333333335 0.7645833333333333 0.15925925925925927 0.014583333333333334
2 0.6342592592592593 0.7640625 0.04259259259259259 0.013541666666666667
0 0.774074074074074 0.7723958333333333 0.1 0.013541666666666667
2 0.9574074074074074 0.7729166666666667 0.044444444444444446 0.0125
0 0.27870370370370373 0.7765625 0.04259259259259259 0.013541666666666667
0 0.09814814814814815 0.778125 0.14814814814814814 0.014583333333333334
0 0.48055555555555557 0.784375 0.2537037037037037 0.016666666666666666
0 0.10740740740740741 0.7953125 0.17407407407407408 0.021875
0 0.27870370370370373 0.7942708333333334 0.04259259259259259 0.013541666666666667
0 0.27870370370370373 0.8119791666666667 0.04259259259259259 0.013541666666666667
0 0.0787037037037037 0.8130208333333333 0.11296296296296296 0.011458333333333333
0 0.7953703703703704 0.8234375 0.1425925925925926 0.013541666666666667
2 0.9518518518518518 0.8244791666666667 0.05555555555555555 0.013541666666666667
0 0.27685185185185185 0.8307291666666666 0.046296296296296294 0.013541666666666667
0 0.10277777777777777 0.8317708333333333 0.1574074074074074 0.013541666666666667
0 0.462037037037037 0.8385416666666666 0.22037037037037038 0.016666666666666666
2 0.6296296296296297 0.8369791666666667 0.044444444444444446 0.013541666666666667
0 0.7888888888888889 0.840625 0.12962962962962962 0.014583333333333334
2 0.9564814814814815 0.8411458333333334 0.046296296296296294 0.013541666666666667
0 0.45092592592592595 0.8640625 0.20185185185185187 0.030208333333333334
2 0.6296296296296297 0.8567708333333334 0.044444444444444446 0.013541666666666667
0 0.7712962962962963 0.8588541666666667 0.10185185185185185 0.015625
2 0.9574074074074074 0.8578125 0.044444444444444446 0.013541666666666667
2 0.9638888888888889 0.8739583333333333 0.03148148148148148 0.0125
0 0.7861111111111111 0.8770833333333333 0.12777777777777777 0.016666666666666666
0 0.10092592592592593 0.8802083333333334 0.1537037037037037 0.016666666666666666
2 0.2796296296296296 0.8791666666666667 0.044444444444444446 0.016666666666666666
2 0.9638888888888889 0.890625 0.03148148148148148 0.0125
0 0.4287037037037037 0.89375 0.16111111111111112 0.014583333333333334
2 0.6296296296296297 0.8932291666666666 0.044444444444444446 0.013541666666666667
0 0.7953703703703704 0.8942708333333333 0.15 0.013541666666666667
0 0.07962962962962963 0.8953125 0.1111111111111111 0.013541666666666667
2 0.27870370370370373 0.8973958333333333 0.04259259259259259 0.013541666666666667
2 0.9574074074074074 0.9067708333333333 0.044444444444444446 0.013541666666666667
0 0.4185185185185185 0.9125 0.13703703703703704 0.016666666666666666
2 0.6296296296296297 0.9109375 0.044444444444444446 0.013541666666666667
0 0.7675925925925926 0.9109375 0.08703703703703704 0.013541666666666667
0 0.07777777777777778 0.9130208333333333 0.10740740740740741 0.013541666666666667
2 0.27870370370370373 0.9151041666666667 0.04259259259259259 0.013541666666666667
2 0.9638888888888889 0.9239583333333333 0.03148148148148148 0.0125
0 0.3925925925925926 0.9291666666666667 0.08518518518518518 0.016666666666666666
2 0.6314814814814815 0.928125 0.04814814814814815 0.014583333333333334
0 0.775 0.9286458333333333 0.10185185185185185 0.013541666666666667
0 0.10277777777777777 0.9307291666666667 0.1574074074074074 0.015625
2 0.27870370370370373 0.9328125 0.04259259259259259 0.013541666666666667
0 0.11666666666666667 0.9494791666666667 0.18888888888888888 0.017708333333333333
2 0.27870370370370373 0.9515625 0.04259259259259259 0.013541666666666667
0 0.08055555555555556 0.9661458333333334 0.12037037037037036 0.017708333333333333
2 0.27870370370370373 0.9692708333333333 0.04259259259259259 0.013541666666666667
0 0.09259259259259259 0.9833333333333333 0.14074074074074075 0.016666666666666666
0 0.4462962962962963 0.9875 0.18888888888888888 0.016666666666666666
0 0.7731481481481481 0.9864583333333333 0.10555555555555556 0.014583333333333334
2 0.6342592592592593 0.9869791666666666 0.04259259259259259 0.013541666666666667
2 0.9629629629629629 0.9880208333333333 0.03333333333333333 0.011458333333333333
2 0.3175925925925926 0.2630208333333333 0.046296296296296294 0.013541666666666667
2 0.3138888888888889 0.24427083333333333 0.046296296296296294 0.013541666666666667
2 0.3138888888888889 0.33645833333333336 0.046296296296296294 0.014583333333333334
2 0.6472222222222223 0.2109375 0.046296296296296294 0.013541666666666667
2 0.6462962962962963 0.2671875 0.04814814814814815 0.015625
2 0.6462962962962963 0.24739583333333334 0.04814814814814815 0.015625
2 0.9268518518518518 0.26614583333333336 0.046296296296296294 0.013541666666666667
1 0.19814814814814816 0.16875 0.2777777777777778 0.01875
1 0.2 0.20572916666666666 0.2777777777777778 0.015625
1 0.19722222222222222 0.22239583333333332 0.2796296296296296 0.017708333333333333
1 0.19722222222222222 0.29791666666666666 0.2759259259259259 0.016666666666666666
1 0.1962962962962963 0.28020833333333334 0.2777777777777778 0.01875
1 0.2 0.2604166666666667 0.2777777777777778 0.01875
1 0.2 0.24270833333333333 0.2777777777777778 0.01875
1 0.19722222222222222 0.31614583333333335 0.2796296296296296 0.015625
1 0.19814814814814816 0.33645833333333336 0.2777777777777778 0.01875
1 0.2 0.1875 0.2777777777777778 0.01875
1 0.5222222222222223 0.17239583333333333 0.28888888888888886 0.017708333333333333
1 0.5222222222222223 0.20885416666666667 0.28888888888888886 0.017708333333333333
1 0.5222222222222223 0.19010416666666666 0.28888888888888886 0.017708333333333333
1 0.524074074074074 0.3223958333333333 0.28888888888888886 0.017708333333333333
1 0.5222222222222223 0.24635416666666668 0.28888888888888886 0.017708333333333333
1 0.524074074074074 0.24635416666666668 0.28888888888888886 0.017708333333333333
1 0.5222222222222223 0.2640625 0.28888888888888886 0.017708333333333333
1 0.5222222222222223 0.3026041666666667 0.28888888888888886 0.017708333333333333
1 0.5231481481481481 0.28489583333333335 0.28703703703703703 0.017708333333333333
1 0.5203703703703704 0.22760416666666666 0.28888888888888886 0.017708333333333333
1 0.8333333333333334 0.18958333333333333 0.23333333333333334 0.014583333333333334
1 0.8324074074074074 0.209375 0.22777777777777777 0.016666666666666666
1 0.8296296296296296 0.22760416666666666 0.23703703703703705 0.015625
1 0.8296296296296296 0.24479166666666666 0.23333333333333334 0.01875
1 0.8296296296296296 0.265625 0.23333333333333334 0.01875
1 0.8296296296296296 0.2828125 0.22962962962962963 0.015625
1 0.8305555555555556 0.171875 0.23148148148148148 0.014583333333333334
1 0.20092592592592592 0.390625 0.2759259259259259 0.01875
1 0.19907407407407407 0.40989583333333335 0.2759259259259259 0.015625
1 0.2 0.4276041666666667 0.2740740740740741 0.017708333333333333
1 0.2 0.4453125 0.27037037037037037 0.017708333333333333
1 0.20092592592592592 0.465625 0.2722222222222222 0.01875
1 0.19907407407407407 0.48489583333333336 0.2759259259259259 0.015625
1 0.5203703703703704 0.3932291666666667 0.28888888888888886 0.017708333333333333
1 0.5185185185185185 0.4119791666666667 0.28888888888888886 0.017708333333333333
1 0.5203703703703704 0.4296875 0.28888888888888886 0.017708333333333333
1 0.5222222222222223 0.44947916666666665 0.28888888888888886 0.017708333333333333
1 0.8305555555555556 0.3885416666666667 0.23148148148148148 0.016666666666666666
1 0.8287037037037037 0.40677083333333336 0.2351851851851852 0.017708333333333333
1 0.8287037037037037 0.4265625 0.23148148148148148 0.017708333333333333
1 0.8287037037037037 0.4453125 0.23148148148148148 0.017708333333333333
1 0.8518518518518519 0.9869791666666666 0.27037037037037037 0.015625
1 0.5055555555555555 0.9864583333333333 0.3074074074074074 0.016666666666666666
2 0.2796296296296296 0.9864583333333333 0.044444444444444446 0.014583333333333334
2 0.6314814814814815 0.7833333333333333 0.044444444444444446 0.016666666666666666
1 0.5064814814814815 0.7833333333333333 0.3055555555555556 0.01875
1 0.16111111111111112 0.984375 0.2814814814814815 0.01875
1 0.16111111111111112 0.965625 0.2814814814814815 0.016666666666666666
1 0.15833333333333333 0.9473958333333333 0.2759259259259259 0.017708333333333333
1 0.16111111111111112 0.9307291666666667 0.2851851851851852 0.017708333333333333
1 0.16111111111111112 0.9114583333333334 0.2814814814814815 0.016666666666666666
1 0.1638888888888889 0.8947916666666667 0.2796296296296296 0.014583333333333334
1 0.1638888888888889 0.8786458333333333 0.2796296296296296 0.017708333333333333
1 0.5027777777777778 0.8380208333333333 0.3055555555555556 0.017708333333333333
1 0.5018518518518519 0.8630208333333333 0.3037037037037037 0.030208333333333334
1 0.5064814814814815 0.7630208333333334 0.3055555555555556 0.015625
1 0.5018518518518519 0.8921875 0.3074074074074074 0.017708333333333333
1 0.5009259259259259 0.9109375 0.3055555555555556 0.017708333333333333
1 0.5009259259259259 0.9276041666666667 0.3055555555555556 0.017708333333333333
1 0.5064814814814815 0.6880208333333333 0.3055555555555556 0.015625
1 0.5064814814814815 0.6671875 0.3055555555555556 0.015625
1 0.5046296296296297 0.6484375 0.3055555555555556 0.015625
1 0.5046296296296297 0.7078125 0.3055555555555556 0.015625
1 0.5027777777777778 0.7255208333333333 0.3055555555555556 0.015625
1 0.5046296296296297 0.7442708333333333 0.30185185185185187 0.015625
2 0.9592592592592593 0.6848958333333334 0.044444444444444446 0.013541666666666667
1 0.8527777777777777 0.8229166666666666 0.2611111111111111 0.014583333333333334
1 0.8546296296296296 0.8401041666666667 0.2611111111111111 0.015625
1 0.8472222222222222 0.8572916666666667 0.2574074074074074 0.016666666666666666
1 0.85 0.8760416666666667 0.25925925925925924 0.016666666666666666
1 0.850925925925926 0.89375 0.2611111111111111 0.014583333333333334
1 0.8527777777777777 0.909375 0.2611111111111111 0.014583333333333334
1 0.8518518518518519 0.9270833333333334 0.25555555555555554 0.016666666666666666
1 0.8527777777777777 0.6489583333333333 0.2611111111111111 0.014583333333333334
1 0.8527777777777777 0.771875 0.2611111111111111 0.014583333333333334
1 0.8546296296296296 0.684375 0.2611111111111111 0.014583333333333334
1 0.8527777777777777 0.7010416666666667 0.2611111111111111 0.014583333333333334
1 0.8490740740740741 0.6677083333333333 0.2611111111111111 0.014583333333333334
1 0.850925925925926 0.7552083333333334 0.2611111111111111 0.014583333333333334
1 0.850925925925926 0.7375 0.2611111111111111 0.014583333333333334
1 0.850925925925926 0.7197916666666667 0.2611111111111111 0.016666666666666666
