2 0.23218889149285213 0.2793774319066148 0.016053433325521442 0.01649805447470817
0 0.1612959925005859 0.28 0.04698851652214671 0.014007782101167316
0 0.3039020389032107 0.28428015564202336 0.032692758378251696 0.015719844357976652
2 0.37749003984063745 0.2843579766536965 0.013241153034919148 0.012140077821011673
0 0.17752519334426997 0.29945525291828795 0.07944691820951488 0.018365758754863813
0 0.32610733536442466 0.3027237354085603 0.07733770799156316 0.018365758754863813
0 0.15678462620107805 0.31634241245136185 0.035387860323412235 0.013852140077821012
0 0.15543707522849778 0.335408560311284 0.032692758378251696 0.014007782101167316
0 0.33296226857276773 0.35494163424124514 0.09081321771736584 0.01509727626459144
0 0.16569018045465198 0.36389105058365756 0.051324115303491916 0.016809338521400777
0 0.3110499179751582 0.3742412451361868 0.04441059292242794 0.012295719844357976
2 0.392020154675416 0.373852140077821 0.013709866416686197 0.015252918287937744
0 0.30712444340285916 0.39237354085603116 0.03655964377782986 0.014007782101167316
0 0.16393250527302555 0.40023346303501944 0.04968361846730724 0.015719844357976652
0 0.402859151628779 0.4908171206225681 0.0464026247949379 0.01634241245136187
0 0.5448207171314741 0.49361867704280155 0.032692758378251696 0.015719844357976652
0 0.18537614248886805 0.5149416342412452 0.04616826810405437 0.03501945525291829
0 0.2823998125146473 0.5173540856031128 0.0417154909772674 0.0354863813229572
0 0.41932270916334663 0.5082490272373541 0.08120459339114132 0.01727626459143969
0 0.5671431919381298 0.5121400778210117 0.07757206468244668 0.018521400778210118
0 0.3976447152566206 0.5256031128404669 0.035270681977970474 0.014007782101167316
0 0.3963557534567612 0.5454474708171206 0.032692758378251696 0.012295719844357976
0 0.574994141082728 0.5658365758754864 0.09303960628075932 0.01634241245136187
0 0.5519685962034216 0.5844357976653697 0.04441059292242794 0.014007782101167316
0 0.1880126552613077 0.6012451361867704 0.048863370049214906 0.03610894941634241
0 0.28474337942348255 0.602023346303502 0.035153503632528706 0.03330739299610895
0 0.5643309116475276 0.6008560311284047 0.07171314741035857 0.015719844357976652
0 0.40549566440121865 0.6094163424124514 0.050972580267166626 0.015719844357976652
2 0.8149753925474572 0.6838132295719844 0.013123974689477385 0.012295719844357976
2 0.39184438715725334 0.6856031128404669 0.013123974689477385 0.012140077821011673
2 0.701663932505273 0.6856031128404669 0.013123974689477385 0.012140077821011673
0 0.723869228966487 0.7132295719844358 0.04441059292242794 0.015719844357976652
0 0.6220412467775955 0.7253696498054475 0.03620810874150457 0.03315175097276265
0 0.4264705882352941 0.7259922178988327 0.043473166158893836 0.034396887159533075
0 0.5233184907429107 0.7263035019455253 0.03913756737754863 0.03377431906614786
0 0.8251113194281696 0.7237354085603113 0.03433325521443637 0.03486381322957199
2 0.8064799625029294 0.7686381322957199 0.011835012889617998 0.012295719844357976
2 0.3878603234122334 0.771284046692607 0.013123974689477385 0.012295719844357976
2 0.4862315444105929 0.7729182879377432 0.011835012889617998 0.010583657587548638
0 0.4303960628075932 0.8094941634241245 0.048277478322006094 0.032062256809338524
0 0.5250175767518163 0.811828793774319 0.03480196859620342 0.036420233463035016
0 0.719943754394188 0.8014785992217899 0.0417154909772674 0.015719844357976652
0 0.8293297398640731 0.8024902723735409 0.032458401687368174 0.018988326848249026
0 0.6189946097961097 0.8031906614785992 0.032692758378251696 0.012295719844357976
0 0.40543707522849776 0.5760311284046693 0.051324115303491916 0.016809338521400777
0 0.40520271853761425 0.5757198443579766 0.051324115303491916 0.016809338521400777
0 0.40537848605577687 0.5935408560311284 0.05237872041246778 0.015719844357976652
0 0.16569018045465198 0.3814785992217899 0.051324115303491916 0.016809338521400777
2 0.4872861495195688 0.6863035019455253 0.011835012889617998 0.010428015564202335
2 0.5930396062807594 0.6852918287937744 0.013123974689477385 0.012140077821011673
2 0.6924068432153738 0.7673151750972763 0.013123974689477385 0.012140077821011673
0 0.5067377548629013 0.27003891050583656 0.06644012186547926 0.02801556420233463
0 0.7458987579095383 0.4780544747081712 0.06573705179282868 0.025680933852140077
2 0.6092102179517225 0.7684046692607004 0.013123974689477385 0.012140077821011673
2 0.2316615889383642 0.3154863813229572 0.013123974689477385 0.014007782101167316
2 0.37678696976798687 0.3021011673151751 0.013241153034919148 0.012140077821011673
2 0.39137567377548627 0.3568871595330739 0.013358331380360909 0.016186770428015564
2 0.23242324818373564 0.2977431906614786 0.016053433325521442 0.01649805447470817
2 0.2328919615655027 0.33354085603112843 0.016053433325521442 0.01649805447470817
2 0.47334192641199907 0.49089494163424124 0.016053433325521442 0.01649805447470817
2 0.47310756972111556 0.5081712062256809 0.016053433325521442 0.01649805447470817
2 0.472873213030232 0.5246692607003891 0.016053433325521442 0.01649805447470817
2 0.46965080853058355 0.6098832684824903 0.020623388797750174 0.018832684824902725
2 0.619346144832435 0.5103501945525292 0.016053433325521442 0.01649805447470817
2 0.6195805015233184 0.4926070038910506 0.016053433325521442 0.01649805447470817
2 0.6343449730489805 0.565136186770428 0.016053433325521442 0.01649805447470817
2 0.6346965080853059 0.5836575875486382 0.016053433325521442 0.01649805447470817
2 0.6338762596672135 0.6009338521400778 0.016053433325521442 0.01649805447470817
2 0.472404499648465 0.5428793774319066 0.016053433325521442 0.01649805447470817
2 0.46097961096789314 0.5733852140077821 0.037965783923131005 0.015252918287937744
2 0.4627372861495196 0.5905058365758755 0.037965783923131005 0.015252918287937744
2 0.2201781110850715 0.36295719844357976 0.037965783923131005 0.015252918287937744
2 0.22761893602062339 0.4 0.023552847433794235 0.014630350194552529
2 0.2217014295758144 0.3824124513618677 0.037965783923131005 0.015252918287937744
2 0.1507499414108273 0.4765758754863813 0.016053433325521442 0.01649805447470817
2 0.14559409421138975 0.5624902723735409 0.016053433325521442 0.01649805447470817
2 0.24601593625498008 0.4745525291828794 0.016053433325521442 0.01649805447470817
2 0.24449261776423717 0.5628015564202334 0.016053433325521442 0.01649805447470817
1 0.18871572533395828 0.27922178988326846 0.10604640262479494 0.014941634241245135
1 0.17793531755331615 0.5029571984435798 0.06784626201078041 0.0667704280155642
1 0.18783688774314505 0.3153307392996109 0.10194516053433325 0.015875486381322957
1 0.18895008202484181 0.33408560311284047 0.10253105226154206 0.016653696498054475
1 0.18859854698851652 0.2978988326848249 0.10135926880712444 0.0177431906614786
1 0.18977033044293415 0.3630350194552529 0.10253105226154206 0.016653696498054475
1 0.19000468713381766 0.3829571984435798 0.10253105226154206 0.016653696498054475
1 0.1893016170611671 0.40070038910505834 0.10253105226154206 0.016653696498054475
1 0.33589172720881183 0.3028793774319066 0.09971877197093977 0.016809338521400777
1 0.33565737051792827 0.28249027237354085 0.09971877197093977 0.016809338521400777
1 0.3428052495898758 0.3555642023346304 0.11307710335130068 0.016653696498054475
1 0.3429224279353176 0.37408560311284045 0.11307710335130068 0.016653696498054475
1 0.17518162643543472 0.5860700389105058 0.07640028122802905 0.06521400778210117
1 0.27050621045230844 0.5021789883268483 0.06644012186547926 0.06521400778210117
1 0.2693344269978908 0.5874708171206225 0.06644012186547926 0.06521400778210117
2 0.8135106632294352 0.47813229571984434 0.06034684790250762 0.029571984435797664
2 0.5725919850011718 0.26957198443579766 0.06034684790250762 0.029571984435797664
1 0.5380243730958519 0.2688715953307393 0.13088821185844857 0.0266147859922179
1 0.7784743379423482 0.477431906614786 0.13088821185844857 0.0266147859922179
1 0.4296929927349426 0.49019455252918287 0.1033513006796344 0.014474708171206226
1 0.42981017108038433 0.5084824902723736 0.10311694398875088 0.018054474708171207
1 0.430981954534802 0.5256809338521401 0.10194516053433325 0.01509727626459144
1 0.4307475978439184 0.5448249027237354 0.10194516053433325 0.01509727626459144
1 0.430981954534802 0.5743968871595331 0.10194516053433325 0.01509727626459144
1 0.4307475978439184 0.5921400778210116 0.10194516053433325 0.01509727626459144
1 0.430981954534802 0.6094163424124514 0.10194516053433325 0.01509727626459144
1 0.5785680806187017 0.49291828793774317 0.09971877197093977 0.016809338521400777
1 0.5783337239278181 0.51284046692607 0.09971877197093977 0.016809338521400777
1 0.5846613545816733 0.5666147859922179 0.11307710335130068 0.016653696498054475
1 0.5844269978907898 0.5838910505836575 0.11307710335130068 0.016653696498054475
1 0.5855987813452074 0.601011673151751 0.11307710335130068 0.016653696498054475
1 0.4167447855636278 0.7105836575875486 0.0659714084837122 0.06521400778210117
1 0.4180923365362081 0.7957198443579766 0.07499414108272791 0.0624124513618677
1 0.5117178345441762 0.7993774319066148 0.0635106632294352 0.06381322957198443
1 0.5125380829622685 0.7128404669260701 0.0635106632294352 0.06381322957198443
1 0.6135458167330677 0.7115953307392996 0.05507382235762831 0.06319066147859922
1 0.7208225919850012 0.6998443579766537 0.05144129364893368 0.04404669260700389
1 0.619346144832435 0.7859143968871596 0.0336301851417858 0.045603112840466926
1 0.8260487461917038 0.7089494163424125 0.035270681977970474 0.06599221789883268
1 0.823002109210218 0.7882490272373541 0.045348019685962034 0.05120622568093385
1 0.713498945394891 0.7835797665369649 0.05530817904851183 0.05027237354085603
