2 0.40821678321678323 0.34940554821664466 0.050699300699300696 0.019815059445178335
0 0.1048951048951049 0.3910171730515192 0.1048951048951049 0.026420079260237782
0 0.6057692307692307 0.3963011889035667 0.16958041958041958 0.02906208718626156
2 0.40821678321678323 0.39233817701453105 0.050699300699300696 0.018494055482166448
0 0.5847902097902098 0.4332892998678996 0.12762237762237763 0.031704095112285335
2 0.40559440559440557 0.43394980184940557 0.055944055944055944 0.022457067371202115
0 0.10139860139860139 0.47820343461030385 0.10139860139860139 0.026420079260237782
0 0.16346153846153846 0.5270805812417437 0.22202797202797203 0.034346103038309116
0 0.14685314685314685 0.5693527080581242 0.1993006993006993 0.034346103038309116
0 0.6538461538461539 0.5805812417437253 0.15034965034965034 0.02774108322324967
0 0.6713286713286714 0.6162483487450462 0.1853146853146853 0.02774108322324967
0 0.6923076923076923 0.6558784676354029 0.22727272727272727 0.03302509907529723
0 0.1048951048951049 0.6690885072655218 0.10839160839160839 0.02774108322324967
0 0.708041958041958 0.6922060766182299 0.25524475524475526 0.031704095112285335
0 0.14685314685314685 0.7100396301188904 0.19230769230769232 0.02774108322324967
0 0.6730769230769231 0.725891677675033 0.18181818181818182 0.02774108322324967
0 0.2062937062937063 0.7562747688243064 0.3146853146853147 0.03830911492734478
0 0.16171328671328672 0.7992073976221928 0.21853146853146854 0.034346103038309116
0 0.09877622377622378 0.8368560105680317 0.09965034965034965 0.02774108322324967
0 0.11538461538461539 0.8824306472919419 0.13986013986013987 0.036988110964332896
2 0.40559440559440557 0.4815059445178336 0.055944055944055944 0.022457067371202115
2 0.40559440559440557 0.5700132100396301 0.055944055944055944 0.022457067371202115
2 0.4090909090909091 0.5264200792602378 0.055944055944055944 0.022457067371202115
2 0.40384615384615385 0.6717305151915456 0.055944055944055944 0.022457067371202115
2 0.8793706293706294 0.357331571994716 0.055944055944055944 0.022457067371202115
2 0.8793706293706294 0.43262879788639363 0.055944055944055944 0.022457067371202115
2 0.8793706293706294 0.46961690885072654 0.055944055944055944 0.022457067371202115
2 0.8776223776223776 0.3943196829590489 0.055944055944055944 0.022457067371202115
0 0.08479020979020979 0.34544253632760896 0.07167832167832168 0.02509907529722589
0 0.08304195804195805 0.43394980184940557 0.057692307692307696 0.02774108322324967
2 0.4090909090909091 0.880449141347424 0.055944055944055944 0.022457067371202115
2 0.40384615384615385 0.8368560105680317 0.055944055944055944 0.022457067371202115
2 0.40384615384615385 0.797225891677675 0.055944055944055944 0.022457067371202115
2 0.40559440559440557 0.7549537648612946 0.055944055944055944 0.022457067371202115
2 0.40384615384615385 0.7126816380449141 0.055944055944055944 0.022457067371202115
0 0.5909090909090909 0.35865257595772787 0.15384615384615385 0.03302509907529723
0 0.6048951048951049 0.46895640686922063 0.17132867132867133 0.031704095112285335
2 0.9143356643356644 0.5819022457067371 0.055944055944055944 0.022457067371202115
2 0.9195804195804196 0.6941875825627477 0.055944055944055944 0.022457067371202115
2 0.9178321678321678 0.6558784676354029 0.055944055944055944 0.022457067371202115
2 0.9125874125874126 0.6188903566710701 0.055944055944055944 0.022457067371202115
2 0.9143356643356644 0.7311756935270806 0.055944055944055944 0.022457067371202115
1 0.24213286713286714 0.3467635402906209 0.38286713286713286 0.02774108322324967
1 0.24213286713286714 0.39233817701453105 0.38286713286713286 0.026420079260237782
1 0.24388111888111888 0.4346103038309115 0.38286713286713286 0.026420079260237782
1 0.24213286713286714 0.47820343461030385 0.38286713286713286 0.026420079260237782
1 0.24475524475524477 0.5270805812417437 0.3881118881118881 0.034346103038309116
1 0.24125874125874125 0.5693527080581242 0.3881118881118881 0.034346103038309116
1 0.2395104895104895 0.6690885072655218 0.38461538461538464 0.03038309114927345
1 0.243006993006993 0.7100396301188904 0.38461538461538464 0.03038309114927345
1 0.243006993006993 0.7569352708058125 0.38461538461538464 0.03963011889035667
1 0.24125874125874125 0.7992073976221928 0.38461538461538464 0.036988110964332896
1 0.24388111888111888 0.8830911492734478 0.3968531468531469 0.035667107001321
1 0.2395104895104895 0.8368560105680317 0.38461538461538464 0.03038309114927345
1 0.7604895104895105 0.5785997357992074 0.36713286713286714 0.02906208718626156
1 0.7613636363636364 0.6188903566710701 0.3723776223776224 0.03038309114927345
1 0.7631118881118881 0.6558784676354029 0.3723776223776224 0.03038309114927345
1 0.7666083916083916 0.690224570673712 0.3723776223776224 0.03038309114927345
1 0.7604895104895105 0.7285336856010568 0.36013986013986016 0.035667107001321
1 0.7115384615384616 0.35931307793923384 0.3986013986013986 0.034346103038309116
1 0.715034965034965 0.3963011889035667 0.3916083916083916 0.031704095112285335
1 0.715034965034965 0.4332892998678996 0.3916083916083916 0.031704095112285335
1 0.7132867132867133 0.46895640686922063 0.3916083916083916 0.031704095112285335
