0 0.2000805152979066 0.28459567198177677 0.2777777777777778 0.0270501138952164
0 0.7298711755233495 0.2826025056947608 0.2785829307568438 0.024202733485193622
0 0.13345410628019325 0.3197608200455581 0.16706924315619967 0.02334851936218679
0 0.7534219001610306 0.3208997722095672 0.32971014492753625 0.022779043280182234
0 0.24355877616747182 0.35905466970387245 0.3776167471819646 0.02619589977220957
0 0.6924315619967794 0.35720387243735763 0.19806763285024154 0.022494305239179953
0 0.16284219001610306 0.39379271070615035 0.21859903381642512 0.022779043280182234
0 0.6980676328502415 0.3929384965831435 0.21980676328502416 0.021070615034168565
0 0.18780193236714976 0.4302391799544419 0.27657004830917875 0.0244874715261959
0 0.6976650563607085 0.43066628701594534 0.21336553945249598 0.023633257403189067
0 0.16988727858293076 0.46725512528473806 0.23752012882447665 0.026765375854214124
0 0.6789452495974235 0.46697038724373574 0.16948470209339775 0.02334851936218679
0 0.13123993558776167 0.5027050113895216 0.15136876006441224 0.029328018223234623
0 0.715378421900161 0.5024202733485194 0.25120772946859904 0.024202733485193622
0 0.2612721417069243 0.5395785876993167 0.3977455716586151 0.02562642369020501
0 0.7648953301127214 0.54000569476082 0.36231884057971014 0.026480637813211846
0 0.24677938808373592 0.5755979498861048 0.3752012882447665 0.025341685649202732
0 0.7773752012882448 0.5754555808656037 0.3776167471819646 0.0244874715261959
0 0.20189210950080516 0.6144646924829157 0.25885668276972623 0.026765375854214124
0 0.7302737520128825 0.6128986332574032 0.28421900161030594 0.023633257403189067
0 0.7353059581320451 0.6494874715261959 0.3007246376811594 0.02562642369020501
0 0.21598228663446054 0.6479214123006833 0.2757648953301127 0.025341685649202732
0 0.19102254428341384 0.6853644646924829 0.22262479871175522 0.02733485193621868
0 0.7041062801932367 0.6849373576309795 0.21980676328502416 0.02306378132118451
0 0.7125603864734299 0.7195330296127562 0.2359098228663446 0.02562642369020501
0 0.24074074074074073 0.7223804100227791 0.3397745571658615 0.029043280182232345
0 0.29367954911433175 0.7576879271070615 0.4384057971014493 0.026765375854214124
0 0.1676731078904992 0.7962699316628702 0.18317230273752014 0.02306378132118451
0 0.18276972624798712 0.8314350797266514 0.21980676328502416 0.025056947608200455
0 0.7192028985507246 0.7559794988610479 0.25 0.025056947608200455
