0 0.13295729250604352 0.20028490028490029 0.1200644641418211 0.02905982905982906
0 0.6404109589041096 0.20512820512820512 0.20507655116841256 0.039316239316239315
0 0.1589443996776793 0.24715099715099714 0.16800966962127317 0.03675213675213675
0 0.6800966962127317 0.2515669515669516 0.28203062046736505 0.0301994301994302
0 0.2040692989524577 0.28917378917378916 0.25906526994359386 0.03418803418803419
0 0.7288477034649476 0.29757834757834756 0.38033843674456086 0.039601139601139604
0 0.23348106365834004 0.3353276353276353 0.3178887993553586 0.036467236467236465
0 0.6496776792908945 0.3398860398860399 0.22280419016921837 0.03304843304843305
0 0.17828364222401288 0.37934472934472935 0.21555197421434327 0.039031339031339034
0 0.717767929089444 0.3839031339031339 0.363013698630137 0.040170940170940174
0 0.20044319097502014 0.41894586894586894 0.25825946817082995 0.028774928774928776
0 0.6708299758259468 0.4282051282051282 0.2634971796937953 0.03418803418803419
0 0.22240128928283642 0.46082621082621084 0.2997582594681708 0.040170940170940174
0 0.6220789685737309 0.4705128205128205 0.16599516518936341 0.027635327635327635
0 0.20870265914585012 0.5071225071225072 0.2747784045124899 0.04786324786324787
0 0.6790894439967768 0.5142450142450142 0.2816277195809831 0.03361823361823362
0 0.24637389202256246 0.554985754985755 0.3509266720386785 0.038176638176638175
0 0.6293311845286059 0.5566951566951567 0.18049959709911362 0.02905982905982906
0 0.18090249798549557 0.5928774928774929 0.21595487510072522 0.0301994301994302
0 0.6863416599516519 0.6044159544159544 0.2961321514907333 0.04131054131054131
0 0.21232876712328766 0.6386039886039886 0.28041901692183724 0.04188034188034188
0 0.7141418211120064 0.6494301994301994 0.3501208702659146 0.03675213675213675
0 0.20668815471394036 0.6833333333333333 0.26752618855761484 0.03675213675213675
0 0.6873489121676067 0.6930199430199431 0.29734085414987915 0.038461538461538464
0 0.2306607574536664 0.728917378917379 0.31547139403706687 0.03675213675213675
0 0.6865431103948428 0.7327635327635328 0.29734085414987915 0.041595441595441596
0 0.21414182111200644 0.7659544159544159 0.2832393231265109 0.038461538461538464
0 0.6700241740531829 0.7797720797720797 0.2618855761482675 0.03418803418803419
0 0.6772763900080581 0.8205128205128205 0.27800161160354553 0.036467236467236465
