0 0.28824626865671643 0.308 0.4048507462686567 0.032
2 0.8722014925373134 0.3085 0.08395522388059702 0.025
0 0.23134328358208955 0.3385 0.2873134328358209 0.029
2 0.8703358208955224 0.3385 0.08395522388059702 0.023
0 0.2677238805970149 0.3685 0.35261194029850745 0.033
2 0.8722014925373134 0.367 0.08395522388059702 0.022
0 0.2957089552238806 0.3975 0.4123134328358209 0.029
2 0.8777985074626866 0.3965 0.08395522388059702 0.023
0 0.35447761194029853 0.4245 0.5373134328358209 0.035
2 0.878731343283582 0.4245 0.08582089552238806 0.025
0 0.29850746268656714 0.4515 0.417910447761194 0.029
2 0.8815298507462687 0.4545 0.08022388059701492 0.023
0 0.41511194029850745 0.4835 0.6548507462686567 0.033
2 0.8777985074626866 0.483 0.08395522388059702 0.022
0 0.332089552238806 0.5115 0.4925373134328358 0.035
2 0.8852611940298507 0.5125 0.08395522388059702 0.023
0 0.2966417910447761 0.5425 0.4141791044776119 0.029
2 0.878731343283582 0.541 0.08582089552238806 0.024
0 0.30970149253731344 0.5705 0.44029850746268656 0.031
2 0.878731343283582 0.5705 0.08582089552238806 0.023
0 0.2835820895522388 0.6015 0.3843283582089552 0.033
2 0.8740671641791045 0.5985 0.08768656716417911 0.023
0 0.28544776119402987 0.6305 0.39925373134328357 0.027
2 0.8852611940298507 0.6285 0.08395522388059702 0.023
0 0.2789179104477612 0.655 0.3824626865671642 0.028
2 0.8852611940298507 0.658 0.08395522388059702 0.022
1 0.5018656716417911 0.3075 0.832089552238806 0.033
1 0.5027985074626866 0.3385 0.8302238805970149 0.027
1 0.5027985074626866 0.368 0.8339552238805971 0.032
1 0.5055970149253731 0.3955 0.835820895522388 0.027
1 0.5009328358208955 0.425 0.8302238805970149 0.026
1 0.5074626865671642 0.4535 0.835820895522388 0.029
1 0.5055970149253731 0.481 0.8395522388059702 0.028
1 0.5102611940298507 0.658 0.8451492537313433 0.026
1 0.5055970149253731 0.5125 0.8432835820895522 0.029
1 0.5055970149253731 0.542 0.8395522388059702 0.028
1 0.5055970149253731 0.5705 0.835820895522388 0.031
1 0.5055970149253731 0.601 0.832089552238806 0.032
1 0.5074626865671642 0.63 0.8432835820895522 0.026
