0 0.3508771929824561 0.2958564029290945 0.04133621725546743 0.01839614216824433
0 0.6652247055996154 0.2959457045901054 0.026195626051429943 0.011787819253438114
0 0.8006488824801731 0.2938024647258439 0.026195626051429943 0.011787819253438114
0 0.19502523431867338 0.2962136095731381 0.03364575823119442 0.015181282371852116
0 0.2738524393174718 0.2959457045901054 0.03773131458783946 0.015717092337917484
0 0.5969118000480653 0.2959457045901054 0.027517423696226867 0.011787819253438114
0 0.7322758952174958 0.29791034113234505 0.032684450853160296 0.011787819253438114
0 0.39816149963950975 0.3385425968923022 0.0231915404950733 0.015181282371852116
2 0.8006488824801731 0.3626540453652438 0.033886085075702954 0.0137524557956778
2 0.5961908195145398 0.3646186819074835 0.03400624849795722 0.0137524557956778
2 0.6639629896659457 0.3646186819074835 0.03400624849795722 0.0137524557956778
2 0.7342585916846912 0.36363636363636365 0.03400624849795722 0.011787819253438114
0 0.39918288872867097 0.3696195749240936 0.025234318673395817 0.01339524915163422
0 0.8002283105022832 0.3897124486515449 0.043619322278298484 0.013931059117699589
0 0.5955900024032684 0.394713341668155 0.04578226387887527 0.011787819253438114
0 0.6633020908435472 0.3937310233970352 0.03004085556356645 0.0137524557956778
0 0.7303532804614276 0.39274870512591536 0.0365296803652968 0.011787819253438114
0 0.35081711127132903 0.3974816931594928 0.03520788272049988 0.0137524557956778
0 0.3984018264840183 0.40087515627790676 0.025354482095650083 0.01339524915163422
0 0.2740927661619803 0.4067690659046258 0.03220379716414323 0.015538489015895695
0 0.19562605142994471 0.4086444007858546 0.043258832011535686 0.016074298981961065
0 0.398281663061764 0.42418288980175034 0.03424657534246575 0.017503125558135383
0 0.40104542177361213 0.4446329701732452 0.039533765921653446 0.01839614216824433
2 0.731014179283826 0.45945704590105374 0.03520788272049988 0.0137524557956778
2 0.8006488824801731 0.45945704590105374 0.03917327565489065 0.0137524557956778
2 0.5955900024032684 0.4624040007144133 0.027517423696226867 0.011787819253438114
2 0.6626411920211488 0.46142168244329346 0.026075462629175677 0.0137524557956778
0 0.5964311463590483 0.48696195749240934 0.031843306897380436 0.01339524915163422
0 0.6639629896659457 0.4876763707804965 0.05227108868060562 0.011966422575459903
0 0.7319754866618601 0.48839078406858366 0.034727229031482815 0.015895695659939275
0 0.8009492910358087 0.48910519735667085 0.03280461427541456 0.014824075727808536
0 0.20169430425378515 0.5350062511162708 0.026075462629175677 0.009823182711198428
0 0.2980653689017063 0.5359885693873906 0.026075462629175677 0.011787819253438114
0 0.38722662821437154 0.5375959992855867 0.027517423696226867 0.011787819253438114
2 0.20169430425378515 0.5464368637256652 0.013097813025714972 0.009823182711198428
2 0.3000480653689017 0.5484908019289159 0.014419610670511895 0.010001786033220219
2 0.38722662821437154 0.5494731202000357 0.011896178803172314 0.008037149490980533
2 0.6633020908435472 0.5688515806393999 0.03797164143234799 0.011787819253438114
2 0.5962509012256669 0.5693873906054653 0.0319634703196347 0.015359885693873906
2 0.7313145878394617 0.5688515806393999 0.03917327565489065 0.011787819253438114
2 0.8006488824801731 0.5688515806393999 0.03917327565489065 0.011787819253438114
0 0.664563806777217 0.5975174138238971 0.03520788272049988 0.015538489015895695
0 0.8004686373467916 0.5967136988747991 0.03881278538812785 0.013931059117699589
0 0.5955900024032684 0.6017145918914092 0.05082912761355443 0.015717092337917484
0 0.7312545061283345 0.6090373280943026 0.02799807738524393 0.012502232541525273
0 0.247296322999279 0.6439542775495625 0.15404950732996875 0.02375424182889802
0 0.23371785628454697 0.6656545811752098 0.11367459745253544 0.015717092337917484
2 0.5955900024032684 0.6762814788355064 0.037851478010093725 0.0137524557956778
2 0.6633020908435472 0.6772637971066262 0.03797164143234799 0.011787819253438114
2 0.731014179283826 0.6772637971066262 0.037851478010093725 0.011787819253438114
2 0.7999879836577746 0.6772637971066262 0.037851478010093725 0.011787819253438114
0 0.23377793799567412 0.6860153598856938 0.11643835616438356 0.01786033220217896
0 0.8008291276135544 0.7027147704947312 0.03208363374188897 0.014466869083764959
0 0.23371785628454697 0.7070012502232541 0.11367459745253544 0.01339524915163422
0 0.5956500841143956 0.7081621718163957 0.03028118240807498 0.023575638506876228
0 0.7316750781062245 0.7087872834434721 0.03460706560922855 0.01768172888015717
0 0.664563806777217 0.7111091266297553 0.04049507329968757 0.0137524557956778
0 0.19388368180725787 0.7245936774424004 0.03136265320836337 0.01357385247365601
2 0.3052150925258351 0.7245936774424004 0.017063205960105743 0.01357385247365601
2 0.5955900024032684 0.7846043936417217 0.037851478010093725 0.01357385247365601
2 0.6626411920211488 0.7836220753706019 0.039293439077144915 0.015538489015895695
2 0.7316149963950973 0.7827290587604929 0.03136265320836337 0.0137524557956778
2 0.7998077385243931 0.7841578853366673 0.038452295121365054 0.015538489015895695
2 0.30575582792597933 0.7066440435792106 0.0231915404950733 0.01410966243972138
2 0.30377313145878393 0.6865511698517592 0.017063205960105743 0.01357385247365601
2 0.3044941119923095 0.665475977853188 0.017063205960105743 0.01357385247365601
1 0.24513338139870222 0.7251294874084658 0.1362653208363374 0.013931059117699589
1 0.24705599615477047 0.7067333452402215 0.14059120403749098 0.013931059117699589
1 0.24429223744292236 0.6869976781568137 0.13746695505888007 0.016610108948026434
1 0.24411199230954098 0.6660117878192534 0.13638548425859168 0.016074298981961065
1 0.24675558759913482 0.6737810323272013 0.15585195866378274 0.08197892480800142
2 0.4173876472001923 0.337024468655117 0.014059120403749098 0.015359885693873906
2 0.42063205960105743 0.3698874799071263 0.015020427781783224 0.015002679049830327
2 0.4202114876231675 0.40114306126093946 0.019226147560682527 0.015002679049830327
2 0.4239365537130497 0.42373638149669585 0.015621244893054553 0.017324522236113592
2 0.4289233357366018 0.4445436685122343 0.015501081470800288 0.017503125558135383
1 0.20193463109829368 0.5410787640650117 0.027036770007209804 0.021968208608680123
1 0.38662581110310024 0.5432220039292731 0.027036770007209804 0.021968208608680123
1 0.2989065128574862 0.5417931773530987 0.027036770007209804 0.021968208608680123
1 0.40519105984138426 0.3374709769601715 0.03893294881038212 0.014824075727808536
1 0.40693342946407113 0.3696195749240936 0.04193703436673876 0.014824075727808536
1 0.4074140831530882 0.40150026790498305 0.04458062965633261 0.013931059117699589
1 0.4066931026195626 0.42346847651366315 0.051309781302571494 0.017145918914091802
1 0.4084955539533766 0.4449008751562779 0.05491468397019947 0.015717092337917484
1 0.5966113914924297 0.3300589390962672 0.03436673876472002 0.08358635470619753
1 0.6639629896659457 0.3300589390962672 0.034967555875991346 0.08108590819789248
1 0.7335976928622927 0.33050544740132165 0.03508771929824561 0.07840685836756564
1 0.8008291276135544 0.3282729058760493 0.03544820956500841 0.08287194141811037
1 0.59534967555876 0.42811216288622966 0.0460225907233838 0.07929987497767459
1 0.6635424176880558 0.4277549562421861 0.030521509252583512 0.08322914806215395
1 0.7311343427060802 0.42721914627612073 0.03664984378755107 0.08108590819789248
1 0.8001081470800289 0.4243614931237721 0.04337899543378995 0.08322914806215395
1 0.5956500841143956 0.528844436506519 0.03316510454217736 0.09716020717985355
1 0.6646839701994712 0.5269691016252902 0.051550108147080026 0.09483836399357028
1 0.731915404950733 0.5284872298624754 0.039894256188416244 0.09537417395963566
1 0.8007089641913002 0.5274156099303448 0.03977409276616198 0.09323093409537417
1 0.59534967555876 0.6386854795499196 0.051309781302571494 0.0893016610108948
1 0.6630617639990387 0.6352920164315057 0.03749098774333093 0.09501696731559207
1 0.7305335255948089 0.6360957313806037 0.039293439077144915 0.0962671905697446
1 0.7999279019466474 0.6357385247365601 0.039894256188416244 0.09412395070548313
1 0.5961908195145398 0.7438828362207537 0.03809180485460226 0.09680300053580997
1 0.6637827445325643 0.7466511877120915 0.04229752463350156 0.0859081978924808
1 0.7318553232396059 0.7454009644579389 0.03400624849795722 0.0926951241293088
1 0.8002283105022832 0.7427219146276121 0.039293439077144915 0.0962671905697446
1 0.30377313145878393 0.3626540453652438 0.26363854842585915 0.18271119842829076
0 0.27475366498437875 0.3893552420075013 0.02511415525114155 0.01321664582961243
0 0.19436433549627494 0.39042686193963205 0.02511415525114155 0.01321664582961243
0 0.19472482576303773 0.27915699232005714 0.02511415525114155 0.01321664582961243
0 0.2735520307618361 0.27951419896410074 0.02511415525114155 0.01321664582961243
0 0.35009613073780343 0.27915699232005714 0.02511415525114155 0.01321664582961243
0 0.8005888007690459 0.7173602429005179 0.03208363374188897 0.014466869083764959
0 0.8008291276135544 0.6090373280943026 0.02799807738524393 0.012502232541525273
0 0.7316750781062245 0.5963564922307555 0.026195626051429943 0.015359885693873906
0 0.6636625811103101 0.6101089480264333 0.03172314347512617 0.010716199321307376
0 0.5965513097813026 0.5011609215931416 0.022710886806056235 0.012859439185568852
0 0.7303532804614276 0.5017860332202179 0.026195626051429943 0.011609215931416325
0 0.8007089641913002 0.5015181282371852 0.027517423696226867 0.00928737274513306
