0 0.6623376623376623 0.3115190582959641 0.11176702085792994 0.017096412556053812
0 0.8754427390791027 0.31418161434977576 0.0735930735930736 0.014573991031390135
0 0.1418732782369146 0.335902466367713 0.18693427784336875 0.03503363228699551
2 0.4604486422668241 0.33492152466367714 0.14010232192050373 0.02914798206278027
0 0.6595828414010232 0.3336603139013453 0.10625737898465171 0.017096412556053812
0 0.8644234553325463 0.33562219730941706 0.051554506099960644 0.015975336322869956
0 0.6340023612750886 0.35594170403587444 0.05509641873278237 0.014573991031390135
0 0.867375049193231 0.35846412556053814 0.06060606060606061 0.021860986547085202
0 0.19323101141282958 0.3813060538116592 0.28964974419519873 0.03615470852017937
0 0.6558441558441559 0.3789237668161435 0.10035419126328217 0.01961883408071749
0 0.8614718614718615 0.37920403587443946 0.049586776859504134 0.01905829596412556
0 0.6751279024006297 0.39952354260089684 0.1373475009838646 0.015975336322869956
0 0.8726879181424636 0.39952354260089684 0.06808343171979536 0.015975336322869956
0 0.7497048406139315 0.4788396860986547 0.2865013774104683 0.028867713004484305
0 0.2554112554112554 0.48150224215246634 0.32585596221959856 0.026345291479820628
2 0.8699330972058245 0.5595571748878924 0.16883116883116883 0.04456278026905829
2 0.3597009051554506 0.5602578475336323 0.12829594647776466 0.043161434977578475
0 0.13774104683195593 0.5616591928251121 0.1338055883510429 0.02242152466367713
0 0.624754033844943 0.5616591928251121 0.1357733175914994 0.02242152466367713
2 0.38095238095238093 0.6279428251121076 0.16843762298307752 0.047926008968609865
2 0.8699330972058245 0.6282230941704036 0.16961826052735143 0.04680493273542601
0 0.13774104683195593 0.6296244394618834 0.1345926800472255 0.023262331838565024
0 0.6253443526170799 0.6292040358744395 0.1338055883510429 0.02242152466367713
2 0.38331365604092876 0.6963284753363229 0.16922471467926015 0.04456278026905829
2 0.8726879181424636 0.6963284753363229 0.17040535222353403 0.04456278026905829
0 0.1395120031483668 0.6982903587443946 0.13026367571822117 0.022141255605381167
0 0.6259346713892169 0.6982903587443946 0.13026367571822117 0.022141255605381167
0 0.645021645021645 0.76527466367713 0.10310901219992129 0.015975336322869956
2 0.89275875639512 0.76597533632287 0.09012199921290831 0.017376681614349777
0 0.162534435261708 0.7871356502242153 0.15505706414797324 0.022701793721973094
2 0.4685163321526958 0.7868553811659192 0.12632821723730814 0.017096412556053812
0 0.6198347107438017 0.7903587443946188 0.05273514364423455 0.01905829596412556
2 0.8909878000787091 0.789377802690583 0.089728453364817 0.017096412556053812
0 0.11294765840220386 0.8095571748878924 0.05509641873278237 0.015975336322869956
2 0.44313262495080674 0.8102578475336323 0.09366391184573003 0.014573991031390135
0 0.6422668240850059 0.8140414798206278 0.09838646202282567 0.018778026905829595
2 0.8919716646989374 0.8141816143497758 0.09169618260527351 0.017376681614349777
0 0.19244391971664698 0.8336603139013453 0.21408894136166864 0.017096412556053812
2 0.4474616292798111 0.8350616591928252 0.0881542699724518 0.017096412556053812
0 0.683392365210547 0.8380044843049327 0.1798504525777253 0.01961883408071749
2 0.8919716646989374 0.8382847533632287 0.09169618260527351 0.01569506726457399
0 0.18024399842581662 0.859164798206278 0.19047619047619047 0.019338565022421525
2 0.4429358520267611 0.8602858744394619 0.09012199921290831 0.01821748878923767
0 0.6479732388823298 0.8622477578475336 0.10979929161747344 0.021580717488789238
2 0.88823297914207 0.8616872197309418 0.0881542699724518 0.015975336322869956
0 0.12947658402203857 0.882567264573991 0.0881542699724518 0.01569506726457399
2 0.4494293585202676 0.882567264573991 0.09917355371900827 0.01569506726457399
0 0.6463990554899646 0.8869114349775785 0.10743801652892562 0.01989910313901345
2 0.8909878000787091 0.8857903587443946 0.089728453364817 0.017096412556053812
2 0.4476584022038568 0.9070908071748879 0.11058638331365604 0.01989910313901345
0 0.16804407713498623 0.9072309417040358 0.1660763478945297 0.020739910313901346
0 0.645021645021645 0.9090526905829597 0.1038961038961039 0.018778026905829595
2 0.8955135773317592 0.9091928251121076 0.09169618260527351 0.017376681614349777
0 0.20700511609602518 0.9323150224215246 0.24399842581660763 0.02045964125560538
2 0.4529712711530893 0.9306334080717489 0.12121212121212122 0.015975336322869956
0 0.7022825659189296 0.9335762331838565 0.21763085399449036 0.01905829596412556
0 0.7109405745769383 0.9555773542600897 0.23494687131050768 0.02045964125560538
0 0.23140495867768596 0.9569786995515696 0.29201101928374656 0.018778026905829595
2 0.45848091302636756 0.3808856502242152 0.14010232192050373 0.02914798206278027
1 0.2898465171192444 0.3352017937219731 0.48760330578512395 0.03643497757847534
1 0.28709169618260527 0.3799047085201794 0.47973238882329794 0.03559417040358744
1 0.2473435655253837 0.5598374439461884 0.3585202676111767 0.04680493273542601
1 0.26702085792994884 0.6275224215246636 0.39787485242030696 0.0515695067264574
1 0.27016922471467925 0.6959080717488789 0.39787485242030696 0.04820627802690583
1 0.27016922471467925 0.593609865470852 0.4002361275088548 0.2528026905829596
1 0.755608028335301 0.5606782511210763 0.4022038567493113 0.04568385650224215
1 0.7571822117276663 0.6276625560538116 0.4022038567493113 0.04568385650224215
1 0.7609208972845336 0.6959080717488789 0.4002361275088548 0.04652466367713005
1 0.7565918929555293 0.5910874439461884 0.4002361275088548 0.2528026905829596
2 0.45808736717827625 0.9569786995515696 0.11097992916174734 0.018778026905829595
2 0.8939393939393939 0.9341367713004485 0.09169618260527351 0.017376681614349777
2 0.8884297520661157 0.9545964125560538 0.09169618260527351 0.017376681614349777
1 0.3067689885871704 0.7865751121076233 0.4458874458874459 0.022141255605381167
1 0.2878787878787879 0.8102578475336323 0.40810704447068086 0.017376681614349777
1 0.2894529712711531 0.8335201793721974 0.40810704447068086 0.017376681614349777
1 0.2841401023219205 0.859304932735426 0.41086186540731995 0.021300448430493273
1 0.2955529319165683 0.9086322869955157 0.4218811491538764 0.021300448430493273
1 0.2994883903974813 0.9328755605381166 0.4281778827233373 0.02045964125560538
1 0.29122392758756394 0.883127802690583 0.4171585989767808 0.018497757847533634
1 0.29850452577725306 0.9575392376681614 0.431719795356159 0.01989910313901345
1 0.7654466745375836 0.765554932735426 0.3447461629279811 0.018778026905829595
1 0.7658402203856749 0.7904988789237668 0.3447461629279811 0.018778026905829595
1 0.7658402203856749 0.8154428251121076 0.3447461629279811 0.018778026905829595
1 0.7656434474616293 0.8377242152466368 0.34750098386462025 0.020739910313901346
1 0.7626918536009445 0.8609865470852018 0.3400236127508855 0.01961883408071749
1 0.7666273120818575 0.8866311659192825 0.34553325462416373 0.01821748878923767
1 0.7668240850059032 0.9103139013452914 0.34750098386462025 0.020739910313901346
1 0.7670208579299488 0.9346973094170403 0.3463203463203463 0.01961883408071749
1 0.7656434474616293 0.9554372197309418 0.33884297520661155 0.020739910313901346
