0 0.2691408533021625 0.24064086294416243 0.45412039742840443 0.02633248730964467
0 0.8845704266510812 0.2412753807106599 0.09643483343074226 0.025063451776649745
0 0.26446522501461134 0.2836294416243655 0.44476914085330216 0.02918781725888325
0 0.8845704266510812 0.2834708121827411 0.09643483343074226 0.02379441624365482
0 0.26446522501461134 0.3245558375634518 0.44476914085330216 0.027918781725888325
0 0.8834015195791934 0.3253489847715736 0.09877264757451783 0.02633248730964467
0 0.2852133255406195 0.3662753807106599 0.48977206312098187 0.03648477157360406
0 0.8869082407948569 0.3669098984771574 0.1011104617182934 0.02633248730964467
0 0.24342489772063122 0.40704314720812185 0.40502630040911747 0.03489847715736041
0 0.8834015195791934 0.4091053299492386 0.09877264757451783 0.025063451776649745
0 0.32641729982466394 0.4535215736040609 0.5745178258328463 0.030139593908629442
0 0.8834015195791934 0.45098350253807107 0.09877264757451783 0.025063451776649745
0 0.3196960841613092 0.49571700507614214 0.559906487434249 0.03140862944162436
0 0.8834015195791934 0.4931789340101523 0.09877264757451783 0.02633248730964467
0 0.2536528345996493 0.5374365482233503 0.42781998831092927 0.031725888324873094
0 0.8977206312098188 0.534739847715736 0.12273524254821741 0.02633248730964467
0 0.19111630625365283 0.5766180203045685 0.3027469316189363 0.02633248730964467
0 0.8977206312098188 0.5766180203045685 0.12273524254821741 0.02633248730964467
0 0.13004091174751609 0.618496192893401 0.18176504967855056 0.028870558375634518
0 0.8880771478667446 0.6181789340101523 0.10344827586206896 0.02633248730964467
0 0.8880771478667446 0.6611675126903553 0.1081239041496201 0.031091370558375634
0 0.11922852133255406 0.6603743654822335 0.1542957334891876 0.025063451776649745
0 0.36499123319696086 0.7054251269035533 0.6458211572180012 0.03140862944162436
0 0.8834015195791934 0.7028870558375635 0.09877264757451783 0.02633248730964467
0 0.4035651665692577 0.746510152284264 0.722969023962595 0.03616751269035533
0 0.8834015195791934 0.7450824873096447 0.09877264757451783 0.025063451776649745
0 0.16715371127995324 0.7880710659898477 0.25014611338398596 0.027918781725888325
0 0.8834015195791934 0.7866434010152284 0.09877264757451783 0.025063451776649745
0 0.16130917592051433 0.827252538071066 0.23845704266510812 0.027601522842639593
0 0.8977206312098188 0.8285215736040609 0.12273524254821741 0.025063451776649745
1 0.489187609585038 0.24111675126903553 0.9000584453535944 0.0266497461928934
1 0.48509643483343073 0.28378807106598986 0.8953828170660433 0.030139593908629442
1 0.4862653419053185 0.3236040609137056 0.8953828170660433 0.030456852791878174
1 0.48831092928112213 0.3645304568527919 0.9053185271770894 0.037436548223350255
1 0.48772647574517825 0.4520939086294416 0.8947983635300993 0.03362944162436548
0 0.24225599064874342 0.40640862944162437 0.40502630040911747 0.03489847715736041
1 0.4865575686732905 0.4936548223350254 0.8947983635300993 0.03362944162436548
1 0.4994155464640561 0.5375951776649747 0.9263588544710696 0.03394670050761421
1 0.5005844535359439 0.5740799492385786 0.9263588544710696 0.03394670050761421
1 0.4915254237288136 0.618496192893401 0.9105786090005844 0.033312182741116754
1 0.4962010520163647 0.6603743654822335 0.9105786090005844 0.033312182741116754
1 0.489187609585038 0.7054251269035533 0.9105786090005844 0.033312182741116754
1 0.48509643483343073 0.7484137055837563 0.9000584453535944 0.03616751269035533
1 0.48772647574517825 0.7858502538071066 0.891291642314436 0.03362944162436548
1 0.5011689070718878 0.8288388324873096 0.9216832261835184 0.03394670050761421
