0 0.6691297208538588 0.18295491938137545 0.21604503870513722 0.026324448831852584
0 0.5961764015951208 0.21421520236920039 0.06544686840253343 0.025008226390259954
2 0.8304011259676284 0.2125699243172096 0.078348580811635 0.02040144784468575
0 0.5906638517475956 0.24251398486344192 0.05301430917194464 0.022375781507074696
2 0.8311048557353976 0.2435011516946364 0.07975604034717335 0.02040144784468575
0 0.6400422237860661 0.38153998025666336 0.1602158104621159 0.03126028298782494
2 0.7999061693642975 0.38038828562026983 0.07975604034717335 0.02040144784468575
0 0.6230354210649777 0.4091806515301086 0.126202205019939 0.022704837117472853
2 0.7999061693642975 0.4096742349457058 0.07975604034717335 0.02040144784468575
0 0.6174055829228243 0.44027640671273444 0.11400422237860662 0.02303389272787101
2 0.8003753225428102 0.44175715695952616 0.07975604034717335 0.02073050345508391
2 0.8142153413089374 0.4721948009213557 0.10649777152240207 0.027640671273445213
0 0.6045038705137228 0.4723593287265548 0.08773164438189068 0.021388614675880224
0 0.5499648135116115 0.5983876275090491 0.030260380014074596 0.022046725896676538
0 0.8305184142622566 0.6041461006910168 0.0964109781843772 0.029615004935834157
0 0.5531315974665728 0.6307996051332675 0.036593947923997186 0.027640671273445213
0 0.8240675580577058 0.6326094109904574 0.08350926577527562 0.024021059559065482
0 0.5636875439831105 0.6612372490950971 0.06098991320666197 0.029944060546232314
0 0.8252404410039879 0.6627179993418888 0.08350926577527562 0.02566633761105627
0 0.5760028149190711 0.6900296150049359 0.08233638282899367 0.022375781507074696
0 0.8279380717804363 0.6954590325765054 0.09125029322073656 0.025995393221454426
0 0.5824536711236219 0.7203027311615663 0.09523809523809523 0.027640671273445213
0 0.8057705840957072 0.7229351760447515 0.04456955195871452 0.022375781507074696
0 0.5896082570959418 0.7494241526818032 0.10954726718273516 0.02796972688384337
0 0.8213699272812574 0.757321487331359 0.07905231057940418 0.03060217176702863
0 0.5941825005864415 0.780519907864429 0.11869575416373446 0.027640671273445213
0 0.5896082570959418 0.8129318854886476 0.11283133943232465 0.031918394208621255
0 0.5707248416608023 0.8417242513984864 0.07459535538353272 0.02566633761105627
2 0.8301665493783721 0.18295491938137545 0.07975604034717335 0.02040144784468575
1 0.7162796152943937 0.18213228035538007 0.30893736805066857 0.02533728200065811
1 0.7172179216514192 0.24415926291543272 0.3070607553366174 0.02040144784468575
1 0.7173352099460474 0.21355709114840407 0.3077644851043866 0.026324448831852584
1 0.6998592540464461 0.38153998025666336 0.28078817733990147 0.033234616650213884
1 0.6998592540464461 0.41000329055610396 0.28078817733990147 0.02435011516946364
1 0.7003284072249589 0.44044093451793354 0.2798498709828759 0.023362948338269168
1 0.7148721557588553 0.47120763409016125 0.3070607553366174 0.02566633761105627
