0 0.4351851851851852 0.41356646825396826 0.40828924162257496 0.036458333333333336
0 0.3712522045855379 0.45349702380952384 0.2760141093474427 0.03546626984126984
0 0.414021164021164 0.4965277777777778 0.36596119929453264 0.03521825396825397
2 0.7037037037037037 0.49528769841269843 0.082010582010582 0.03273809523809524
0 0.42394179894179895 0.5394345238095238 0.38139329805996475 0.041666666666666664
0 0.3712522045855379 0.5804811507936508 0.2760141093474427 0.0339781746031746
2 0.7138447971781305 0.5778769841269841 0.0582010582010582 0.028769841269841268
0 0.44598765432098764 0.6726190476190477 0.24559082892416226 0.017361111111111112
0 0.4287918871252205 0.6925843253968254 0.21031746031746032 0.016121031746031748
2 0.6086860670194003 0.6935763888888888 0.040123456790123455 0.012152777777777778
0 0.44488536155202824 0.7126736111111112 0.24250440917107582 0.01711309523809524
0 0.4347442680776014 0.7327628968253969 0.21869488536155202 0.016121031746031748
2 0.6095679012345679 0.7342509920634921 0.040123456790123455 0.013640873015873016
0 0.4409171075837742 0.7543402777777778 0.23544973544973544 0.014632936507936508
0 0.44135802469135804 0.7762896825396826 0.23192239858906524 0.014384920634920634
0 0.37808641975308643 0.7966269841269841 0.10890652557319223 0.013392857142857142
2 0.6097883597883598 0.7986111111111112 0.04409171075837742 0.011904761904761904
0 0.37455908289241624 0.8174603174603174 0.0974426807760141 0.015873015873015872
2 0.6119929453262787 0.8188244047619048 0.03968253968253968 0.01314484126984127
2 0.7067901234567902 0.41517857142857145 0.082010582010582 0.03273809523809524
2 0.7153880070546738 0.5375744047619048 0.068342151675485 0.033482142857142856
2 0.6137566137566137 0.7137896825396826 0.04409171075837742 0.011904761904761904
2 0.6111111111111112 0.7554563492063492 0.04409171075837742 0.011904761904761904
2 0.6097883597883598 0.7765376984126984 0.04409171075837742 0.011904761904761904
2 0.6089065255731922 0.6732390873015873 0.03791887125220458 0.013640873015873016
1 0.4896384479717813 0.4134424603174603 0.5207231040564374 0.03819444444444445
1 0.48412698412698413 0.5782490079365079 0.5114638447971781 0.03447420634920635
1 0.48831569664902996 0.4959077380952381 0.5171957671957672 0.038938492063492064
1 0.48743386243386244 0.5380704365079365 0.5171957671957672 0.038938492063492064
1 0.47530864197530864 0.6723710317460317 0.30687830687830686 0.017361111111111112
1 0.47707231040564374 0.6929563492063492 0.30687830687830686 0.017361111111111112
1 0.4783950617283951 0.7123015873015873 0.31040564373897706 0.017361111111111112
1 0.4757495590828924 0.7336309523809523 0.30687830687830686 0.017361111111111112
1 0.4757495590828924 0.7547123015873016 0.30687830687830686 0.017361111111111112
1 0.47707231040564374 0.7752976190476191 0.30687830687830686 0.017361111111111112
1 0.4757495590828924 0.7978670634920635 0.30687830687830686 0.017361111111111112
1 0.4775132275132275 0.8169642857142857 0.30687830687830686 0.017361111111111112
