0 0.16458333333333333 0.24010416666666667 0.1875 0.019791666666666666
2 0.40555555555555556 0.23854166666666668 0.04722222222222222 0.016666666666666666
2 0.9055555555555556 0.24427083333333333 0.03611111111111111 0.015625
0 0.6125 0.246875 0.14722222222222223 0.016666666666666666
0 0.10555555555555556 0.259375 0.06944444444444445 0.016666666666666666
2 0.40347222222222223 0.259375 0.05138888888888889 0.016666666666666666
2 0.9055555555555556 0.26458333333333334 0.03611111111111111 0.016666666666666666
0 0.6159722222222223 0.26927083333333335 0.15138888888888888 0.021875
0 0.17916666666666667 0.28020833333333334 0.21944444444444444 0.022916666666666665
2 0.40555555555555556 0.28020833333333334 0.04722222222222222 0.016666666666666666
2 0.9055555555555556 0.28541666666666665 0.03611111111111111 0.014583333333333334
0 0.5972222222222222 0.28802083333333334 0.11666666666666667 0.017708333333333333
0 0.14652777777777778 0.30104166666666665 0.15416666666666667 0.01875
2 0.40555555555555556 0.30052083333333335 0.04722222222222222 0.015625
2 0.9076388888888889 0.30520833333333336 0.04027777777777778 0.016666666666666666
0 0.6430555555555556 0.30885416666666665 0.20555555555555555 0.019791666666666666
0 0.14652777777777778 0.32135416666666666 0.15416666666666667 0.017708333333333333
2 0.40555555555555556 0.32083333333333336 0.04722222222222222 0.016666666666666666
2 0.90625 0.3260416666666667 0.0375 0.016666666666666666
0 0.6 0.32916666666666666 0.12222222222222222 0.01875
0 0.11458333333333333 0.3421875 0.09027777777777778 0.021875
2 0.40555555555555556 0.3416666666666667 0.04722222222222222 0.016666666666666666
2 0.9055555555555556 0.3458333333333333 0.03611111111111111 0.016666666666666666
0 0.6125 0.3494791666666667 0.14444444444444443 0.017708333333333333
0 0.12986111111111112 0.3625 0.12083333333333333 0.01875
2 0.40555555555555556 0.3614583333333333 0.04722222222222222 0.014583333333333334
2 0.90625 0.36666666666666664 0.0375 0.016666666666666666
0 0.6194444444444445 0.3703125 0.16111111111111112 0.017708333333333333
0 0.13125 0.3828125 0.12083333333333333 0.017708333333333333
2 0.4097222222222222 0.38125 0.03888888888888889 0.014583333333333334
0 0.16319444444444445 0.40260416666666665 0.19027777777777777 0.019791666666666666
2 0.40555555555555556 0.4010416666666667 0.04722222222222222 0.016666666666666666
0 0.1388888888888889 0.421875 0.1388888888888889 0.016666666666666666
2 0.40347222222222223 0.421875 0.05138888888888889 0.016666666666666666
0 0.12777777777777777 0.4421875 0.11666666666666667 0.017708333333333333
2 0.40347222222222223 0.4421875 0.05138888888888889 0.015625
0 0.1451388888888889 0.4630208333333333 0.15416666666666667 0.019791666666666666
2 0.40555555555555556 0.4625 0.04722222222222222 0.016666666666666666
0 0.12986111111111112 0.484375 0.12361111111111112 0.01875
2 0.40555555555555556 0.48333333333333334 0.04722222222222222 0.016666666666666666
0 0.1388888888888889 0.5041666666666667 0.1388888888888889 0.020833333333333332
2 0.40555555555555556 0.503125 0.04722222222222222 0.014583333333333334
0 0.17430555555555555 0.5244791666666667 0.2125 0.019791666666666666
2 0.40555555555555556 0.5234375 0.04722222222222222 0.015625
0 0.15069444444444444 0.5458333333333333 0.16527777777777777 0.01875
2 0.40555555555555556 0.5442708333333334 0.04722222222222222 0.015625
0 0.1375 0.5640625 0.1388888888888889 0.021875
2 0.40555555555555556 0.5645833333333333 0.04722222222222222 0.014583333333333334
0 0.5979166666666667 0.5848958333333333 0.11805555555555555 0.017708333333333333
2 0.90625 0.5859375 0.0375 0.015625
0 0.5888888888888889 0.6046875 0.1 0.017708333333333333
2 0.90625 0.6052083333333333 0.0375 0.016666666666666666
0 0.5888888888888889 0.6255208333333333 0.1 0.017708333333333333
2 0.90625 0.6260416666666667 0.0375 0.016666666666666666
0 0.5993055555555555 0.646875 0.12361111111111112 0.020833333333333332
2 0.90625 0.6463541666666667 0.0375 0.015625
0 0.6236111111111111 0.6661458333333333 0.16944444444444445 0.017708333333333333
2 0.9055555555555556 0.6666666666666666 0.03611111111111111 0.016666666666666666
0 0.6020833333333333 0.6869791666666667 0.12638888888888888 0.017708333333333333
2 0.9055555555555556 0.6875 0.03611111111111111 0.016666666666666666
0 0.6138888888888889 0.7067708333333333 0.15 0.021875
2 0.90625 0.7083333333333334 0.0375 0.016666666666666666
0 0.5854166666666667 0.7276041666666667 0.09027777777777778 0.015625
2 0.90625 0.7276041666666667 0.0375 0.015625
0 0.5854166666666667 0.7484375 0.09027777777777778 0.015625
2 0.90625 0.7479166666666667 0.0375 0.014583333333333334
2 0.90625 0.7677083333333333 0.0375 0.016666666666666666
0 0.5909722222222222 0.76875 0.10138888888888889 0.014583333333333334
0 0.5986111111111111 0.7890625 0.11666666666666667 0.021875
2 0.90625 0.7885416666666667 0.0375 0.016666666666666666
0 0.14652777777777778 0.8015625 0.15138888888888888 0.017708333333333333
2 0.4083333333333333 0.8026041666666667 0.03888888888888889 0.015625
0 0.12986111111111112 0.8234375 0.11805555555555555 0.019791666666666666
2 0.4083333333333333 0.8229166666666666 0.041666666666666664 0.01875
0 0.13333333333333333 0.8432291666666667 0.125 0.017708333333333333
2 0.4083333333333333 0.8427083333333333 0.03888888888888889 0.016666666666666666
0 0.1638888888888889 0.8635416666666667 0.18888888888888888 0.022916666666666665
2 0.4083333333333333 0.8635416666666667 0.03888888888888889 0.016666666666666666
0 0.14166666666666666 0.884375 0.14444444444444443 0.020833333333333332
2 0.4083333333333333 0.8838541666666667 0.03888888888888889 0.015625
0 0.12777777777777777 0.9046875 0.11944444444444445 0.017708333333333333
2 0.4083333333333333 0.9041666666666667 0.03888888888888889 0.016666666666666666
0 0.12569444444444444 0.925 0.11527777777777778 0.016666666666666666
2 0.40902777777777777 0.925 0.04027777777777778 0.016666666666666666
0 0.16319444444444445 0.9458333333333333 0.1875 0.020833333333333332
2 0.40902777777777777 0.9447916666666667 0.04027777777777778 0.014583333333333334
0 0.14722222222222223 0.9645833333333333 0.15833333333333333 0.016666666666666666
2 0.4083333333333333 0.9651041666666667 0.03888888888888889 0.015625
1 0.24930555555555556 0.23958333333333334 0.3597222222222222 0.020833333333333332
1 0.25 0.25885416666666666 0.35833333333333334 0.017708333333333333
1 0.25069444444444444 0.28020833333333334 0.3597222222222222 0.020833333333333332
1 0.24791666666666667 0.3 0.3597222222222222 0.020833333333333332
1 0.24791666666666667 0.31979166666666664 0.3597222222222222 0.020833333333333332
1 0.24930555555555556 0.340625 0.3597222222222222 0.020833333333333332
1 0.24930555555555556 0.3614583333333333 0.3597222222222222 0.020833333333333332
1 0.24791666666666667 0.38125 0.3597222222222222 0.020833333333333332
1 0.2465277777777778 0.403125 0.3597222222222222 0.020833333333333332
1 0.24791666666666667 0.421875 0.3597222222222222 0.020833333333333332
1 0.24930555555555556 0.44166666666666665 0.3597222222222222 0.020833333333333332
1 0.24930555555555556 0.4635416666666667 0.3597222222222222 0.020833333333333332
1 0.24930555555555556 0.48333333333333334 0.3597222222222222 0.020833333333333332
1 0.24930555555555556 0.503125 0.3597222222222222 0.020833333333333332
1 0.2465277777777778 0.5635416666666667 0.3597222222222222 0.020833333333333332
1 0.2465277777777778 0.525 0.3597222222222222 0.020833333333333332
1 0.2465277777777778 0.5427083333333333 0.3597222222222222 0.020833333333333332
1 0.7305555555555555 0.24583333333333332 0.3888888888888889 0.01875
1 0.7333333333333333 0.2875 0.3888888888888889 0.01875
1 0.7319444444444444 0.2677083333333333 0.3861111111111111 0.020833333333333332
1 0.7347222222222223 0.30833333333333335 0.3861111111111111 0.020833333333333332
1 0.7333333333333333 0.328125 0.3861111111111111 0.020833333333333332
1 0.7333333333333333 0.34791666666666665 0.3861111111111111 0.020833333333333332
1 0.7319444444444444 0.36770833333333336 0.3861111111111111 0.020833333333333332
1 0.7305555555555555 0.6041666666666666 0.3861111111111111 0.020833333333333332
1 0.7291666666666666 0.5822916666666667 0.3861111111111111 0.020833333333333332
1 0.7305555555555555 0.6260416666666667 0.3861111111111111 0.020833333333333332
1 0.7319444444444444 0.646875 0.3861111111111111 0.020833333333333332
1 0.73125 0.6651041666666667 0.3875 0.019791666666666666
1 0.7305555555555555 0.7875 0.3861111111111111 0.020833333333333332
1 0.73125 0.6859375 0.3875 0.019791666666666666
1 0.7305555555555555 0.7677083333333333 0.38333333333333336 0.01875
1 0.7319444444444444 0.7072916666666667 0.3888888888888889 0.020833333333333332
1 0.7319444444444444 0.7291666666666666 0.3888888888888889 0.020833333333333332
1 0.7333333333333333 0.746875 0.3888888888888889 0.020833333333333332
1 0.24791666666666667 0.8015625 0.3597222222222222 0.019791666666666666
1 0.25069444444444444 0.8223958333333333 0.3597222222222222 0.019791666666666666
1 0.24930555555555556 0.8411458333333334 0.3597222222222222 0.019791666666666666
1 0.24791666666666667 0.8630208333333333 0.3597222222222222 0.019791666666666666
1 0.24791666666666667 0.8838541666666667 0.3597222222222222 0.019791666666666666
1 0.2465277777777778 0.9026041666666667 0.3597222222222222 0.019791666666666666
1 0.24791666666666667 0.9234375 0.3597222222222222 0.019791666666666666
1 0.2465277777777778 0.9453125 0.3597222222222222 0.019791666666666666
1 0.2465277777777778 0.9640625 0.3597222222222222 0.019791666666666666
