2 0.7922155688622754 0.45330882352941176 0.16167664670658682 0.022794117647058822
0 0.34251497005988024 0.4919117647058823 0.32335329341317365 0.033823529411764704
2 0.7904191616766467 0.4933823529411765 0.16526946107784432 0.026470588235294117
0 0.3005988023952096 0.5400735294117647 0.23952095808383234 0.04338235294117647
2 0.7910179640718563 0.5341911764705882 0.16407185628742516 0.02426470588235294
0 0.3143712574850299 0.5783088235294118 0.27664670658682633 0.027205882352941177
2 0.7910179640718563 0.5753676470588235 0.16407185628742516 0.02426470588235294
0 0.3089820359281437 0.6176470588235294 0.2562874251497006 0.033823529411764704
2 0.7910179640718563 0.6165441176470589 0.16407185628742516 0.02426470588235294
0 0.3389221556886228 0.45625 0.3017964071856287 0.03161764705882353
1 0.5365269461077844 0.4573529411764706 0.6802395209580838 0.033823529411764704
1 0.5287425149700599 0.4922794117647059 0.6862275449101797 0.03602941176470588
1 0.5275449101796407 0.5768382352941176 0.7029940119760479 0.025735294117647058
1 0.5311377245508982 0.5378676470588235 0.6910179640718563 0.04191176470588235
1 0.5329341317365269 0.6165441176470589 0.704191616766467 0.03308823529411765
