0 0.3936046511627907 0.4141263940520446 0.2755813953488372 0.035687732342007436
2 0.7767441860465116 0.41263940520446096 0.16046511627906976 0.025278810408921933
0 0.363953488372093 0.45539033457249073 0.22093023255813954 0.0275092936802974
2 0.7767441860465116 0.45427509293680296 0.16046511627906976 0.025278810408921933
0 0.35523255813953486 0.49739776951672865 0.20813953488372092 0.02825278810408922
2 0.7767441860465116 0.4955390334572491 0.16046511627906976 0.02453531598513011
0 0.37790697674418605 0.5368029739776952 0.2813953488372093 0.035687732342007436
2 0.7767441860465116 0.5364312267657992 0.16046511627906976 0.026022304832713755
0 0.40581395348837207 0.5773234200743494 0.31627906976744186 0.03345724907063197
2 0.7767441860465116 0.5780669144981413 0.16046511627906976 0.026022304832713755
1 0.5627906976744186 0.4144981412639405 0.5953488372093023 0.03494423791821561
1 0.5598837209302325 0.4546468401486989 0.6058139534883721 0.03345724907063197
1 0.5558139534883721 0.49516728624535317 0.6046511627906976 0.026765799256505577
1 0.5511627906976744 0.5356877323420074 0.6116279069767442 0.036431226765799254
1 0.5529069767441861 0.5758364312267658 0.608139534883721 0.036431226765799254
