0 0.3655043586550436 0.4046511627906977 0.3125778331257783 0.023255813953488372
2 0.8281444582814446 0.4046511627906977 0.1718555417185554 0.023255813953488372
0 0.3119551681195517 0.4434108527131783 0.20797011207970112 0.021705426356589147
2 0.8281444582814446 0.4437984496124031 0.1718555417185554 0.02248062015503876
0 0.3244084682440847 0.48255813953488375 0.23785803237858033 0.03488372093023256
2 0.8387297633872977 0.48294573643410854 0.1506849315068493 0.023255813953488372
0 0.31880448318804483 0.5201550387596899 0.2191780821917808 0.02635658914728682
2 0.8281444582814446 0.5217054263565891 0.1718555417185554 0.021705426356589147
0 0.3175591531755915 0.562015503875969 0.21668742216687423 0.021705426356589147
2 0.8281444582814446 0.562015503875969 0.1718555417185554 0.021705426356589147
0 0.34184308841843086 0.6034883720930233 0.26525529265255293 0.027131782945736434
2 0.8281444582814446 0.6007751937984496 0.1718555417185554 0.021705426356589147
0 0.38854296388542964 0.6406976744186047 0.3586550435865504 0.027131782945736434
2 0.8281444582814446 0.6391472868217054 0.1718555417185554 0.02248062015503876
1 0.5597758405977584 0.4042635658914729 0.7061021170610212 0.024031007751937984
1 0.5572851805728518 0.44302325581395346 0.7061021170610212 0.024031007751937984
1 0.5591531755915318 0.5197674418604651 0.709838107098381 0.027131782945736434
1 0.5603985056039851 0.560077519379845 0.709838107098381 0.027131782945736434
1 0.5597758405977584 0.6015503875968993 0.7135740971357409 0.027906976744186046
1 0.5610211706102117 0.637984496124031 0.7135740971357409 0.027906976744186046
1 0.5585305105853051 0.48333333333333334 0.7085927770859277 0.03798449612403101
