0 0.4062119366626066 0.42552366175329714 0.3568818514007308 0.03180760279286268
2 0.8191230207064556 0.4270752521334368 0.16443361753958588 0.022498060512024826
0 0.3233861144945189 0.46547711404189296 0.19366626065773446 0.032583397982932506
2 0.8166869671132765 0.46547711404189296 0.16443361753958588 0.021722265321955005
0 0.3337393422655298 0.5050426687354539 0.2143727161997564 0.031031807602792862
2 0.8166869671132765 0.5050426687354539 0.16443361753958588 0.023273855702094646
0 0.3166869671132765 0.543832428238945 0.18270401948842874 0.038789759503491075
2 0.8166869671132765 0.5446082234290147 0.16443361753958588 0.021722265321955005
0 0.3763702801461632 0.582622187742436 0.30694275274056027 0.03413498836307215
2 0.8166869671132765 0.5841737781225756 0.16443361753958588 0.021722265321955005
0 0.38550548112058464 0.6225756400310318 0.31303288672350793 0.03335919317300233
2 0.8191230207064556 0.6229635376260667 0.16443361753958588 0.021722265321955005
0 0.3386114494518879 0.6613653995345229 0.2241169305724726 0.030256012412723042
2 0.8258221680876979 0.6617532971295578 0.146163215590743 0.021722265321955005
0 0.3440925700365408 0.7017067494181536 0.2350791717417783 0.03335919317300233
2 0.8166869671132765 0.7017067494181536 0.16443361753958588 0.022498060512024826
1 0.5639464068209501 0.425911559348332 0.679658952496955 0.032583397982932506
1 0.5627283800243605 0.465089216446858 0.6772228989037758 0.03491078355314197
1 0.5639464068209501 0.5027152831652444 0.6747868453105969 0.032583397982932506
1 0.561510353227771 0.54344453064391 0.6772228989037758 0.04266873545384019
1 0.5621193666260658 0.5818463925523661 0.6760048721071864 0.035686578743211794
1 0.5639464068209501 0.6225756400310318 0.679658952496955 0.03335919317300233
1 0.5627283800243605 0.6602017067494181 0.6723507917174177 0.02948021722265322
1 0.5627283800243605 0.7028704422032583 0.6723507917174177 0.035686578743211794
