0 0.3894799054373522 0.38596491228070173 0.31796690307328607 0.02745995423340961
2 0.799645390070922 0.38367658276125094 0.16193853427895982 0.02288329519450801
2 0.8008274231678487 0.4225781845919146 0.1595744680851064 0.02135774218154081
0 0.34929078014184395 0.425629290617849 0.2375886524822695 0.02593440122044241
0 0.35697399527186763 0.4622425629290618 0.2553191489361702 0.028985507246376812
2 0.8008274231678487 0.4610983981693364 0.16193853427895982 0.02517162471395881
0 0.3628841607565012 0.5003813882532419 0.26713947990543735 0.03051106025934401
2 0.8008274231678487 0.4996186117467582 0.1595744680851064 0.02288329519450801
0 0.3640661938534279 0.5392829900839055 0.2647754137115839 0.03051106025934401
2 0.8008274231678487 0.5385202135774219 0.1595744680851064 0.02135774218154081
0 0.38416075650118203 0.5751334858886347 0.30969267139479906 0.033562166285278416
2 0.8008274231678487 0.5766590389016019 0.16193853427895982 0.02440884820747521
0 0.35106382978723405 0.6163234172387491 0.24822695035460993 0.03051106025934401
2 0.8008274231678487 0.6155606407322655 0.1595744680851064 0.02288329519450801
0 0.42139479905437355 0.6552250190694127 0.37943262411347517 0.028985507246376812
2 0.8008274231678487 0.6536994660564455 0.16193853427895982 0.02440884820747521
1 0.5549645390070922 0.38672768878718533 0.6513002364066194 0.02745995423340961
1 0.5567375886524822 0.42372234935164 0.6501182033096927 0.02517162471395881
1 0.5543735224586288 0.4607170099160946 0.6501182033096927 0.028985507246376812
1 0.5526004728132388 0.5015255530129672 0.6536643026004728 0.034324942791762014
1 0.556146572104019 0.5377574370709383 0.648936170212766 0.03051106025934401
1 0.557919621749409 0.5751334858886347 0.6548463356973995 0.033562166285278416
1 0.5555555555555556 0.6151792524790236 0.6524822695035462 0.029748283752860413
1 0.5555555555555556 0.6552250190694127 0.6524822695035462 0.03051106025934401
