0 0.33413461538461536 0.44181380417335475 0.25 0.02969502407704655
2 0.7007211538461539 0.4390048154093098 0.1658653846153846 0.024077046548956663
0 0.3203125 0.48274478330658105 0.21995192307692307 0.02969502407704655
2 0.7007211538461539 0.4799357945425361 0.1658653846153846 0.024077046548956663
0 0.33533653846153844 0.5232744783306581 0.25240384615384615 0.028892455858747994
2 0.7019230769230769 0.5220706260032103 0.16346153846153846 0.023274478330658106
0 0.359375 0.5638041733547352 0.2980769230769231 0.028089887640449437
2 0.7019230769230769 0.5613964686998395 0.16346153846153846 0.023274478330658106
0 0.36538461538461536 0.601123595505618 0.31009615384615385 0.025682182985553772
2 0.7019230769230769 0.6027287319422151 0.16346153846153846 0.02247191011235955
0 0.3701923076923077 0.6424558587479936 0.3245192307692308 0.03451043338683788
2 0.7019230769230769 0.6432584269662921 0.16346153846153846 0.023274478330658106
0 0.3389423076923077 0.6833868378812199 0.25961538461538464 0.03932584269662921
2 0.7019230769230769 0.6841894060995185 0.16346153846153846 0.021669341894060994
0 0.29867788461538464 0.7251203852327448 0.17668269230769232 0.028089887640449437
2 0.7019230769230769 0.723916532905297 0.16346153846153846 0.02247191011235955
0 0.36538461538461536 0.7620385232744783 0.3125 0.026484751203852328
2 0.7001201923076923 0.7632423756019262 0.16706730769230768 0.024077046548956663
0 0.38221153846153844 0.8061797752808989 0.34615384615384615 0.03290529695024077
2 0.7019230769230769 0.8057784911717496 0.16346153846153846 0.02247191011235955
1 0.49759615384615385 0.442215088282504 0.5793269230769231 0.028892455858747994
1 0.4951923076923077 0.48154093097913325 0.5793269230769231 0.028892455858747994
1 0.4963942307692308 0.5232744783306581 0.5793269230769231 0.028892455858747994
1 0.4987980769230769 0.5626003210272873 0.5793269230769231 0.028892455858747994
1 0.4987980769230769 0.601123595505618 0.5793269230769231 0.028892455858747994
1 0.4963942307692308 0.6420545746388443 0.5817307692307693 0.03691813804173355
1 0.49399038461538464 0.6845906902086677 0.5817307692307693 0.03691813804173355
1 0.49759615384615385 0.8065810593900482 0.5817307692307693 0.03691813804173355
1 0.4987980769230769 0.7247191011235955 0.5793269230769231 0.028892455858747994
1 0.49759615384615385 0.7632423756019262 0.5793269230769231 0.028892455858747994
