0 0.42470588235294116 0.1960418222554145 0.02823529411764706 0.018670649738610903
0 0.37941176470588234 0.3827483196415235 0.31882352941176473 0.0351008215085885
2 0.7805882352941177 0.38349514563106796 0.16117647058823528 0.021657953696788648
0 0.34411764705882353 0.4193427931292009 0.25058823529411767 0.02912621359223301
2 0.7817647058823529 0.42083644510828977 0.1635294117647059 0.021657953696788648
0 0.3905882352941176 0.45892457057505603 0.33647058823529413 0.02912621359223301
2 0.7829411764705883 0.45892457057505603 0.16117647058823528 0.021657953696788648
0 0.3170588235294118 0.4940253920836445 0.19411764705882353 0.026138909634055265
2 0.7805882352941177 0.49663928304705 0.16117647058823528 0.020911127707244213
0 0.3076470588235294 0.5332337565347274 0.17529411764705882 0.03286034353995519
2 0.7805882352941177 0.5343539955190441 0.16117647058823528 0.021657953696788648
0 0.3305882352941176 0.5713218820014937 0.2188235294117647 0.03136669156086632
2 0.7805882352941177 0.5724421209858103 0.16117647058823528 0.021657953696788648
0 0.31588235294117645 0.60604929051531 0.19176470588235295 0.027632561613144136
2 0.7805882352941177 0.6097834204630321 0.16117647058823528 0.021657953696788648
0 0.32823529411764707 0.6471247199402539 0.2164705882352941 0.030619865571321882
2 0.7805882352941177 0.6478715459297983 0.16117647058823528 0.021657953696788648
0 0.31411764705882356 0.6822255414488424 0.18352941176470589 0.026138909634055265
2 0.7805882352941177 0.684839432412248 0.16117647058823528 0.020911127707244213
0 0.3876470588235294 0.7236743838685586 0.34 0.03435399551904406
2 0.7817647058823529 0.722554144884242 0.1588235294117647 0.02315160567587752
1 0.54 0.38125466766243465 0.6470588235294118 0.0351008215085885
1 0.5429411764705883 0.417849141150112 0.6458823529411765 0.03211351755041075
1 0.5464705882352942 0.45967139656460043 0.6458823529411765 0.03211351755041075
1 0.5405882352941176 0.4940253920836445 0.6458823529411765 0.03211351755041075
1 0.5417647058823529 0.5328603435399552 0.6458823529411765 0.03211351755041075
1 0.5429411764705883 0.570201643017177 0.6458823529411765 0.03211351755041075
1 0.5417647058823529 0.6053024645257655 0.6458823529411765 0.03211351755041075
1 0.5394117647058824 0.6448842419716206 0.6458823529411765 0.03211351755041075
1 0.5417647058823529 0.6822255414488424 0.6458823529411765 0.03211351755041075
1 0.5370588235294118 0.722554144884242 0.6458823529411765 0.03211351755041075
