0 0.3354725787631272 0.4388318863456985 0.19019836639439908 0.02999210734017364
2 0.6977829638273045 0.44238358326756116 0.14002333722287047 0.022888713496448304
0 0.37281213535589264 0.48382004735595896 0.26487747957992996 0.03472770323599053
2 0.6977829638273045 0.48263614838200475 0.14002333722287047 0.022888713496448304
0 0.3453908984830805 0.5201262825572218 0.2100350058343057 0.026835043409629045
2 0.6977829638273045 0.5232833464877664 0.14002333722287047 0.02367797947908445
0 0.3354725787631272 0.563930544593528 0.19253208868144692 0.030781373322809787
2 0.6890315052508752 0.5631412786108919 0.15752625437572929 0.021310181531176007
0 0.3646441073512252 0.601420678768745 0.2485414235705951 0.036306235201262825
2 0.6977829638273045 0.6026045777426993 0.14002333722287047 0.022888713496448304
0 0.382147024504084 0.6397000789265983 0.28354725787631274 0.02920284135753749
2 0.6989498249708285 0.6428571428571429 0.13768961493582263 0.022888713496448304
0 0.3809801633605601 0.6823204419889503 0.2812135355892649 0.022888713496448304
2 0.6977829638273045 0.6823204419889503 0.14002333722287047 0.022888713496448304
0 0.3733955659276546 0.72336227308603 0.2660443407234539 0.03235990528808208
2 0.6989498249708285 0.72336227308603 0.13768961493582263 0.021310181531176007
1 0.5029171528588098 0.44001578531965274 0.5274212368728122 0.02920284135753749
1 0.5064177362893816 0.7225730071033939 0.5320886814469078 0.030781373322809787
1 0.5017502917152858 0.48105761641673245 0.5320886814469078 0.030781373322809787
1 0.5064177362893816 0.5193370165745856 0.5320886814469078 0.026835043409629045
1 0.5075845974329055 0.56353591160221 0.5390898483080513 0.03157063930544594
1 0.5017502917152858 0.6416732438831886 0.5390898483080513 0.03157063930544594
1 0.5064177362893816 0.680741910023678 0.5460910151691949 0.027624309392265192
1 0.5075845974329055 0.6018153117600631 0.5227537922987164 0.03867403314917127
