0 0.3119047619047619 0.37228654124457305 0.18333333333333332 0.029667149059334298
2 0.7946428571428571 0.3719247467438495 0.16071428571428573 0.02170767004341534
0 0.34464285714285714 0.4070188133140376 0.25357142857142856 0.026772793053545588
2 0.7946428571428571 0.4081041968162084 0.16071428571428573 0.02170767004341534
0 0.3279761904761905 0.4446454413892909 0.2130952380952381 0.020984081041968163
2 0.7946428571428571 0.4446454413892909 0.16071428571428573 0.020984081041968163
0 0.3630952380952381 0.4833574529667149 0.2857142857142857 0.02604920405209841
2 0.7934523809523809 0.48118668596237335 0.1630952380952381 0.02170767004341534
0 0.39464285714285713 0.5177279305354558 0.3488095238095238 0.031114327062228653
2 0.7946428571428571 0.5180897250361794 0.16071428571428573 0.020260492040520984
0 0.42857142857142855 0.5553545586107091 0.42142857142857143 0.031114327062228653
2 0.7934523809523809 0.5542691751085383 0.1630952380952381 0.020260492040520984
0 0.32857142857142857 0.58972503617945 0.21666666666666667 0.02604920405209841
2 0.794047619047619 0.5908104196816208 0.16428571428571428 0.031114327062228653
0 0.3607142857142857 0.48191027496382055 0.2857142857142857 0.02604920405209841
1 0.55 0.3719247467438495 0.6619047619047619 0.03183791606367583
1 0.5511904761904762 0.4044862518089725 0.6619047619047619 0.03183791606367583
1 0.5511904761904762 0.48263386396526775 0.6619047619047619 0.03183791606367583
1 0.5511904761904762 0.515918958031838 0.6619047619047619 0.03183791606367583
1 0.55 0.552821997105644 0.6619047619047619 0.03183791606367583
1 0.5761904761904761 0.5890014471780028 0.719047619047619 0.03328509406657019
1 0.5476190476190477 0.4439218523878437 0.6619047619047619 0.02532561505065123
