0 0.4523305084745763 0.08776806989674345 0.817090395480226 0.11834789515488484
0 0.3594632768361582 0.4994042891183479 0.268361581920904 0.025019857029388404
2 0.6034604519774012 0.49821286735504366 0.06991525423728813 0.018665607625099286
0 0.3283898305084746 0.5557982525814138 0.2076271186440678 0.02660841938046068
2 0.6578389830508474 0.5561953931691819 0.17443502824858756 0.022637013502779985
2 0.6627824858757062 0.5835980937251787 0.1885593220338983 0.020254169976171566
0 0.2521186440677966 0.5849880857823669 0.05790960451977401 0.019857029388403495
0 0.2715395480225989 0.6115965051628276 0.09533898305084745 0.021445591739475776
2 0.6059322033898306 0.6123907863383637 0.07062146892655367 0.019857029388403495
0 0.3107344632768362 0.6409849086576648 0.1694915254237288 0.019857029388403495
2 0.6394774011299436 0.6409849086576648 0.13771186440677965 0.019857029388403495
0 0.3107344632768362 0.6715647339158062 0.17372881355932204 0.023828435266084195
2 0.6949152542372882 0.6729547259729944 0.10875706214689265 0.029785544082605243
0 0.3107344632768362 0.7007545671167593 0.17372881355932204 0.022637013502779985
2 0.6165254237288136 0.6993645750595711 0.04943502824858757 0.019857029388403495
0 0.3107344632768362 0.7279586973788721 0.1751412429378531 0.026211278792692614
2 0.6186440677966102 0.7287529785544082 0.04943502824858757 0.018268467037331215
0 0.3605225988700565 0.7565528196981731 0.2747175141242938 0.023034154090548053
2 0.6581920903954802 0.7597299444003177 0.1751412429378531 0.027005559968228753
1 0.4325564971751412 0.4994042891183479 0.413135593220339 0.023431294678316124
1 0.4844632768361582 0.5550039714058776 0.5254237288135594 0.025019857029388404
1 0.4897598870056497 0.5847895154884829 0.5388418079096046 0.02660841938046068
1 0.4262005649717514 0.6098093725178714 0.4230225988700565 0.024225575853852262
1 0.4343220338983051 0.6995631453534551 0.4251412429378531 0.023431294678316124
1 0.4357344632768362 0.72736298649722 0.4251412429378531 0.023431294678316124
1 0.4657485875706215 0.642374900714853 0.4879943502824859 0.023431294678316124
1 0.4876412429378531 0.7581413820492454 0.5261299435028248 0.028594122319301033
1 0.4834039548022599 0.6727561556791104 0.5261299435028248 0.028594122319301033
