0 0.47971781305114636 0.6174355158730159 0.042328042328042326 0.01314484126984127
2 0.6168430335097002 0.6164434523809523 0.042328042328042326 0.01066468253968254
0 0.47663139329806 0.6318204365079365 0.03527336860670194 0.01314484126984127
2 0.6172839506172839 0.6305803571428571 0.042328042328042326 0.01066468253968254
2 0.6168430335097002 0.6455853174603174 0.042328042328042326 0.011904761904761904
0 0.48743386243386244 0.6593501984126984 0.05599647266313933 0.01066468253968254
2 0.6170634920634921 0.6591021825396826 0.0445326278659612 0.012152777777777778
0 0.5068342151675485 0.6729910714285714 0.09303350970017636 0.01314484126984127
2 0.6192680776014109 0.6729910714285714 0.04188712522045855 0.01066468253968254
2 0.6183862433862434 0.6866319444444444 0.04188712522045855 0.01066468253968254
0 0.5130070546737213 0.7006448412698413 0.10449735449735449 0.013392857142857142
2 0.6203703703703703 0.7010168650793651 0.04409171075837742 0.012152777777777778
0 0.48412698412698413 0.7162698412698413 0.04673721340388007 0.011904761904761904
2 0.6199294532627866 0.714781746031746 0.04409171075837742 0.011904761904761904
0 0.44819223985890655 0.7470238095238095 0.222663139329806 0.018353174603174604
2 0.6179453262786596 0.7456597222222222 0.0445326278659612 0.01314484126984127
0 0.4210758377425044 0.7652529761904762 0.164021164021164 0.018601190476190476
2 0.6201499118165785 0.7640128968253969 0.0445326278659612 0.014632936507936508
0 0.4078483245149912 0.791046626984127 0.13668430335097 0.018601190476190476
2 0.621031746031746 0.7925347222222222 0.0445326278659612 0.01314484126984127
0 0.5121252204585538 0.6867559523809523 0.10449735449735449 0.013392857142857142
0 0.4757495590828924 0.6467013888888888 0.03527336860670194 0.01314484126984127
0 0.5209435626102292 0.5773809523809523 0.1283068783068783 0.011408730158730158
0 0.5213844797178131 0.5911458333333334 0.12918871252204586 0.016121031746031748
2 0.61331569664903 0.5760168650793651 0.047619047619047616 0.012152777777777778
2 0.61331569664903 0.5901537698412699 0.047619047619047616 0.012152777777777778
1 0.5476190476190477 0.5765128968253969 0.18342151675485008 0.012152777777777778
1 0.5478395061728395 0.5915178571428571 0.18298059964726632 0.016865079365079364
1 0.5496031746031746 0.6174355158730159 0.18209876543209877 0.01314484126984127
1 0.5496031746031746 0.6315724206349206 0.18209876543209877 0.01314484126984127
1 0.5473985890652557 0.6454613095238095 0.18209876543209877 0.01314484126984127
1 0.5509259259259259 0.6593501984126984 0.18209876543209877 0.01314484126984127
1 0.5500440917107584 0.6729910714285714 0.18209876543209877 0.01314484126984127
1 0.5496031746031746 0.6868799603174603 0.18209876543209877 0.01314484126984127
1 0.5509259259259259 0.7015128968253969 0.18209876543209877 0.01314484126984127
1 0.5504850088183422 0.7156498015873016 0.18209876543209877 0.01314484126984127
1 0.4916225749559083 0.7912946428571429 0.30335097001763667 0.018105158730158732
1 0.49029982363315694 0.7655009920634921 0.30335097001763667 0.018105158730158732
1 0.4880952380952381 0.7471478174603174 0.30335097001763667 0.018105158730158732
