0 0.613431151241535 0.32896959459459457 0.18397291196388263 0.03125
0 0.6044018058690744 0.36697635135135137 0.16591422121896163 0.02956081081081081
2 0.8030474040632054 0.36824324324324326 0.1433408577878104 0.02533783783783784
0 0.6151241534988713 0.42947635135135137 0.18961625282167044 0.03125
0 0.26354401805869077 0.44890202702702703 0.26749435665914223 0.041385135135135136
0 0.6055304740406321 0.46790540540540543 0.17042889390519186 0.02702702702702703
2 0.8086907449209932 0.4691722972972973 0.15688487584650113 0.02787162162162162
0 0.25 0.5219594594594594 0.2832957110609481 0.03885135135135135
0 0.6190744920993227 0.5308277027027027 0.19751693002257337 0.03125
0 0.2505643340857788 0.5629222972972973 0.22573363431151242 0.03462837837837838
0 0.6072234762979684 0.5726351351351351 0.17381489841986456 0.030405405405405407
2 0.8143340857787811 0.5713682432432432 0.1523702031602709 0.026182432432432432
0 0.35214446952595935 0.6296452702702703 0.4221218961625282 0.032939189189189186
2 0.8098194130925508 0.6338682432432432 0.16817155756207675 0.026182432432432432
0 0.34198645598194133 0.6765202702702703 0.4153498871331828 0.03885135135135135
0 0.835214446952596 0.6820101351351351 0.13544018058690746 0.03800675675675676
0 0.31207674943566593 0.7250844594594594 0.3600451467268623 0.036317567567567564
2 0.7957110609480813 0.731418918918919 0.23476297968397292 0.037162162162162164
0 0.3809255079006772 0.7744932432432432 0.5158013544018059 0.04391891891891892
0 0.3340857787810384 0.9653716216216216 0.045146726862302484 0.02195945945945946
0 0.2646726862302483 0.3458614864864865 0.26749435665914223 0.041385135135135136
2 0.7979683972911964 0.7804054054054054 0.23476297968397292 0.037162162162162164
2 0.8132054176072234 0.42863175675675674 0.15688487584650113 0.02787162162162162
2 0.8109480812641083 0.32728040540540543 0.15688487584650113 0.02787162162162162
2 0.8132054176072234 0.5325168918918919 0.15688487584650113 0.02787162162162162
1 0.7054176072234764 0.3285472972972973 0.3747178329571106 0.033783783783783786
1 0.7065462753950339 0.36824324324324326 0.3747178329571106 0.033783783783783786
1 0.7054176072234764 0.42905405405405406 0.3747178329571106 0.033783783783783786
1 0.7042889390519187 0.4670608108108108 0.3747178329571106 0.033783783783783786
1 0.7065462753950339 0.5320945945945946 0.3747178329571106 0.033783783783783786
1 0.7065462753950339 0.5726351351351351 0.3747178329571106 0.033783783783783786
1 0.5163656884875847 0.6288006756756757 0.7595936794582393 0.03462837837837838
1 0.518058690744921 0.6782094594594594 0.7742663656884876 0.04222972972972973
1 0.5259593679458239 0.7284628378378378 0.781038374717833 0.04307432432432432
1 0.5225733634311512 0.7753378378378378 0.7945823927765236 0.05067567567567568
1 0.5129796839729119 0.35219594594594594 0.7663656884875847 0.08108108108108109
1 0.5107223476297968 0.44594594594594594 0.7663656884875847 0.08108108108108109
1 0.5033860045146726 0.5485641891891891 0.7900677200902935 0.09375
