0 0.25440917107583777 0.1684027777777778 0.02821869488536155 0.006944444444444444
0 0.8595679012345679 0.24330357142857142 0.034832451499118164 0.013392857142857142
0 0.17350088183421516 0.37214781746031744 0.25617283950617287 0.016617063492063492
0 0.15828924162257496 0.38851686507936506 0.2257495590828924 0.013640873015873016
0 0.12632275132275134 0.400421626984127 0.15828924162257496 0.013640873015873016
0 0.12191358024691358 0.4146825396825397 0.14858906525573193 0.015376984126984126
0 0.11596119929453262 0.427703373015873 0.13580246913580246 0.015128968253968254
0 0.1609347442680776 0.44208829365079366 0.2222222222222222 0.015128968253968254
0 0.11507936507936507 0.455109126984127 0.12522045855379188 0.011904761904761904
0 0.12940917107583774 0.5018601190476191 0.14947089947089948 0.016617063492063492
0 0.13822751322751323 0.5267857142857143 0.1626984126984127 0.01984126984126984
0 0.25044091710758376 0.5460069444444444 0.15784832451499117 0.013640873015873016
0 0.21516754850088182 0.5615079365079365 0.07760141093474426 0.01240079365079365
0 0.23236331569664903 0.5771329365079365 0.10405643738977072 0.011408730158730158
0 0.13668430335097 0.6266121031746031 0.13756613756613756 0.018601190476190476
0 0.1424162257495591 0.707093253968254 0.1419753086419753 0.014384920634920634
0 0.15167548500881833 0.6439732142857143 0.16666666666666666 0.016121031746031748
0 0.5498236331569665 0.7258184523809523 0.2257495590828924 0.0220734126984127
0 0.14660493827160495 0.736359126984127 0.15652557319223986 0.015873015873015872
0 0.14153439153439154 0.7532242063492064 0.14638447971781304 0.014384920634920634
0 0.1419753086419753 0.7690972222222222 0.14285714285714285 0.013888888888888888
0 0.12786596119929453 0.7839781746031746 0.11375661375661375 0.01636904761904762
0 0.14947089947089948 0.830109126984127 0.14991181657848324 0.015376984126984126
0 0.1421957671957672 0.6594742063492064 0.14506172839506173 0.017361111111111112
0 0.14131393298059966 0.6723710317460317 0.14682539682539683 0.013888888888888888
0 0.18694885361552027 0.6897321428571429 0.23544973544973544 0.01636904761904762
0 0.13315696649029982 0.800843253968254 0.13227513227513227 0.017361111111111112
0 0.1285273368606702 0.816468253968254 0.1247795414462081 0.011408730158730158
2 0.38425925925925924 0.3715277777777778 0.15652557319223986 0.014384920634920634
2 0.36221340388007056 0.3862847222222222 0.17239858906525574 0.013640873015873016
2 0.361331569664903 0.38578869047619047 0.17239858906525574 0.013640873015873016
2 0.2414021164021164 0.3998015873015873 0.062169312169312166 0.010416666666666666
2 0.22971781305114639 0.4131944444444444 0.05555555555555555 0.01240079365079365
2 0.21649029982363316 0.4269593253968254 0.05555555555555555 0.012152777777777778
2 0.3090828924162258 0.4417162698412698 0.059964726631393295 0.014384920634920634
2 0.20855379188712522 0.45523313492063494 0.0582010582010582 0.01066468253968254
2 0.23544973544973544 0.5013640873015873 0.059082892416225746 0.017609126984126984
2 0.25992063492063494 0.5260416666666666 0.06746031746031746 0.017361111111111112
2 0.3549382716049383 0.5460069444444444 0.04497354497354497 0.013640873015873016
2 0.2804232804232804 0.5601438492063492 0.04409171075837742 0.01066468253968254
2 0.30599647266313934 0.5737847222222222 0.043209876543209874 0.012648809523809524
2 0.24096119929453264 0.625 0.04982363315696649 0.015873015873015872
2 0.26763668430335097 0.6409970238095238 0.05026455026455026 0.013640873015873016
2 0.2495590828924162 0.6568700396825397 0.054673721340388004 0.013640873015873016
2 0.28835978835978837 0.671875 0.14638447971781304 0.015376984126984126
2 0.3392857142857143 0.6876240079365079 0.05511463844797178 0.015128968253968254
2 0.28880070546737213 0.7046130952380952 0.15079365079365079 0.015376984126984126
2 0.25462962962962965 0.7351190476190477 0.05423280423280423 0.014384920634920634
2 0.2962962962962963 0.7524801587301587 0.15079365079365079 0.014384920634920634
2 0.2958553791887125 0.7683531746031746 0.15167548500881833 0.01636904761904762
2 0.20965608465608465 0.7836061507936508 0.050705467372134036 0.015128968253968254
2 0.22817460317460317 0.7992311507936508 0.05423280423280423 0.014632936507936508
2 0.21979717813051147 0.8154761904761905 0.050705467372134036 0.015873015873015872
2 0.2671957671957672 0.8311011904761905 0.06878306878306878 0.01636904761904762
1 0.2537477954144621 0.3722718253968254 0.4184303350970018 0.018849206349206348
1 0.24801587301587302 0.3861607142857143 0.404320987654321 0.013392857142857142
1 0.1593915343915344 0.39967757936507936 0.2279541446208113 0.011656746031746032
1 0.15189594356261024 0.4131944444444444 0.21472663139329806 0.013392857142857142
1 0.1457231040564374 0.42745535714285715 0.1970899470899471 0.01314484126984127
1 0.1931216931216931 0.44246031746031744 0.29188712522045857 0.01488095238095238
1 0.14462081128747795 0.4548611111111111 0.18783068783068782 0.00992063492063492
1 0.15895061728395063 0.5014880952380952 0.21208112874779542 0.016865079365079364
1 0.1743827160493827 0.5264136904761905 0.23941798941798942 0.019097222222222224
1 0.27469135802469136 0.5460069444444444 0.20899470899470898 0.012648809523809524
1 0.2396384479717813 0.5603918650793651 0.12742504409171077 0.012152777777777778
1 0.2526455026455027 0.5750248015873016 0.14814814814814814 0.014632936507936508
1 0.1657848324514991 0.625 0.2054673721340388 0.016865079365079364
1 0.18077601410934743 0.6429811507936508 0.2257495590828924 0.015625
1 0.17239858906525574 0.6572420634920635 0.2072310405643739 0.01488095238095238
1 0.21649029982363316 0.6723710317460317 0.29541446208112876 0.015376984126984126
1 0.21715167548500883 0.689484126984127 0.3002645502645503 0.017857142857142856
1 0.21825396825396826 0.7039930555555556 0.2980599647266314 0.016121031746031748
1 0.2222222222222222 0.7518601190476191 0.2980599647266314 0.016121031746031748
1 0.22178130511463845 0.7682291666666666 0.2980599647266314 0.016121031746031748
1 0.17526455026455026 0.7358630952380952 0.21825396825396826 0.018849206349206348
1 0.15432098765432098 0.7823660714285714 0.16843033509700175 0.015625
1 0.1593915343915344 0.7986111111111112 0.1865079365079365 0.013888888888888888
1 0.15696649029982362 0.8141121031746031 0.18606701940035272 0.016617063492063492
1 0.18716931216931218 0.8297371031746031 0.22530864197530864 0.016121031746031748
2 0.7008377425044092 0.7248263888888888 0.06746031746031746 0.018105158730158732
1 0.5870811287477954 0.724578373015873 0.2993827160493827 0.022569444444444444
