0 0.4041666666666667 0.328515625 0.12916666666666668 0.02578125
2 0.7411458333333333 0.333203125 0.09479166666666666 0.01796875
0 0.365625 0.348828125 0.05 0.01796875
2 0.7484375 0.3546875 0.07604166666666666 0.01875
0 0.43385416666666665 0.370703125 0.184375 0.02109375
2 0.7447916666666666 0.37421875 0.07916666666666666 0.0203125
0 0.42291666666666666 0.3921875 0.1625 0.021875
2 0.7447916666666666 0.396875 0.075 0.0203125
0 0.38229166666666664 0.41328125 0.07916666666666666 0.01875
2 0.7385416666666667 0.41796875 0.08541666666666667 0.01875
0 0.4125 0.434375 0.1375 0.021875
2 0.7364583333333333 0.4390625 0.08958333333333333 0.0203125
0 0.4453125 0.45546875 0.203125 0.0203125
2 0.734375 0.459765625 0.09583333333333334 0.01953125
0 0.4713541666666667 0.476953125 0.2552083333333333 0.02109375
2 0.7369791666666666 0.47890625 0.08854166666666667 0.0203125
0 0.3921875 0.496484375 0.096875 0.02109375
2 0.7364583333333333 0.498046875 0.0875 0.01796875
0 0.3958333333333333 0.517578125 0.1 0.01953125
2 0.7364583333333333 0.518359375 0.08958333333333333 0.01796875
2 0.7380208333333333 0.541015625 0.08854166666666667 0.01953125
0 0.36770833333333336 0.537109375 0.04791666666666667 0.01640625
0 0.3885416666666667 0.5578125 0.08958333333333333 0.01875
2 0.734375 0.56015625 0.08958333333333333 0.01875
0 0.38177083333333334 0.57890625 0.07604166666666666 0.01875
2 0.7369791666666666 0.58125 0.08854166666666667 0.0171875
2 0.7369791666666666 0.6 0.08854166666666667 0.01875
0 0.3885416666666667 0.599609375 0.08958333333333333 0.01953125
0 0.43125 0.61953125 0.175 0.0203125
2 0.7348958333333333 0.621484375 0.08645833333333333 0.01953125
2 0.7333333333333333 0.642578125 0.0875 0.01953125
0 0.39895833333333336 0.64140625 0.11041666666666666 0.01875
2 0.7333333333333333 0.6640625 0.0875 0.01875
0 0.3927083333333333 0.66171875 0.1 0.0234375
2 0.7338541666666667 0.68359375 0.08645833333333333 0.0171875
0 0.39375 0.68359375 0.1 0.0203125
2 0.7307291666666667 0.704296875 0.08645833333333333 0.01484375
0 0.3932291666666667 0.703125 0.09895833333333333 0.0171875
2 0.7255208333333333 0.721875 0.10520833333333333 0.0203125
0 0.39114583333333336 0.7234375 0.09479166666666666 0.01875
0 0.3885416666666667 0.771875 0.12083333333333333 0.025
0 0.7114583333333333 0.777734375 0.08333333333333333 0.01953125
0 0.38229166666666664 0.8140625 0.1125 0.0203125
0 0.7052083333333333 0.82265625 0.06666666666666667 0.0234375
0 0.3572916666666667 0.8546875 0.0625 0.0203125
0 0.703125 0.86015625 0.06875 0.025
0 0.3765625 0.897265625 0.109375 0.02734375
0 0.696875 0.9015625 0.05625 0.0203125
0 0.4005208333333333 0.93828125 0.15104166666666666 0.0203125
0 0.6989583333333333 0.94296875 0.06666666666666667 0.0203125
1 0.565625 0.327734375 0.45 0.02578125
1 0.5661458333333333 0.351171875 0.453125 0.02109375
1 0.5677083333333334 0.371484375 0.44583333333333336 0.02109375
1 0.5640625 0.3921875 0.446875 0.0234375
1 0.5598958333333334 0.414453125 0.440625 0.02109375
1 0.5609375 0.434765625 0.440625 0.02109375
1 0.5640625 0.455859375 0.440625 0.02109375
1 0.5640625 0.475390625 0.440625 0.02109375
1 0.5619791666666667 0.496484375 0.440625 0.02109375
1 0.5651041666666666 0.518359375 0.440625 0.02109375
1 0.5640625 0.538671875 0.440625 0.02109375
1 0.5630208333333333 0.557421875 0.440625 0.02109375
1 0.5619791666666667 0.579296875 0.440625 0.02109375
1 0.5619791666666667 0.599609375 0.440625 0.02109375
1 0.5625 0.61953125 0.4354166666666667 0.0234375
1 0.5588541666666667 0.641015625 0.440625 0.02109375
1 0.5609375 0.659765625 0.440625 0.02109375
1 0.5583333333333333 0.68125 0.4354166666666667 0.0203125
1 0.5598958333333334 0.70234375 0.4322916666666667 0.021875
1 0.5578125 0.72421875 0.4322916666666667 0.021875
