2 0.7446351931330472 0.30357142857142855 0.11802575107296137 0.024725274725274724
2 0.7221030042918455 0.49954212454212454 0.08369098712446352 0.028388278388278388
2 0.4619098712446352 0.5004578754578755 0.06330472103004292 0.026556776556776556
0 0.26180257510729615 0.5059523809523809 0.12446351931330472 0.03205128205128205
2 0.7247854077253219 0.5764652014652014 0.08476394849785408 0.028388278388278388
2 0.4624463519313305 0.5769230769230769 0.08369098712446352 0.027472527472527472
0 0.2601931330472103 0.5824175824175825 0.1255364806866953 0.0347985347985348
2 0.726931330472103 0.6552197802197802 0.08690987124463519 0.03021978021978022
2 0.463519313304721 0.6561355311355311 0.08583690987124463 0.028388278388278388
0 0.25912017167381973 0.6611721611721612 0.1255364806866953 0.03663003663003663
0 0.3438841201716738 0.7307692307692307 0.2113733905579399 0.031135531135531136
2 0.6319742489270386 0.7284798534798534 0.055793991416309016 0.024725274725274724
0 0.37339055793991416 0.7797619047619048 0.2703862660944206 0.028388278388278388
2 0.6330472103004292 0.7815934065934066 0.05793991416309013 0.024725274725274724
0 0.36641630901287553 0.8379120879120879 0.2607296137339056 0.029304029304029304
2 0.6341201716738197 0.8360805860805861 0.05793991416309013 0.02564102564102564
0 0.3310085836909871 0.8928571428571429 0.19206008583690987 0.03296703296703297
2 0.6351931330472103 0.8891941391941391 0.055793991416309016 0.02564102564102564
0 0.4946351931330472 0.3017399267399267 0.1759656652360515 0.028388278388278388
0 0.5386266094420601 0.34615384615384615 0.26394849785407726 0.029304029304029304
2 0.7478540772532188 0.3475274725274725 0.11802575107296137 0.024725274725274724
1 0.6051502145922747 0.3017399267399267 0.4012875536480687 0.026556776556776556
1 0.6062231759656652 0.3447802197802198 0.4012875536480687 0.026556776556776556
1 0.44957081545064376 0.7307692307692307 0.4227467811158798 0.031135531135531136
1 0.44849785407725323 0.7811355311355311 0.4227467811158798 0.031135531135531136
1 0.4511802575107296 0.836996336996337 0.43240343347639487 0.029304029304029304
1 0.4511802575107296 0.8928571428571429 0.43240343347639487 0.029304029304029304
1 0.4822961373390558 0.5041208791208791 0.5633047210300429 0.037545787545787544
1 0.4844420600858369 0.581959706959707 0.5718884120171673 0.039377289377289376
1 0.48873390557939916 0.6611721611721612 0.5804721030042919 0.038461538461538464
