0 0.4451909476661952 0.185 0.10396039603960396 0.02
2 0.8504243281471005 0.1865 0.05021216407355021 0.016
0 0.5297029702970297 0.22025 0.272984441301273 0.0275
2 0.849009900990099 0.22475 0.054455445544554455 0.0175
0 0.4766619519094767 0.25875 0.16265912305516267 0.0215
2 0.8507779349363508 0.26 0.05233380480905234 0.016
0 0.5095473833097596 0.2935 0.22842998585572843 0.025
2 0.8521923620933521 0.3005 0.05374823196605375 0.018
0 0.5130834512022631 0.352 0.22418670438472418 0.024
2 0.8663366336633663 0.354 0.05374823196605375 0.016
0 0.5887553041018387 0.39025 0.37694483734087697 0.0265
2 0.8645685997171145 0.3935 0.054455445544554455 0.016
0 0.5031824611032532 0.4265 0.21004243281471005 0.026
2 0.864922206506365 0.4295 0.05233380480905234 0.015
0 0.5307637906647807 0.464 0.2666195190947666 0.026
2 0.8624469589816125 0.4665 0.054455445544554455 0.016
0 0.4752475247524752 0.50125 0.15417256011315417 0.0235
2 0.8681046676096181 0.5035 0.054455445544554455 0.017
0 0.4872701555869873 0.55475 0.18104667609618105 0.0225
2 0.8483026874115983 0.55675 0.051626591230551626 0.0165
0 0.5555162659123055 0.59175 0.318953323903819 0.0275
2 0.8475954738330976 0.59275 0.05021216407355021 0.0145
0 0.5159123055162659 0.62825 0.24257425742574257 0.0235
2 0.8483026874115983 0.62925 0.048797736916548796 0.0145
2 0.5183875530410184 0.69875 0.06364922206506365 0.0205
2 0.8921499292786421 0.70125 0.06294200848656294 0.0205
2 0.7157001414427157 0.87325 0.06364922206506365 0.0205
1 0.44271570014144274 0.698 0.22206506364922207 0.031
1 0.8193069306930693 0.7025 0.21145685997171146 0.029
1 0.6414427157001414 0.87425 0.22065063649222066 0.0335
1 0.6361386138613861 0.62725 0.4816124469589816 0.0235
1 0.6333097595473833 0.18375 0.4816124469589816 0.0235
1 0.6371994342291372 0.22025 0.48514851485148514 0.0295
1 0.6386138613861386 0.29275 0.48514851485148514 0.0295
1 0.6368458274398868 0.26025 0.4816124469589816 0.0235
1 0.6485148514851485 0.35175 0.49787835926449786 0.0215
1 0.6463932107496464 0.3895 0.49646393210749645 0.029
1 0.6478076379066479 0.4275 0.49646393210749645 0.029
1 0.6449787835926449 0.466 0.49646393210749645 0.029
1 0.6463932107496464 0.503 0.49646393210749645 0.029
1 0.6396746817538896 0.55625 0.4801980198019802 0.0235
1 0.6375530410183875 0.59375 0.47736916548797736 0.0275
0 0.4031117397454031 0.69625 0.13437057991513437 0.0185
0 0.7818246110325319 0.701 0.12942008486562942 0.018
0 0.5975954738330976 0.8715 0.13437057991513437 0.022
