0 0.2470703125 0.2936430317848411 0.0205078125 0.011246943765281174
0 0.332275390625 0.38410757946210267 0.01220703125 0.01613691931540342
0 0.333740234375 0.3973105134474328 0.02001953125 0.011246943765281174
0 0.215576171875 0.6058679706601467 0.15673828125 0.021515892420537898
0 0.659912109375 0.6058679706601467 0.21142578125 0.021515892420537898
0 0.215576171875 0.6300733496332518 0.15673828125 0.020048899755501223
0 0.648681640625 0.6300733496332518 0.18896484375 0.020048899755501223
0 0.20458984375 0.6540342298288508 0.134765625 0.023960880195599023
0 0.636962890625 0.6535452322738386 0.16552734375 0.020048899755501223
0 0.710693359375 0.6777506112469438 0.31298828125 0.021515892420537898
0 0.26123046875 0.6789731051344743 0.248046875 0.019070904645476772
0 0.638916015625 0.723960880195599 0.16943359375 0.022982885085574573
0 0.310546875 0.7244498777506112 0.3466796875 0.021026894865525673
0 0.22998046875 0.7488997555012225 0.1826171875 0.020048899755501223
0 0.640869140625 0.7493887530562348 0.17333984375 0.021026894865525673
0 0.685302734375 0.7721271393643032 0.26220703125 0.022493887530562348
0 0.2412109375 0.7728606356968215 0.205078125 0.021026894865525673
0 0.6650390625 0.7963325183374084 0.2216796875 0.021026894865525673
