2 0.31866666666666665 0.2871875 0.057777777777777775 0.019375
2 0.9462222222222222 0.2871875 0.057777777777777775 0.019375
0 0.08888888888888889 0.31 0.13155555555555556 0.02125
0 0.7284444444444444 0.3090625 0.152 0.021875
2 0.3204444444444444 0.35625 0.050666666666666665 0.01875
2 0.9506666666666667 0.35625 0.04888888888888889 0.01875
0 0.08977777777777778 0.3778125 0.1351111111111111 0.020625
0 0.7644444444444445 0.3784375 0.224 0.018125
2 0.32222222222222224 0.425 0.04711111111111111 0.01875
0 0.12488888888888888 0.4471875 0.21066666666666667 0.020625
2 0.31777777777777777 0.56 0.056 0.0175
2 0.9444444444444444 0.56 0.057777777777777775 0.0175
0 0.11022222222222222 0.5803125 0.17422222222222222 0.018125
0 0.748 0.5803125 0.19111111111111112 0.018125
2 0.9488888888888889 0.628125 0.052444444444444446 0.01875
2 0.32222222222222224 0.6425 0.04711111111111111 0.01875
0 0.7146666666666667 0.6475 0.12444444444444444 0.0225
0 0.09955555555555555 0.6628125 0.15288888888888888 0.018125
2 0.31866666666666665 0.713125 0.057777777777777775 0.01875
0 0.09244444444444444 0.733125 0.1351111111111111 0.02
1 0.18622222222222223 0.2996875 0.3244444444444444 0.043125
1 0.1831111111111111 0.56625 0.3217777777777778 0.04
1 0.812 0.5675 0.3191111111111111 0.03875
1 0.812 0.63875 0.32266666666666666 0.03875
1 0.8137777777777778 0.3678125 0.3208888888888889 0.039375
1 0.8124444444444444 0.2996875 0.32 0.043125
1 0.18266666666666667 0.3684375 0.3244444444444444 0.043125
1 0.1817777777777778 0.4340625 0.3244444444444444 0.043125
1 0.18488888888888888 0.654375 0.3217777777777778 0.04
1 0.18666666666666668 0.721875 0.3217777777777778 0.04
