2 0.32 0.06537982565379825 0.05511111111111111 0.017434620174346202
2 0.9497777777777778 0.06413449564134496 0.043555555555555556 0.0161892901618929
0 0.12755555555555556 0.08437110834371109 0.2088888888888889 0.024283935242839352
0 0.7466666666666667 0.08437110834371109 0.192 0.021793275217932753
2 0.3244444444444444 0.12826899128268993 0.04622222222222222 0.0186799501867995
0 0.7635555555555555 0.1519302615193026 0.21688888888888888 0.021170610211706103
0 0.10311111111111111 0.14975093399750933 0.15644444444444444 0.021793275217932753
2 0.3244444444444444 0.19146948941469488 0.04622222222222222 0.01805728518057285
2 0.9488888888888889 0.20174346201743462 0.04888888888888889 0.017434620174346202
0 0.10177777777777777 0.21170610211706103 0.15911111111111112 0.0224159402241594
0 0.7582222222222222 0.22104607721046077 0.21155555555555555 0.0186799501867995
2 0.32 0.25529265255292655 0.05511111111111111 0.017434620174346202
2 0.944 0.2696139476961395 0.058666666666666666 0.017434620174346202
0 0.12444444444444444 0.2764632627646326 0.20266666666666666 0.0224159402241594
0 0.7013333333333334 0.29140722291407223 0.10488888888888889 0.017434620174346202
2 0.32 0.31880448318804483 0.05511111111111111 0.017434620174346202
0 0.7382222222222222 0.3580323785803238 0.168 0.021170610211706103
2 0.944 0.3518057285180573 0.058666666666666666 0.017434620174346202
0 0.116 0.3393524283935243 0.18755555555555556 0.021170610211706103
0 0.09555555555555556 0.4031755915317559 0.13955555555555554 0.019302615193026153
2 0.3231111111111111 0.3823163138231631 0.043555555555555556 0.0161892901618929
0 0.7755555555555556 0.42621419676214195 0.24444444444444444 0.019302615193026153
2 0.9488888888888889 0.42061021170610213 0.04888888888888889 0.01805728518057285
0 0.10755555555555556 0.4657534246575342 0.16177777777777777 0.019925280199252802
2 0.32266666666666666 0.44582814445828145 0.049777777777777775 0.0186799501867995
0 0.704 0.6052303860523038 0.10844444444444444 0.019925280199252802
2 0.9462222222222222 0.5853051058530511 0.05422222222222222 0.0186799501867995
2 0.39955555555555555 0.5853051058530511 0.043555555555555556 0.0161892901618929
0 0.128 0.6055417185554172 0.20977777777777779 0.02054794520547945
2 0.396 0.6444582814445828 0.05422222222222222 0.017434620174346202
2 0.9488888888888889 0.6444582814445828 0.04888888888888889 0.017434620174346202
0 0.10622222222222222 0.661892901618929 0.16622222222222222 0.021170610211706103
0 0.7315555555555555 0.6634495641344956 0.15644444444444444 0.02054794520547945
2 0.3933333333333333 0.702988792029888 0.05422222222222222 0.017434620174346202
2 0.944 0.702988792029888 0.058666666666666666 0.017434620174346202
0 0.16844444444444445 0.7222914072229141 0.28888888888888886 0.021170610211706103
0 0.7324444444444445 0.7204234122042341 0.1582222222222222 0.023661270236612703
0 0.11466666666666667 0.7808219178082192 0.18133333333333335 0.0161892901618929
2 0.39866666666666667 0.7615193026151931 0.04888888888888889 0.017434620174346202
2 0.9462222222222222 0.7615193026151931 0.05422222222222222 0.017434620174346202
0 0.7555555555555555 0.7817559153175592 0.20444444444444446 0.016811955168119553
0 0.6951111111111111 0.8953922789539228 0.08888888888888889 0.0161892901618929
2 0.21911111111111112 0.8754669987546699 0.043555555555555556 0.0161892901618929
2 0.4226666666666667 0.8754669987546699 0.03822222222222222 0.0161892901618929
2 0.9497777777777778 0.8760896637608966 0.043555555555555556 0.017434620174346202
0 0.09422222222222222 0.8925902864259029 0.13866666666666666 0.019302615193026153
0 0.3164444444444444 0.8963262764632628 0.09777777777777778 0.019302615193026153
0 0.5124444444444445 0.8963262764632628 0.08266666666666667 0.021793275217932753
2 0.21911111111111112 0.9355541718555417 0.043555555555555556 0.016811955168119553
0 0.08088888888888889 0.9523661270236613 0.11555555555555555 0.021793275217932753
0 0.3257777777777778 0.9542341220423413 0.1111111111111111 0.019302615193026153
0 0.5084444444444445 0.9548567870485679 0.07644444444444444 0.019302615193026153
1 0.18711111111111112 0.45485678704856786 0.32622222222222225 0.03922789539227895
2 0.952 0.1341843088418431 0.042666666666666665 0.02054794520547945
1 0.8102222222222222 0.07689912826899128 0.3244444444444444 0.040473225404732256
1 0.8137777777777778 0.42341220423412207 0.3208888888888889 0.023661270236612703
1 0.22355555555555556 0.7702366127023661 0.39911111111111114 0.039850560398505604
1 0.8115555555555556 0.7711706102117061 0.3217777777777778 0.03549190535491906
1 0.13333333333333333 0.885118306351183 0.21511111111111111 0.036737235367372355
1 0.4106666666666667 0.9159402241594022 0.2826666666666667 0.09713574097135741
1 0.8124444444444444 0.8829389788293898 0.32355555555555554 0.037359900373599
1 0.13244444444444445 0.9448941469489415 0.21511111111111111 0.036737235367372355
1 0.22355555555555556 0.7123287671232876 0.39911111111111114 0.039850560398505604
1 0.22355555555555556 0.6537982565379825 0.39911111111111114 0.039850560398505604
1 0.22355555555555556 0.597758405977584 0.39911111111111114 0.039850560398505604
1 0.8133333333333334 0.7132627646326276 0.3217777777777778 0.03549190535491906
1 0.8151111111111111 0.6547322540473225 0.3217777777777778 0.03549190535491906
1 0.8115555555555556 0.5955790784557908 0.3217777777777778 0.03549190535491906
1 0.8173333333333334 0.14352428393524283 0.3244444444444444 0.040473225404732256
1 0.8128888888888889 0.2113947696139477 0.3244444444444444 0.040473225404732256
1 0.8128888888888889 0.27926525529265256 0.3244444444444444 0.040473225404732256
1 0.8137777777777778 0.3549190535491905 0.3208888888888889 0.023661270236612703
1 0.18444444444444444 0.3938356164383562 0.32622222222222225 0.03922789539227895
1 0.188 0.3309464508094645 0.32622222222222225 0.03922789539227895
1 0.18266666666666667 0.26681195516811956 0.32622222222222225 0.03922789539227895
1 0.18622222222222223 0.20205479452054795 0.32622222222222225 0.03922789539227895
1 0.18355555555555556 0.1391656288916563 0.32622222222222225 0.03922789539227895
1 0.18533333333333332 0.07378580323785804 0.32622222222222225 0.03922789539227895
