0 0.29675099206349204 0.14858906525573193 0.04538690476190476 0.01675485008818342
2 0.4263392857142857 0.15476190476190477 0.015873015873015872 0.014109347442680775
0 0.6701388888888888 0.17239858906525574 0.06845238095238096 0.020282186948853614
0 0.29464285714285715 0.1728395061728395 0.040674603174603176 0.019400352733686066
2 0.4270833333333333 0.17989417989417988 0.015873015873015872 0.014109347442680775
0 0.6863839285714286 0.2001763668430335 0.10193452380952381 0.01675485008818342
0 0.31560019841269843 0.19973544973544974 0.0835813492063492 0.01675485008818342
2 0.42509920634920634 0.2052469135802469 0.015873015873015872 0.01455026455026455
0 0.6887400793650794 0.2239858906525573 0.10962301587301587 0.014991181657848324
0 0.30791170634920634 0.22420634920634921 0.06820436507936507 0.017195767195767195
2 0.4260912698412698 0.2294973544973545 0.014384920634920634 0.011904761904761904
0 0.6981646825396826 0.24977954144620812 0.12648809523809523 0.01455026455026455
0 0.2984871031746032 0.24867724867724866 0.04836309523809524 0.01675485008818342
2 0.4254712301587302 0.25440917107583777 0.016617063492063492 0.013227513227513227
0 0.7043650793650794 0.27491181657848324 0.14285714285714285 0.018077601410934743
0 0.3060515873015873 0.2740299823633157 0.06398809523809523 0.01455026455026455
2 0.4253472222222222 0.2806437389770723 0.014384920634920634 0.011904761904761904
0 0.703125 0.29916225749559083 0.14087301587301587 0.016313932980599646
0 0.31460813492063494 0.29894179894179895 0.08258928571428571 0.019400352733686066
2 0.42584325396825395 0.30533509700176364 0.015873015873015872 0.01455026455026455
2 0.7867063492063492 0.32671957671957674 0.015376984126984126 0.01675485008818342
0 0.6479414682539683 0.3253968253968254 0.0339781746031746 0.014109347442680775
0 0.3193204365079365 0.32407407407407407 0.08903769841269842 0.015873015873015872
2 0.42584325396825395 0.33024691358024694 0.015873015873015872 0.014109347442680775
0 0.3411458333333333 0.3507495590828924 0.13368055555555555 0.022486772486772486
0 0.3107638888888889 0.3734567901234568 0.07192460317460317 0.014109347442680775
2 0.42509920634920634 0.3802910052910053 0.015873015873015872 0.01455026455026455
0 0.6517857142857143 0.4052028218694885 0.043154761904761904 0.01675485008818342
0 0.31473214285714285 0.39704585537918874 0.08134920634920635 0.017195767195767195
2 0.4255952380952381 0.40233686067019403 0.015873015873015872 0.011904761904761904
0 0.6710069444444444 0.43077601410934746 0.08209325396825397 0.01675485008818342
0 0.33804563492063494 0.42217813051146386 0.12648809523809523 0.01984126984126984
2 0.4262152777777778 0.42746913580246915 0.014632936507936508 0.01455026455026455
0 0.6857638888888888 0.455026455026455 0.11359126984126984 0.019400352733686066
0 0.31237599206349204 0.44642857142857145 0.07465277777777778 0.01455026455026455
0 0.4255952380952381 0.45171957671957674 0.015873015873015872 0.011904761904761904
0 0.31237599206349204 0.4711199294532628 0.07614087301587301 0.015432098765432098
2 0.4262152777777778 0.4755291005291005 0.014632936507936508 0.011904761904761904
0 0.6762152777777778 0.5026455026455027 0.09350198412698413 0.01763668430335097
0 0.3333333333333333 0.4962522045855379 0.11805555555555555 0.017195767195767195
2 0.4255952380952381 0.5006613756613757 0.015873015873015872 0.01455026455026455
0 0.6711309523809523 0.5288800705467372 0.08382936507936507 0.018077601410934743
2 0.7828621031746031 0.5326278659611993 0.016121031746031748 0.015873015873015872
0 0.33122519841269843 0.5191798941798942 0.11334325396825397 0.016313932980599646
2 0.42571924603174605 0.5235890652557319 0.014632936507936508 0.011904761904761904
0 0.3133680555555556 0.5425485008818343 0.07564484126984126 0.01455026455026455
2 0.4254712301587302 0.54673721340388 0.014632936507936508 0.012345679012345678
0 0.3247767857142857 0.5679012345679012 0.09647817460317461 0.018518518518518517
2 0.42497519841269843 0.5709876543209876 0.014632936507936508 0.014109347442680775
2 0.42584325396825395 0.5961199294532628 0.018849206349206348 0.023809523809523808
0 0.31101190476190477 0.58994708994709 0.07390873015873016 0.01675485008818342
0 0.7054811507936508 0.6212522045855379 0.15401785714285715 0.04673721340388007
0 0.3165922619047619 0.6150793650793651 0.08258928571428571 0.018518518518518517
2 0.42373511904761907 0.6188271604938271 0.014632936507936508 0.011904761904761904
0 0.2945188492063492 0.63668430335097 0.03546626984126984 0.014109347442680775
2 0.4246031746031746 0.6421957671957672 0.015873015873015872 0.011904761904761904
0 0.31138392857142855 0.6618165784832452 0.07316468253968254 0.014109347442680775
2 0.423859126984127 0.6655643738977073 0.015873015873015872 0.011904761904761904
0 0.32862103174603174 0.6851851851851852 0.10664682539682539 0.01763668430335097
2 0.42398313492063494 0.687389770723104 0.014632936507936508 0.014109347442680775
0 0.31101190476190477 0.7083333333333334 0.07192460317460317 0.01455026455026455
2 0.4243551587301587 0.7109788359788359 0.015873015873015872 0.01455026455026455
0 0.3349454365079365 0.732583774250441 0.12276785714285714 0.01455026455026455
2 0.42398313492063494 0.7365520282186949 0.014632936507936508 0.011904761904761904
0 0.4835069444444444 0.7402998236331569 0.03794642857142857 0.014109347442680775
0 0.6550099206349206 0.7508818342151675 0.06101190476190476 0.018518518518518517
0 0.5120287698412699 0.7590388007054674 0.0954861111111111 0.01895943562610229
0 0.3213045634920635 0.7555114638447972 0.0900297619047619 0.01455026455026455
2 0.42336309523809523 0.7597001763668431 0.015873015873015872 0.012345679012345678
0 0.5047123015873016 0.7771164021164021 0.08382936507936507 0.01895943562610229
0 0.6710069444444444 0.7991622574955908 0.09598214285714286 0.017195767195767195
0 0.4986359126984127 0.7971781305114638 0.07415674603174603 0.018518518518518517
0 0.29699900793650796 0.8055555555555556 0.03943452380952381 0.014109347442680775
2 0.4232390873015873 0.8110670194003528 0.014632936507936508 0.011904761904761904
0 0.6706349206349206 0.8220899470899471 0.09573412698412699 0.017195767195767195
0 0.29650297619047616 0.8287037037037037 0.03794642857142857 0.01455026455026455
2 0.4228670634920635 0.8346560846560847 0.015873015873015872 0.012345679012345678
0 0.6613343253968254 0.8447971781305115 0.07514880952380952 0.02292768959435626
0 0.29303075396825395 0.8518518518518519 0.03149801587301587 0.014109347442680775
2 0.42237103174603174 0.8555996472663139 0.015873015873015872 0.011904761904761904
0 0.6483134920634921 0.8670634920634921 0.0496031746031746 0.01455026455026455
0 0.5110367063492064 0.8699294532627866 0.09995039682539683 0.01763668430335097
0 0.2986111111111111 0.8745590828924162 0.043154761904761904 0.011904761904761904
2 0.42311507936507936 0.8805114638447972 0.015873015873015872 0.012345679012345678
0 0.6696428571428571 0.8915343915343915 0.09474206349206349 0.01675485008818342
0 0.5197172619047619 0.888668430335097 0.11780753968253968 0.018077601410934743
2 0.7692212301587301 0.9175485008818343 0.010168650793650794 0.01763668430335097
0 0.29290674603174605 0.8970458553791887 0.028769841269841268 0.01455026455026455
2 0.42237103174603174 0.9021164021164021 0.013392857142857142 0.009700176366843033
0 0.5203373015873016 0.9078483245149912 0.11904761904761904 0.019400352733686066
0 0.6551339285714286 0.9133597883597884 0.06671626984126984 0.01455026455026455
2 0.769469246031746 0.943342151675485 0.01066468253968254 0.01455026455026455
0 0.31262400793650796 0.9197530864197531 0.06969246031746032 0.014991181657848324
2 0.42137896825396826 0.9261463844797179 0.018353174603174604 0.01895943562610229
0 0.6639384920634921 0.937389770723104 0.08531746031746032 0.018518518518518517
2 0.42584325396825395 0.3549382716049383 0.015873015873015872 0.014109347442680775
1 0.35466269841269843 0.15255731922398588 0.16021825396825398 0.02204585537918871
1 0.35441468253968256 0.1746031746031746 0.1626984126984127 0.023809523809523808
1 0.35342261904761907 0.2006172839506173 0.1626984126984127 0.023809523809523808
1 0.35441468253968256 0.22486772486772486 0.1626984126984127 0.023809523809523808
1 0.35342261904761907 0.24911816578483245 0.1626984126984127 0.023809523809523808
1 0.35342261904761907 0.2742504409171076 0.1626984126984127 0.023809523809523808
1 0.3539186507936508 0.30070546737213405 0.1626984126984127 0.023809523809523808
1 0.35342261904761907 0.32407407407407407 0.1626984126984127 0.023809523809523808
1 0.3541666666666667 0.3498677248677249 0.16170634920634921 0.023368606701940034
1 0.353546626984127 0.3752204585537919 0.1619543650793651 0.023809523809523808
1 0.3529265873015873 0.3992504409171076 0.16021825396825398 0.023368606701940034
1 0.35441468253968256 0.42328042328042326 0.15873015873015872 0.025573192239858905
1 0.3540426587301587 0.44753086419753085 0.15947420634920634 0.02292768959435626
1 0.353546626984127 0.4722222222222222 0.15947420634920634 0.02292768959435626
1 0.35453869047619047 0.49514991181657847 0.15947420634920634 0.02292768959435626
1 0.3540426587301587 0.5674603174603174 0.15947420634920634 0.02292768959435626
1 0.35379464285714285 0.7076719576719577 0.15947420634920634 0.02292768959435626
1 0.35627480158730157 0.591710758377425 0.16245039682539683 0.026455026455026454
1 0.35280257936507936 0.6851851851851852 0.15947420634920634 0.02292768959435626
1 0.3540426587301587 0.6618165784832452 0.15947420634920634 0.02292768959435626
1 0.35453869047619047 0.6397707231040565 0.15947420634920634 0.02292768959435626
1 0.3552827380952381 0.6164021164021164 0.15947420634920634 0.02292768959435626
1 0.35205853174603174 0.7301587301587301 0.15947420634920634 0.02292768959435626
1 0.35205853174603174 0.7530864197530864 0.15947420634920634 0.02292768959435626
1 0.35441468253968256 0.8079805996472663 0.15426587301587302 0.01895943562610229
1 0.353546626984127 0.8529541446208113 0.1545138888888889 0.01895943562610229
1 0.35466269841269843 0.8761022927689595 0.1552579365079365 0.02204585537918871
1 0.3532986111111111 0.8985890652557319 0.15302579365079366 0.02204585537918871
1 0.3556547619047619 0.9226190476190477 0.15476190476190477 0.023368606701940034
1 0.35453869047619047 0.8304673721340388 0.1545138888888889 0.01895943562610229
2 0.5487351190476191 0.7195767195767195 0.024057539682539684 0.026455026455026454
2 0.5460069444444444 0.8421516754850088 0.024057539682539684 0.026455026455026454
1 0.5102926587301587 0.7555114638447972 0.09945436507936507 0.10185185185185185
1 0.5200892857142857 0.8714726631393298 0.11904761904761904 0.09391534391534391
2 0.7712053571428571 0.8950617283950617 0.01314484126984127 0.018518518518518517
2 0.7734375 0.8716931216931217 0.010168650793650794 0.01763668430335097
2 0.7735615079365079 0.8485449735449735 0.01488095238095238 0.018077601410934743
2 0.7735615079365079 0.8264991181657848 0.014384920634920634 0.021604938271604937
2 0.7767857142857143 0.7550705467372134 0.014384920634920634 0.021604938271604937
2 0.7752976190476191 0.7797619047619048 0.014384920634920634 0.021604938271604937
2 0.7743055555555556 0.8044532627865961 0.014384920634920634 0.021604938271604937
1 0.7039930555555556 0.7544091710758377 0.16145833333333334 0.024691358024691357
1 0.7017609126984127 0.8004850088183422 0.15997023809523808 0.023368606701940034
1 0.6976686507936508 0.9382716049382716 0.15575396825396826 0.02204585537918871
1 0.7018849206349206 0.8229717813051146 0.1597222222222222 0.01984126984126984
1 0.6977926587301587 0.9166666666666666 0.1545138888888889 0.02204585537918871
1 0.699156746031746 0.8941798941798942 0.15625 0.02204585537918871
1 0.7020089285714286 0.845679012345679 0.15749007936507936 0.02292768959435626
1 0.7015128968253969 0.8694885361552028 0.15749007936507936 0.02292768959435626
2 0.7010168650793651 0.6587301587301587 0.016121031746031748 0.015873015873015872
1 0.7054811507936508 0.6324955908289241 0.15401785714285715 0.068342151675485
2 0.7848462301587301 0.5079365079365079 0.016121031746031748 0.015873015873015872
2 0.7843501984126984 0.4576719576719577 0.016121031746031748 0.015873015873015872
2 0.7860863095238095 0.43276014109347444 0.016121031746031748 0.016313932980599646
1 0.353546626984127 0.5427689594356261 0.15947420634920634 0.02292768959435626
1 0.35305059523809523 0.5189594356261023 0.15947420634920634 0.02292768959435626
2 0.7860863095238095 0.4076278659611993 0.016121031746031748 0.016313932980599646
1 0.7114335317460317 0.40652557319223986 0.1644345238095238 0.020282186948853614
1 0.7114335317460317 0.43077601410934746 0.1644345238095238 0.020282186948853614
1 0.7114335317460317 0.4541446208112875 0.1644345238095238 0.020282186948853614
1 0.7106894841269841 0.5030864197530864 0.1644345238095238 0.020282186948853614
1 0.7106894841269841 0.5282186948853616 0.1644345238095238 0.020282186948853614
2 0.7886904761904762 0.2760141093474427 0.015376984126984126 0.01675485008818342
2 0.7909226190476191 0.2244268077601411 0.015376984126984126 0.01675485008818342
2 0.7904265873015873 0.25132275132275134 0.015376984126984126 0.01675485008818342
2 0.7919146825396826 0.2001763668430335 0.015376984126984126 0.01675485008818342
2 0.7906746031746031 0.1763668430335097 0.015376984126984126 0.01675485008818342
1 0.7168898809523809 0.1728395061728395 0.16393849206349206 0.025573192239858905
1 0.7171378968253969 0.1986331569664903 0.16393849206349206 0.018077601410934743
1 0.7156498015873016 0.22420634920634921 0.16393849206349206 0.018077601410934743
1 0.7158978174603174 0.25066137566137564 0.16393849206349206 0.018077601410934743
1 0.7144097222222222 0.2757936507936508 0.16393849206349206 0.018077601410934743
1 0.712921626984127 0.3247354497354497 0.16393849206349206 0.018077601410934743
