2 0.7794117647058824 0.2517605633802817 0.04475703324808184 0.014084507042253521
0 0.3139386189258312 0.25440140845070425 0.26214833759590794 0.01584507042253521
0 0.3721227621483376 0.2746478873239437 0.38107416879795397 0.017605633802816902
2 0.780690537084399 0.2737676056338028 0.04475703324808184 0.014084507042253521
0 0.2915601023017903 0.323943661971831 0.23273657289002558 0.017605633802816902
2 0.7870843989769821 0.3230633802816901 0.04475703324808184 0.014084507042253521
0 0.34718670076726343 0.35255281690140844 0.3491048593350384 0.018485915492957746
2 0.7896419437340153 0.3512323943661972 0.04731457800511509 0.01584507042253521
0 0.2557544757033248 0.37808098591549294 0.17647058823529413 0.018485915492957746
2 0.7934782608695652 0.3767605633802817 0.04731457800511509 0.014084507042253521
0 0.29987212276214836 0.40360915492957744 0.27237851662404094 0.020246478873239437
2 0.7947570332480819 0.4027288732394366 0.04731457800511509 0.013204225352112676
0 0.24744245524296676 0.4295774647887324 0.17263427109974425 0.01584507042253521
2 0.7985933503836317 0.42869718309859156 0.04731457800511509 0.014084507042253521
0 0.21994884910485935 0.4595070422535211 0.12531969309462915 0.01584507042253521
2 0.8017902813299232 0.4586267605633803 0.04859335038363171 0.014084507042253521
0 0.2506393861892583 0.4894366197183099 0.19437340153452684 0.017605633802816902
2 0.80306905370844 0.48811619718309857 0.04859335038363171 0.014964788732394365
2 0.8069053708439897 0.5140845070422535 0.04859335038363171 0.01584507042253521
0 0.3088235294117647 0.516725352112676 0.31841432225063937 0.017605633802816902
2 0.829923273657289 0.5453345070422535 0.08951406649616368 0.014964788732394365
0 0.20971867007672634 0.547975352112676 0.1278772378516624 0.018485915492957746
0 0.2608695652173913 0.5779049295774648 0.24040920716112532 0.018485915492957746
2 0.8139386189258312 0.5765845070422535 0.049872122762148335 0.01584507042253521
2 0.8535805626598465 0.6624119718309859 0.11381074168797954 0.020246478873239437
0 0.24872122762148338 0.6650528169014085 0.23657289002557544 0.023767605633802816
2 0.8574168797953964 0.695862676056338 0.11636828644501279 0.022007042253521125
0 0.24104859335038364 0.695862676056338 0.2289002557544757 0.020246478873239437
2 0.7084398976982097 0.7328345070422535 0.17647058823529413 0.023767605633802816
0 0.3382352941176471 0.7341549295774648 0.43350383631713557 0.022887323943661973
0 0.22506393861892582 0.7733274647887324 0.21994884910485935 0.023767605633802816
2 0.7135549872122762 0.7720070422535211 0.14578005115089515 0.02464788732394366
2 0.8868286445012787 0.8116197183098591 0.15217391304347827 0.02464788732394366
0 0.2237851662404092 0.8129401408450704 0.22506393861892582 0.018485915492957746
2 0.8913043478260869 0.8529929577464789 0.1534526854219949 0.02640845070422535
0 0.22506393861892582 0.8547535211267606 0.23785166240409208 0.01936619718309859
1 0.4904092071611253 0.2548415492957746 0.6176470588235294 0.014964788732394365
1 0.4904092071611253 0.2737676056338028 0.6227621483375959 0.017605633802816902
1 0.49232736572890023 0.32350352112676056 0.6419437340153452 0.016725352112676055
1 0.49104859335038364 0.3516725352112676 0.6419437340153452 0.016725352112676055
1 0.4942455242966752 0.3789612676056338 0.6585677749360613 0.018485915492957746
1 0.49104859335038364 0.40316901408450706 0.659846547314578 0.02464788732394366
1 0.4884910485933504 0.5787852112676056 0.6982097186700768 0.020246478873239437
1 0.5095907928388747 0.547975352112676 0.7250639386189258 0.018485915492957746
1 0.489769820971867 0.5154049295774648 0.6828644501278772 0.018485915492957746
1 0.49232736572890023 0.48899647887323944 0.6828644501278772 0.018485915492957746
1 0.4929667519181586 0.4586267605633803 0.6764705882352942 0.01936619718309859
1 0.49232736572890023 0.4282570422535211 0.6675191815856778 0.016725352112676055
1 0.5210997442455243 0.6641725352112676 0.7813299232736572 0.023767605633802816
1 0.5236572890025576 0.6949823943661971 0.7941176470588235 0.022007042253521125
1 0.551150895140665 0.7310739436619719 0.8516624040920716 0.025528169014084508
1 0.5249360613810742 0.7737676056338029 0.8120204603580563 0.02464788732394366
1 0.5332480818414322 0.8129401408450704 0.8516624040920716 0.025528169014084508
1 0.5377237851662404 0.8547535211267606 0.8631713554987213 0.02640845070422535
2 0.887468030690537 0.7328345070422535 0.17647058823529413 0.023767605633802816
2 0.8650895140664961 0.772887323943662 0.13171355498721227 0.022887323943661973
