2 0.8655913978494624 0.15425531914893617 0.056451612903225805 0.01950354609929078
0 0.48051075268817206 0.1573581560283688 0.14381720430107528 0.020390070921985817
2 0.8676075268817204 0.18129432624113476 0.05510752688172043 0.018617021276595744
0 0.5073924731182796 0.1848404255319149 0.19489247311827956 0.020390070921985817
2 0.8669354838709677 0.2074468085106383 0.056451612903225805 0.01950354609929078
0 0.5 0.21099290780141844 0.18010752688172044 0.02304964539007092
2 0.8682795698924731 0.2349290780141844 0.053763440860215055 0.01950354609929078
0 0.489247311827957 0.23803191489361702 0.1586021505376344 0.020390070921985817
0 0.5544354838709677 0.2637411347517731 0.2916666666666667 0.0274822695035461
2 0.8669354838709677 0.26063829787234044 0.056451612903225805 0.01950354609929078
2 0.8682795698924731 0.287677304964539 0.053763440860215055 0.020390070921985817
0 0.5208333333333334 0.2903368794326241 0.2217741935483871 0.020390070921985817
0 0.519489247311828 0.3178191489361702 0.21908602150537634 0.0274822695035461
2 0.8669354838709677 0.31427304964539005 0.056451612903225805 0.018617021276595744
0 0.5598118279569892 0.34308510638297873 0.29973118279569894 0.02127659574468085
2 0.8682795698924731 0.3408687943262411 0.056451612903225805 0.018617021276595744
0 0.5544354838709677 0.36879432624113473 0.2916666666666667 0.028368794326241134
2 0.8696236559139785 0.3683510638297872 0.056451612903225805 0.020390070921985817
2 0.8702956989247311 0.3958333333333333 0.05510752688172043 0.020390070921985817
0 0.5094086021505376 0.3976063829787234 0.1989247311827957 0.022163120567375887
2 0.8702956989247311 0.4233156028368794 0.05510752688172043 0.020390070921985817
0 0.603494623655914 0.424645390070922 0.3870967741935484 0.024822695035460994
2 0.8702956989247311 0.44858156028368795 0.05510752688172043 0.01950354609929078
0 0.5598118279569892 0.4507978723404255 0.29973118279569894 0.022163120567375887
0 0.489247311827957 0.47562056737588654 0.1586021505376344 0.022163120567375887
2 0.8709677419354839 0.47562056737588654 0.056451612903225805 0.018617021276595744
2 0.8709677419354839 0.5031028368794326 0.056451612903225805 0.018617021276595744
0 0.5020161290322581 0.5044326241134752 0.18413978494623656 0.024822695035460994
0 0.5120967741935484 0.5301418439716312 0.20430107526881722 0.028368794326241134
2 0.8723118279569892 0.5279255319148937 0.053763440860215055 0.018617021276595744
0 0.1760752688172043 0.6227836879432624 0.239247311827957 0.0274822695035461
2 0.5987903225806451 0.6218971631205674 0.05779569892473118 0.020390070921985817
0 0.20967741935483872 0.6511524822695035 0.30913978494623656 0.0274822695035461
2 0.6081989247311828 0.6502659574468085 0.038978494623655914 0.018617021276595744
0 0.21236559139784947 0.6799645390070922 0.30913978494623656 0.024822695035460994
2 0.6008064516129032 0.6773049645390071 0.056451612903225805 0.01950354609929078
0 0.21303763440860216 0.7061170212765957 0.3131720430107527 0.03102836879432624
2 0.6081989247311828 0.7047872340425532 0.038978494623655914 0.01950354609929078
0 0.22782258064516128 0.7335992907801419 0.34543010752688175 0.023936170212765957
2 0.6081989247311828 0.7309397163120568 0.038978494623655914 0.018617021276595744
0 0.15456989247311828 0.7610815602836879 0.1989247311827957 0.02925531914893617
2 0.6014784946236559 0.7597517730496454 0.05510752688172043 0.01950354609929078
0 0.24126344086021506 0.849290780141844 0.37231182795698925 0.026595744680851064
2 0.6028225806451613 0.8497340425531915 0.05779569892473118 0.020390070921985817
0 0.14986559139784947 0.8772163120567376 0.18951612903225806 0.020390070921985817
2 0.6028225806451613 0.8781028368794326 0.05779569892473118 0.018617021276595744
0 0.16532258064516128 0.9038120567375887 0.22580645161290322 0.03102836879432624
2 0.6028225806451613 0.9060283687943262 0.05779569892473118 0.02127659574468085
0 0.28024193548387094 0.9343971631205674 0.4529569892473118 0.026595744680851064
2 0.6021505376344086 0.9339539007092199 0.05913978494623656 0.018617021276595744
0 0.16666666666666666 0.9605496453900709 0.23118279569892472 0.020390070921985817
2 0.6041666666666666 0.9605496453900709 0.05510752688172043 0.020390070921985817
1 0.6518817204301075 0.15647163120567376 0.489247311827957 0.018617021276595744
1 0.6532258064516129 0.18173758865248227 0.489247311827957 0.02127659574468085
1 0.6505376344086021 0.20966312056737588 0.48655913978494625 0.023936170212765957
1 0.6518817204301075 0.23537234042553193 0.48655913978494625 0.023936170212765957
1 0.6518817204301075 0.26108156028368795 0.48655913978494625 0.023936170212765957
1 0.6491935483870968 0.5288120567375887 0.48655913978494625 0.023936170212765957
1 0.6545698924731183 0.5048758865248227 0.48655913978494625 0.023936170212765957
1 0.6559139784946236 0.47562056737588654 0.48655913978494625 0.023936170212765957
1 0.6512096774193549 0.3151595744680851 0.4879032258064516 0.02925531914893617
1 0.6518817204301075 0.4224290780141844 0.48655913978494625 0.023936170212765957
1 0.6545698924731183 0.3967198581560284 0.48655913978494625 0.023936170212765957
1 0.6518817204301075 0.34131205673758863 0.48655913978494625 0.024822695035460994
1 0.6518817204301075 0.28679078014184395 0.48655913978494625 0.023936170212765957
1 0.6518817204301075 0.3701241134751773 0.48655913978494625 0.023936170212765957
1 0.34139784946236557 0.62322695035461 0.5698924731182796 0.024822695035460994
1 0.34139784946236557 0.7610815602836879 0.5752688172043011 0.0274822695035461
1 0.34274193548387094 0.6511524822695035 0.5752688172043011 0.0274822695035461
1 0.34408602150537637 0.6786347517730497 0.5752688172043011 0.0274822695035461
1 0.34408602150537637 0.7052304964539007 0.5752688172043011 0.0274822695035461
1 0.34274193548387094 0.7335992907801419 0.5752688172043011 0.0274822695035461
1 0.34408602150537637 0.8479609929078015 0.5752688172043011 0.0274822695035461
1 0.34408602150537637 0.875886524822695 0.5752688172043011 0.024822695035460994
1 0.34274193548387094 0.93572695035461 0.5752688172043011 0.0274822695035461
1 0.34206989247311825 0.9042553191489362 0.5793010752688172 0.03368794326241135
1 0.34206989247311825 0.9609929078014184 0.581989247311828 0.026595744680851064
