0 0.4609375 0.1371616678858815 0.150390625 0.02852962692026335
0 0.449951171875 0.16605705925384054 0.12744140625 0.026335040234089245
2 0.560791015625 0.1642282370153621 0.02685546875 0.02267739575713241
0 0.441650390625 0.19348939283101682 0.11083984375 0.02267739575713241
2 0.560791015625 0.19239209948792976 0.02685546875 0.020482809070958303
0 0.476806640625 0.3145574250182882 0.18115234375 0.026335040234089245
2 0.623779296875 0.31236283833211415 0.02783203125 0.021945866861741038
0 0.158203125 0.32114118507681055 0.2119140625 0.029261155815654718
2 0.2978515625 0.32114118507681055 0.0263671875 0.020482809070958303
0 0.104248046875 0.3474762253108998 0.10400390625 0.030724213606437453
2 0.29638671875 0.3474762253108998 0.0263671875 0.021945866861741038
0 0.439697265625 0.351865398683248 0.10791015625 0.027798098024871983
2 0.623779296875 0.35040234089246525 0.02783203125 0.020482809070958303
0 0.08203125 0.372713972201902 0.056640625 0.02267739575713241
2 0.29638671875 0.37344550109729335 0.0263671875 0.02121433796634967
0 0.461669921875 0.38953913679590346 0.15185546875 0.024140453547915143
2 0.623779296875 0.3884418434528164 0.02783203125 0.021945866861741038
0 0.1025390625 0.3990490124359912 0.099609375 0.024140453547915143
2 0.29638671875 0.4001463057790783 0.0263671875 0.021945866861741038
0 0.114013671875 0.42574981711777615 0.12353515625 0.030724213606437453
0 0.433837890625 0.42574981711777615 0.09521484375 0.021945866861741038
2 0.623291015625 0.42574981711777615 0.02685546875 0.021945866861741038
2 0.29638671875 0.4264813460131675 0.0263671875 0.020482809070958303
0 0.1162109375 0.45171909290416973 0.126953125 0.024140453547915143
2 0.29638671875 0.4528163862472568 0.0263671875 0.021945866861741038
0 0.4248046875 0.46049743964886614 0.0771484375 0.029992684711046085
2 0.623291015625 0.4637893196781273 0.02685546875 0.020482809070958303
0 0.088134765625 0.4773226042428676 0.06787109375 0.024140453547915143
2 0.29638671875 0.479151426481346 0.0263671875 0.020482809070958303
0 0.4287109375 0.5003657644476956 0.0859375 0.033650329188002925
2 0.623779296875 0.5007315288953914 0.02783203125 0.019751280175566936
0 0.113037109375 0.5054864667154353 0.11767578125 0.021945866861741038
2 0.297119140625 0.5054864667154353 0.02783203125 0.021945866861741038
0 0.107666015625 0.5299926847110461 0.10986328125 0.024140453547915143
2 0.297119140625 0.5310899780541332 0.02783203125 0.021945866861741038
0 0.437255859375 0.5380395025603512 0.10205078125 0.02267739575713241
2 0.623291015625 0.5380395025603512 0.02685546875 0.02267739575713241
2 0.297119140625 0.5574250182882224 0.02783203125 0.020482809070958303
0 0.4140625 0.5757132406730066 0.056640625 0.021945866861741038
2 0.623779296875 0.5768105340160936 0.02783203125 0.019751280175566936
0 0.115966796875 0.5607168983174835 0.12646484375 0.02852962692026335
0 0.0888671875 0.6100950987564009 0.0693359375 0.020482809070958303
2 0.297119140625 0.6100950987564009 0.02783203125 0.020482809070958303
0 0.13671875 0.6367959034381858 0.1689453125 0.03145574250182882
2 0.29638671875 0.6364301389904902 0.0263671875 0.021945866861741038
0 0.1181640625 0.6616678858814923 0.130859375 0.02267739575713241
2 0.28662109375 0.6627651792245793 0.046875 0.026335040234089245
0 0.754150390625 0.6766642282370153 0.08056640625 0.030724213606437453
2 0.896240234375 0.6770299926847111 0.02783203125 0.02121433796634967
0 0.1455078125 0.6901975128017557 0.185546875 0.024140453547915143
2 0.285888671875 0.6891002194586686 0.04736328125 0.021945866861741038
0 0.107666015625 0.7172640819312363 0.10986328125 0.024140453547915143
2 0.28662109375 0.7154352596927579 0.0458984375 0.020482809070958303
0 0.4755859375 0.7201901975128018 0.1787109375 0.025603511338697878
0 0.765869140625 0.7190929041697147 0.10400390625 0.027798098024871983
2 0.896484375 0.719824433065106 0.0283203125 0.019019751280175568
2 0.623291015625 0.7231163130943672 0.02685546875 0.019751280175566936
0 0.44873046875 0.7512801755669349 0.123046875 0.021945866861741038
2 0.623779296875 0.7512801755669349 0.02783203125 0.021945866861741038
0 0.76123046875 0.762618873445501 0.0947265625 0.027066569129480616
2 0.896484375 0.7622531089978054 0.0283203125 0.020482809070958303
0 0.46630859375 0.7805413313825896 0.103515625 0.021945866861741038
2 0.623291015625 0.7798098024871982 0.02685546875 0.020482809070958303
0 0.260009765625 0.7980980248719824 0.11279296875 0.026335040234089245
0 0.776123046875 0.8054133138258961 0.12451171875 0.026335040234089245
2 0.89599609375 0.8061448427212875 0.02734375 0.021945866861741038
0 0.23779296875 0.8237015362106803 0.068359375 0.021945866861741038
0 0.24365234375 0.8482077542062911 0.080078125 0.024140453547915143
0 0.777587890625 0.8482077542062911 0.12646484375 0.024140453547915143
2 0.89599609375 0.8478419897585955 0.02734375 0.020482809070958303
0 0.23583984375 0.8745427944403804 0.0654296875 0.029992684711046085
0 0.761962890625 0.8910021945866862 0.08837890625 0.026335040234089245
2 0.912353515625 0.8910021945866862 0.08740234375 0.029261155815654718
2 0.28759765625 0.7681053401609363 0.0263671875 0.020482809070958303
1 0.2529296875 0.8196781272860278 0.1279296875 0.1324067300658376
2 0.560791015625 0.13789319678127285 0.02685546875 0.02267739575713241
1 0.181884765625 0.32077542062911485 0.26025390625 0.02852962692026335
1 0.181396484375 0.3471104608632041 0.26025390625 0.02852962692026335
1 0.1806640625 0.39941477688368693 0.259765625 0.02487198244330651
1 0.180908203125 0.3741770299926847 0.26025390625 0.02852962692026335
1 0.180908203125 0.42757863935625456 0.26025390625 0.02852962692026335
1 0.179443359375 0.4524506217995611 0.25732421875 0.025603511338697878
1 0.181884765625 0.4773226042428676 0.25732421875 0.025603511338697878
1 0.181884765625 0.5058522311631309 0.25732421875 0.025603511338697878
1 0.181396484375 0.5299926847110461 0.25732421875 0.025603511338697878
1 0.180419921875 0.6894659839063643 0.25732421875 0.027066569129480616
1 0.178955078125 0.6367959034381858 0.25927734375 0.029992684711046085
1 0.180908203125 0.7136064374542794 0.25732421875 0.027066569129480616
1 0.180908203125 0.6883686905632772 0.25830078125 0.020482809070958303
1 0.181396484375 0.662033650329188 0.26025390625 0.020482809070958303
1 0.181884765625 0.6104608632040965 0.26025390625 0.024140453547915143
1 0.178466796875 0.5709583028529627 0.25927734375 0.053401609363569864
1 0.5263671875 0.780175566934894 0.22265625 0.02267739575713241
1 0.51171875 0.752377468910022 0.25 0.024140453547915143
1 0.511474609375 0.7209217264081931 0.25048828125 0.02852962692026335
1 0.836181640625 0.8910021945866862 0.24072265625 0.026335040234089245
1 0.835205078125 0.8500365764447696 0.24072265625 0.026335040234089245
1 0.834228515625 0.8068763716166789 0.24169921875 0.026335040234089245
1 0.833740234375 0.7622531089978054 0.24072265625 0.026335040234089245
1 0.833251953125 0.719824433065106 0.24072265625 0.026335040234089245
1 0.833984375 0.6777615215801024 0.240234375 0.03145574250182882
1 0.51123046875 0.576444769568398 0.251953125 0.021945866861741038
1 0.510986328125 0.5387710314557425 0.25048828125 0.024140453547915143
1 0.511474609375 0.42574981711777615 0.25146484375 0.02487198244330651
1 0.51171875 0.5 0.2529296875 0.03145574250182882
1 0.511474609375 0.38953913679590346 0.25439453125 0.02267739575713241
1 0.511474609375 0.4612289685442575 0.25439453125 0.03145574250182882
1 0.5107421875 0.31382589612289685 0.2529296875 0.026335040234089245
1 0.51123046875 0.35040234089246525 0.2529296875 0.026335040234089245
1 0.480224609375 0.13569861009509876 0.18994140625 0.025603511338697878
1 0.480712890625 0.19239209948792976 0.18798828125 0.02487198244330651
1 0.479736328125 0.16495976591075348 0.18896484375 0.02267739575713241
2 0.937744140625 0.8493050475493782 0.03466796875 0.021945866861741038
2 0.937744140625 0.804316020482809 0.03564453125 0.02267739575713241
2 0.937255859375 0.761521580102414 0.03466796875 0.021945866861741038
2 0.936767578125 0.719824433065106 0.03466796875 0.021945866861741038
2 0.937744140625 0.6781272860277981 0.03466796875 0.021945866861741038
