0 0.6932291666666667 0.19166666666666668 0.19270833333333334 0.03611111111111111
2 0.9020833333333333 0.19236111111111112 0.11875 0.034722222222222224
0 0.6901041666666666 0.2263888888888889 0.18645833333333334 0.03611111111111111
2 0.903125 0.2263888888888889 0.11875 0.03611111111111111
0 0.678125 0.26180555555555557 0.16041666666666668 0.0375
2 0.91875 0.2590277777777778 0.08958333333333333 0.029166666666666667
0 0.22760416666666666 0.29097222222222224 0.05520833333333333 0.029166666666666667
2 0.4875 0.28958333333333336 0.11041666666666666 0.02638888888888889
2 0.9041666666666667 0.29305555555555557 0.11875 0.03333333333333333
0 0.6432291666666666 0.29583333333333334 0.090625 0.03333333333333333
0 0.26145833333333335 0.32708333333333334 0.12291666666666666 0.03194444444444444
0 0.6864583333333333 0.3284722222222222 0.17708333333333334 0.0375
2 0.9104166666666667 0.32708333333333334 0.11041666666666666 0.034722222222222224
2 0.4875 0.32569444444444445 0.10833333333333334 0.02638888888888889
2 0.9114583333333334 0.36041666666666666 0.11041666666666666 0.034722222222222224
0 0.6802083333333333 0.3625 0.16458333333333333 0.03611111111111111
0 0.23177083333333334 0.3638888888888889 0.06354166666666666 0.030555555555555555
2 0.48802083333333335 0.36319444444444443 0.109375 0.029166666666666667
0 0.30104166666666665 0.3972222222222222 0.20208333333333334 0.03611111111111111
2 0.4875 0.4 0.11041666666666666 0.03611111111111111
0 0.2635416666666667 0.4361111111111111 0.12708333333333333 0.030555555555555555
2 0.48333333333333334 0.4361111111111111 0.11875 0.03333333333333333
2 0.48385416666666664 0.47291666666666665 0.11979166666666667 0.0375
0 0.26145833333333335 0.4736111111111111 0.12083333333333333 0.03333333333333333
2 0.4895833333333333 0.5090277777777777 0.11041666666666666 0.034722222222222224
0 0.6427083333333333 0.5090277777777777 0.06875 0.03194444444444444
0 0.24635416666666668 0.5104166666666666 0.090625 0.034722222222222224
2 0.9197916666666667 0.5097222222222222 0.11458333333333333 0.030555555555555555
0 0.6765625 0.5423611111111111 0.15104166666666666 0.034722222222222224
2 0.48541666666666666 0.5430555555555555 0.11875 0.03611111111111111
2 0.915625 0.5409722222222222 0.11041666666666666 0.029166666666666667
0 0.2526041666666667 0.5472222222222223 0.103125 0.03333333333333333
0 0.6776041666666667 0.5784722222222223 0.153125 0.03194444444444444
2 0.9171875 0.5743055555555555 0.109375 0.02638888888888889
2 0.4859375 0.58125 0.11979166666666667 0.034722222222222224
0 0.265625 0.5854166666666667 0.12916666666666668 0.029166666666666667
2 0.9130208333333333 0.6104166666666667 0.11979166666666667 0.029166666666666667
0 0.71875 0.6131944444444445 0.23125 0.029166666666666667
2 0.4859375 0.61875 0.11979166666666667 0.034722222222222224
0 0.259375 0.6215277777777778 0.11666666666666667 0.029166666666666667
0 0.6932291666666667 0.6458333333333334 0.18229166666666666 0.03611111111111111
2 0.9135416666666667 0.6465277777777778 0.12083333333333333 0.034722222222222224
2 0.4864583333333333 0.6555555555555556 0.12083333333333333 0.03888888888888889
0 0.2635416666666667 0.6583333333333333 0.12708333333333333 0.03333333333333333
0 0.6979166666666666 0.6805555555555556 0.1875 0.03333333333333333
2 0.9151041666666667 0.6798611111111111 0.11979166666666667 0.029166666666666667
2 0.4864583333333333 0.6923611111111111 0.12083333333333333 0.034722222222222224
0 0.28802083333333334 0.6951388888888889 0.17395833333333333 0.034722222222222224
2 0.915625 0.7145833333333333 0.12083333333333333 0.034722222222222224
0 0.6901041666666666 0.7166666666666667 0.171875 0.03333333333333333
2 0.4869791666666667 0.7298611111111111 0.11979166666666667 0.034722222222222224
0 0.2546875 0.7340277777777777 0.10729166666666666 0.03194444444444444
2 0.915625 0.75 0.12083333333333333 0.03611111111111111
0 0.703125 0.7513888888888889 0.19583333333333333 0.03333333333333333
2 0.48802083333333335 0.7659722222222223 0.11979166666666667 0.029166666666666667
0 0.2755208333333333 0.7701388888888889 0.14895833333333333 0.034722222222222224
2 0.48802083333333335 0.8041666666666667 0.11979166666666667 0.030555555555555555
0 0.2609375 0.8083333333333333 0.11979166666666667 0.03888888888888889
2 0.4890625 0.8423611111111111 0.121875 0.034722222222222224
0 0.2671875 0.8458333333333333 0.13229166666666667 0.03333333333333333
2 0.4890625 0.8805555555555555 0.121875 0.03611111111111111
0 0.2864583333333333 0.8833333333333333 0.17083333333333334 0.03611111111111111
2 0.48854166666666665 0.91875 0.12291666666666666 0.034722222222222224
0 0.296875 0.9201388888888888 0.19166666666666668 0.0375
0 0.3072916666666667 0.9569444444444445 0.2125 0.041666666666666664
2 0.48854166666666665 0.95625 0.12291666666666666 0.034722222222222224
1 0.37135416666666665 0.2902777777777778 0.34479166666666666 0.030555555555555555
1 0.3723958333333333 0.3277777777777778 0.34479166666666666 0.030555555555555555
1 0.3692708333333333 0.3611111111111111 0.34479166666666666 0.030555555555555555
1 0.3723958333333333 0.39861111111111114 0.34479166666666666 0.030555555555555555
1 0.3692708333333333 0.4375 0.34479166666666666 0.030555555555555555
1 0.3692708333333333 0.4722222222222222 0.34479166666666666 0.030555555555555555
1 0.3729166666666667 0.5090277777777777 0.34791666666666665 0.04027777777777778
1 0.375 0.5479166666666667 0.34791666666666665 0.04027777777777778
1 0.375 0.5833333333333334 0.34791666666666665 0.03333333333333333
1 0.371875 0.6208333333333333 0.34791666666666665 0.03333333333333333
1 0.37604166666666666 0.6583333333333333 0.34791666666666665 0.03333333333333333
1 0.371875 0.6930555555555555 0.34791666666666665 0.03333333333333333
1 0.371875 0.7326388888888888 0.35 0.0375
1 0.37395833333333334 0.7715277777777778 0.35 0.0375
1 0.37395833333333334 0.8076388888888889 0.35 0.0375
1 0.37604166666666666 0.8423611111111111 0.35 0.0375
1 0.37604166666666666 0.8798611111111111 0.35 0.0375
1 0.375 0.91875 0.35 0.0375
1 0.37395833333333334 0.95625 0.35 0.0375
1 0.7796875 0.1909722222222222 0.36354166666666665 0.034722222222222224
1 0.7796875 0.22708333333333333 0.36354166666666665 0.034722222222222224
1 0.7817708333333333 0.26180555555555557 0.36354166666666665 0.034722222222222224
1 0.7822916666666667 0.2951388888888889 0.36875 0.034722222222222224
1 0.7802083333333333 0.32708333333333334 0.36875 0.034722222222222224
1 0.7822916666666667 0.36319444444444443 0.36875 0.034722222222222224
1 0.7921875 0.5083333333333333 0.371875 0.03333333333333333
1 0.7859375 0.5430555555555555 0.371875 0.030555555555555555
1 0.7890625 0.5763888888888888 0.371875 0.030555555555555555
1 0.7869791666666667 0.6097222222222223 0.371875 0.030555555555555555
1 0.7880208333333333 0.6465277777777778 0.371875 0.034722222222222224
1 0.7890625 0.6805555555555556 0.3697916666666667 0.03333333333333333
1 0.7890625 0.7152777777777778 0.3697916666666667 0.03333333333333333
1 0.7895833333333333 0.7493055555555556 0.375 0.0375
