2 0.357666015625 0.3274739583333333 0.06591796875 0.024739583333333332
0 0.1337890625 0.3294270833333333 0.1748046875 0.024739583333333332
0 0.69677734375 0.3424479166666667 0.1630859375 0.029947916666666668
2 0.908447265625 0.3470052083333333 0.11083984375 0.033854166666666664
2 0.357666015625 0.3623046875 0.06591796875 0.025390625
0 0.129150390625 0.3639322916666667 0.16552734375 0.024739583333333332
0 0.680419921875 0.3828125 0.12841796875 0.033854166666666664
2 0.908203125 0.3854166666666667 0.1103515625 0.03125
0 0.115234375 0.3968098958333333 0.1416015625 0.030598958333333332
2 0.358154296875 0.3971354166666667 0.06689453125 0.024739583333333332
0 0.70263671875 0.4222005208333333 0.17578125 0.034505208333333336
2 0.908447265625 0.4251302083333333 0.11083984375 0.033854166666666664
2 0.35888671875 0.431640625 0.0654296875 0.024739583333333332
0 0.090087890625 0.43359375 0.09033203125 0.024739583333333332
0 0.726318359375 0.4635416666666667 0.22216796875 0.03515625
2 0.35888671875 0.4664713541666667 0.0654296875 0.025390625
0 0.113525390625 0.4680989583333333 0.13720703125 0.024739583333333332
0 0.7197265625 0.5013020833333334 0.208984375 0.028645833333333332
2 0.35888671875 0.5013020833333334 0.06640625 0.026041666666666668
2 0.904296875 0.5052083333333334 0.12109375 0.033854166666666664
0 0.10888671875 0.5035807291666666 0.1279296875 0.026692708333333332
2 0.35888671875 0.5361328125 0.06640625 0.026692708333333332
0 0.0751953125 0.5367838541666666 0.060546875 0.022786458333333332
0 0.727783203125 0.5426432291666666 0.22509765625 0.039713541666666664
2 0.363525390625 0.5706380208333334 0.05615234375 0.025390625
0 0.0927734375 0.5732421875 0.095703125 0.026692708333333332
0 0.71240234375 0.5794270833333334 0.1923828125 0.03515625
2 0.9033203125 0.5830078125 0.12109375 0.033203125
0 0.10888671875 0.6051432291666666 0.12890625 0.030598958333333332
2 0.35888671875 0.6057942708333334 0.06640625 0.026692708333333332
0 0.677490234375 0.6201171875 0.12158203125 0.030598958333333332
2 0.90576171875 0.6246744791666666 0.12109375 0.034505208333333336
2 0.358154296875 0.6399739583333334 0.06689453125 0.024739583333333332
0 0.1298828125 0.6429036458333334 0.169921875 0.026692708333333332
0 0.666259765625 0.66015625 0.09912109375 0.029947916666666668
2 0.90576171875 0.6647135416666666 0.12109375 0.033854166666666664
0 0.108154296875 0.6754557291666666 0.12744140625 0.031901041666666664
2 0.357666015625 0.6748046875 0.06591796875 0.025390625
0 0.685791015625 0.7008463541666666 0.13818359375 0.027994791666666668
2 0.90576171875 0.7044270833333334 0.12109375 0.033854166666666664
0 0.110107421875 0.7109375 0.13134765625 0.029947916666666668
2 0.357666015625 0.7096354166666666 0.06591796875 0.024739583333333332
0 0.70263671875 0.7408854166666666 0.169921875 0.028645833333333332
2 0.906494140625 0.7444661458333334 0.11962890625 0.033203125
0 0.07763671875 0.744140625 0.0654296875 0.028645833333333332
2 0.357666015625 0.74609375 0.06591796875 0.024739583333333332
0 0.730712890625 0.7809244791666666 0.22607421875 0.030598958333333332
2 0.357666015625 0.7805989583333334 0.06591796875 0.024739583333333332
0 0.11474609375 0.7815755208333334 0.142578125 0.022786458333333332
0 0.090576171875 0.8151041666666666 0.09228515625 0.032552083333333336
2 0.357666015625 0.81640625 0.06591796875 0.02734375
0 0.7001953125 0.8212890625 0.1650390625 0.033203125
2 0.9072265625 0.8245442708333334 0.12109375 0.034505208333333336
0 0.095947265625 0.8515625 0.10302734375 0.03125
2 0.3623046875 0.8518880208333334 0.056640625 0.025390625
0 0.718994140625 0.8623046875 0.20263671875 0.035807291666666664
2 0.90771484375 0.8623046875 0.119140625 0.033203125
2 0.369384765625 0.88671875 0.04248046875 0.024739583333333332
0 0.08154296875 0.8873697916666666 0.0732421875 0.0234375
0 0.686279296875 0.9020182291666666 0.13525390625 0.033203125
2 0.9130859375 0.90234375 0.1083984375 0.024739583333333332
0 0.0810546875 0.9212239583333334 0.072265625 0.028645833333333332
2 0.367919921875 0.9222005208333334 0.04736328125 0.022786458333333332
0 0.67529296875 0.9420572916666666 0.1123046875 0.028645833333333332
2 0.9130859375 0.9420572916666666 0.1083984375 0.024739583333333332
0 0.070556640625 0.9567057291666666 0.04833984375 0.026692708333333332
2 0.367431640625 0.9576822916666666 0.04638671875 0.024739583333333332
0 0.701904296875 0.9801432291666666 0.16357421875 0.030598958333333332
2 0.91552734375 0.98046875 0.109375 0.03125
2 0.90673828125 0.7802734375 0.12109375 0.034505208333333336
2 0.90625 0.5413411458333334 0.12109375 0.033203125
2 0.90673828125 0.4622395833333333 0.12109375 0.033854166666666664
1 0.219482421875 0.3291015625 0.34423828125 0.029296875
1 0.218017578125 0.3616536458333333 0.34423828125 0.029296875
1 0.21826171875 0.39453125 0.349609375 0.028645833333333332
1 0.2177734375 0.431640625 0.349609375 0.028645833333333332
1 0.21875 0.4654947916666667 0.349609375 0.028645833333333332
1 0.216796875 0.5006510416666666 0.349609375 0.028645833333333332
1 0.21826171875 0.5358072916666666 0.349609375 0.028645833333333332
1 0.21826171875 0.5696614583333334 0.349609375 0.028645833333333332
1 0.218994140625 0.6048177083333334 0.35009765625 0.029947916666666668
1 0.21923828125 0.642578125 0.349609375 0.028645833333333332
1 0.220458984375 0.6770833333333334 0.35009765625 0.029947916666666668
1 0.217041015625 0.7109375 0.35009765625 0.029947916666666668
1 0.219482421875 0.7415364583333334 0.35009765625 0.029947916666666668
1 0.218505859375 0.7805989583333334 0.35009765625 0.029947916666666668
1 0.216552734375 0.814453125 0.35009765625 0.029947916666666668
1 0.217041015625 0.8502604166666666 0.35009765625 0.029947916666666668
1 0.217041015625 0.8854166666666666 0.35009765625 0.029947916666666668
1 0.219482421875 0.9576822916666666 0.35009765625 0.029947916666666668
1 0.218994140625 0.9212239583333334 0.35009765625 0.029947916666666668
1 0.790771484375 0.34375 0.35009765625 0.029947916666666668
1 0.789794921875 0.3828125 0.35009765625 0.029947916666666668
1 0.7890625 0.4202473958333333 0.349609375 0.037109375
1 0.7890625 0.4619140625 0.349609375 0.037109375
1 0.789794921875 0.501953125 0.35205078125 0.03515625
1 0.790283203125 0.5403645833333334 0.35205078125 0.03515625
1 0.792236328125 0.5794270833333334 0.35205078125 0.03515625
1 0.791748046875 0.6204427083333334 0.35205078125 0.03515625
1 0.791259765625 0.662109375 0.35205078125 0.03515625
1 0.792236328125 0.7005208333333334 0.35205078125 0.03515625
1 0.790283203125 0.740234375 0.35205078125 0.03515625
1 0.794189453125 0.78125 0.35205078125 0.03515625
1 0.791259765625 0.8196614583333334 0.35205078125 0.03515625
1 0.793212890625 0.861328125 0.35205078125 0.03515625
1 0.792236328125 0.90234375 0.35205078125 0.03515625
1 0.793701171875 0.9420572916666666 0.35205078125 0.03515625
1 0.794677734375 0.98046875 0.35205078125 0.03515625
