0 0.9583333333333334 0.25732421875 0.08203125 0.0380859375
0 0.2516276041666667 0.371826171875 0.10481770833333333 0.01611328125
2 0.4449869791666667 0.367431640625 0.029296875 0.01220703125
0 0.6129557291666666 0.363525390625 0.13997395833333334 0.01416015625
0 0.3134765625 0.391357421875 0.22591145833333334 0.01806640625
0 0.580078125 0.3837890625 0.07682291666666667 0.013671875
2 0.767578125 0.36083984375 0.02734375 0.013671875
0 0.6041666666666666 0.4033203125 0.12239583333333333 0.0146484375
0 0.5979817708333334 0.421142578125 0.107421875 0.01611328125
0 0.5856119791666666 0.44287109375 0.07356770833333333 0.013671875
0 0.609375 0.4619140625 0.12890625 0.0126953125
0 0.6126302083333334 0.480224609375 0.12760416666666666 0.01708984375
2 0.4446614583333333 0.488037109375 0.029947916666666668 0.01123046875
0 0.2431640625 0.4951171875 0.08268229166666667 0.0166015625
2 0.4466145833333333 0.530029296875 0.029947916666666668 0.01220703125
0 0.2731119791666667 0.539306640625 0.13997395833333334 0.01708984375
2 0.4482421875 0.572998046875 0.030598958333333332 0.01220703125
2 0.7916666666666666 0.5810546875 0.029947916666666668 0.013671875
0 0.6236979166666666 0.58544921875 0.12890625 0.017578125
0 0.2682291666666667 0.58203125 0.12239583333333333 0.017578125
0 0.6168619791666666 0.605712890625 0.111328125 0.01904296875
0 0.6227213541666666 0.62646484375 0.123046875 0.0234375
0 0.5970052083333334 0.650146484375 0.06510416666666667 0.01611328125
0 0.62890625 0.668701171875 0.12890625 0.02001953125
0 0.6774088541666666 0.687255859375 0.21809895833333334 0.02099609375
2 0.4599609375 0.68701171875 0.031901041666666664 0.013671875
0 0.666015625 0.708740234375 0.19921875 0.02392578125
2 0.4638671875 0.731201171875 0.031901041666666664 0.01318359375
0 0.3489583333333333 0.759033203125 0.265625 0.02490234375
2 0.4661458333333333 0.77392578125 0.0390625 0.01171875
0 0.2373046875 0.7861328125 0.038411458333333336 0.013671875
0 0.3033854166666667 0.802978515625 0.16536458333333334 0.02197265625
2 0.4417317708333333 0.387939453125 0.029296875 0.01220703125
1 0.3294270833333333 0.37060546875 0.2630208333333333 0.017578125
1 0.3284505208333333 0.39208984375 0.2571614583333333 0.021484375
1 0.3287760416666667 0.492919921875 0.2630208333333333 0.02197265625
1 0.3336588541666667 0.534912109375 0.2649739583333333 0.02294921875
1 0.3362630208333333 0.578125 0.255859375 0.0244140625
0 0.2835286458333333 0.69677734375 0.138671875 0.017578125
2 0.4625651041666667 0.7080078125 0.031901041666666664 0.013671875
0 0.2682291666666667 0.718505859375 0.1015625 0.01904296875
0 0.3040364583333333 0.7392578125 0.17057291666666666 0.017578125
2 0.4684244791666667 0.795654296875 0.031901041666666664 0.01318359375
1 0.3453776041666667 0.69091796875 0.259765625 0.025390625
1 0.34765625 0.714599609375 0.2630208333333333 0.02685546875
1 0.3492838541666667 0.734619140625 0.2649739583333333 0.02001953125
1 0.3479817708333333 0.7578125 0.2649739583333333 0.0205078125
1 0.3502604166666667 0.779052734375 0.2721354166666667 0.02197265625
1 0.3522135416666667 0.8017578125 0.2604166666666667 0.0263671875
2 0.7679036458333334 0.378173828125 0.029296875 0.01611328125
2 0.7724609375 0.395751953125 0.026692708333333332 0.01513671875
2 0.7737630208333334 0.41552734375 0.025390625 0.0126953125
2 0.7734375 0.434814453125 0.026041666666666668 0.01513671875
2 0.7750651041666666 0.454345703125 0.026692708333333332 0.01416015625
2 0.7779947916666666 0.47509765625 0.026041666666666668 0.0146484375
1 0.6617838541666666 0.36279296875 0.23763020833333334 0.015625
1 0.6653645833333334 0.380859375 0.2421875 0.0185546875
1 0.6653645833333334 0.40087890625 0.24348958333333334 0.01953125
1 0.6647135416666666 0.41943359375 0.24479166666666666 0.0146484375
1 0.6686197916666666 0.47705078125 0.24348958333333334 0.021484375
1 0.6666666666666666 0.45751953125 0.24348958333333334 0.0205078125
1 0.6666666666666666 0.438720703125 0.24088541666666666 0.02197265625
2 0.79296875 0.6015625 0.029947916666666668 0.013671875
2 0.794921875 0.62109375 0.029947916666666668 0.013671875
2 0.8001302083333334 0.66259765625 0.029947916666666668 0.013671875
2 0.7962239583333334 0.6416015625 0.029947916666666668 0.013671875
2 0.8030598958333334 0.68310546875 0.027994791666666668 0.013671875
2 0.8053385416666666 0.70458984375 0.029947916666666668 0.013671875
1 0.68359375 0.5849609375 0.24739583333333334 0.0205078125
1 0.6848958333333334 0.604736328125 0.2513020833333333 0.02099609375
1 0.6845703125 0.626220703125 0.251953125 0.02197265625
1 0.6884765625 0.647216796875 0.24934895833333334 0.02392578125
1 0.689453125 0.66748046875 0.25390625 0.01953125
1 0.6940104166666666 0.68603515625 0.24869791666666666 0.0185546875
1 0.6936848958333334 0.708251953125 0.2571614583333333 0.02392578125