0 0.74875 0.443767572633552 0.125 0.030927835051546393
0 0.3075 0.4498594189315839 0.23 0.031865042174320526
0 0.7475 0.4845360824742268 0.125 0.02999062792877226
0 0.75125 0.5187441424554826 0.1275 0.030927835051546393
0 0.305625 0.5182755388940956 0.21625 0.02999062792877226
0 0.75125 0.5529522024367385 0.1275 0.031865042174320526
0 0.310625 0.5524835988753515 0.22875 0.03467666354264293
0 0.74625 0.5866916588566073 0.145 0.031865042174320526
0 0.3 0.5904404873477038 0.2 0.028116213683223992
0 0.7475 0.6223055295220243 0.145 0.031865042174320526
0 0.285 0.6237113402061856 0.1675 0.03280224929709466
0 0.75875 0.7216494845360825 0.125 0.02999062792877226
0 0.2525 0.725398313027179 0.1 0.02999062792877226
0 0.7575 0.7553889409559512 0.125 0.02999062792877226
0 0.2475 0.7624179943767573 0.0925 0.030927835051546393
0 0.76125 0.7952202436738519 0.1275 0.030927835051546393
0 0.273125 0.7970946579194002 0.14625 0.030927835051546393
0 0.76625 0.831302717900656 0.11 0.02999062792877226
0 0.283125 0.8284910965323337 0.16875 0.02999062792877226
0 0.768125 0.8678537956888472 0.11125 0.02999062792877226
0 0.31875 0.8692596063730085 0.235 0.030927835051546393
0 0.771875 0.901593252108716 0.11125 0.031865042174320526
0 0.271875 0.901593252108716 0.13875 0.02999062792877226
0 0.913125 0.9465791940018744 0.16375 0.026241799437675725
0 0.873125 0.9695407685098407 0.07875 0.023430178069353328
0 0.285625 0.4845360824742268 0.17625 0.02999062792877226
1 0.503125 0.4456419868791003 0.61875 0.038425492033739454
1 0.500625 0.48500468603561386 0.61625 0.03280224929709466
1 0.505625 0.5178069353327085 0.61625 0.03280224929709466
1 0.506875 0.5520149953139644 0.61875 0.03561387066541706
1 0.51125 0.5890346766635426 0.62 0.030927835051546393
1 0.510625 0.6223055295220243 0.62125 0.033739456419868794
1 0.5125 0.7249297094657919 0.62 0.030927835051546393
1 0.51125 0.7614807872539832 0.62 0.030927835051546393
1 0.5075 0.7980318650421743 0.62 0.030927835051546393
1 0.51 0.830834114339269 0.62 0.030927835051546393
1 0.50875 0.8673851921274601 0.62 0.030927835051546393
1 0.5125 0.901124648547329 0.62 0.030927835051546393
