0 0.2138671875 0.5790554414784395 0.154296875 0.2053388090349076
0 0.72021484375 0.5667351129363449 0.166015625 0.15605749486652978
0 0.68701171875 0.7648870636550308 0.099609375 0.1540041067761807
0 0.213134765625 0.7802874743326489 0.15185546875 0.16427104722792607
2 0.43701171875 0.5862422997946611 0.099609375 0.1540041067761807
2 0.43798828125 0.7772073921971252 0.099609375 0.1540041067761807
2 0.91845703125 0.7772073921971252 0.099609375 0.1540041067761807
2 0.91943359375 0.5698151950718686 0.099609375 0.1540041067761807
1 0.31103515625 0.5749486652977412 0.34765625 0.1971252566735113
1 0.3134765625 0.7833675564681725 0.349609375 0.17453798767967146
1 0.803466796875 0.5718685831622177 0.33251953125 0.1540041067761807
1 0.804443359375 0.7648870636550308 0.33251953125 0.1540041067761807
