0 0.2710635359116022 0.5458984375 0.13328729281767956 0.0234375
0 0.6098066298342542 0.55029296875 0.08701657458563536 0.0185546875
0 0.25172651933701656 0.58544921875 0.09323204419889503 0.0185546875
0 0.6419198895027625 0.58935546875 0.1526243093922652 0.025390625
0 0.26657458563535913 0.626953125 0.12292817679558012 0.0244140625
0 0.6477900552486188 0.625732421875 0.1643646408839779 0.02587890625
0 0.27486187845303867 0.666259765625 0.14226519337016574 0.02587890625
0 0.705110497237569 0.66845703125 0.281767955801105 0.025390625
0 0.23308011049723756 0.70654296875 0.05593922651933702 0.0185546875
0 0.2738259668508287 0.77490234375 0.13604972375690608 0.0263671875
0 0.6488259668508287 0.7744140625 0.16505524861878454 0.025390625
0 0.305939226519337 0.8125 0.19889502762430938 0.025390625
0 0.6446823204419889 0.81201171875 0.15538674033149172 0.0244140625
0 0.26070441988950277 0.848876953125 0.11395027624309392 0.02685546875
0 0.6274171270718232 0.84912109375 0.12085635359116022 0.0263671875
0 0.2527624309392265 0.8857421875 0.09668508287292818 0.0224609375
0 0.6322513812154696 0.88623046875 0.13328729281767956 0.021484375
