0 0.21374309392265192 0.150390625 0.26035911602209943 0.0224609375
0 0.21201657458563536 0.191650390625 0.2569060773480663 0.02001953125
0 0.24447513812154695 0.23388671875 0.3218232044198895 0.025390625
0 0.17714088397790057 0.404541015625 0.17886740331491713 0.02099609375
0 0.17610497237569062 0.442138671875 0.1781767955801105 0.02685546875
0 0.1685082872928177 0.479248046875 0.1643646408839779 0.02490234375
0 0.15711325966850828 0.517822265625 0.1388121546961326 0.02099609375
0 0.23929558011049723 0.555419921875 0.305939226519337 0.02783203125
0 0.17230662983425415 0.72216796875 0.17748618784530387 0.021484375
0 0.17506906077348067 0.760498046875 0.1830110497237569 0.02001953125
0 0.15227900552486187 0.80029296875 0.13743093922651933 0.0185546875
0 0.18335635359116023 0.840576171875 0.20096685082872928 0.02490234375
0 0.23238950276243095 0.88134765625 0.29765193370165743 0.0244140625
