0 0.17943948412698413 0.3461199294532628 0.0954861111111111 0.02292768959435626
2 0.30964781746031744 0.34678130511463845 0.0339781746031746 0.01455026455026455
0 0.3931051587301587 0.3445767195767196 0.07837301587301587 0.01895943562610229
2 0.5388144841269841 0.34678130511463845 0.0339781746031746 0.01455026455026455
0 0.17038690476190477 0.3734567901234568 0.07589285714285714 0.021164021164021163
0 0.39112103174603174 0.3734567901234568 0.0744047619047619 0.021164021164021163
2 0.5388144841269841 0.37455908289241624 0.0339781746031746 0.01455026455026455
2 0.31039186507936506 0.37455908289241624 0.03546626984126984 0.01455026455026455
0 0.3942212301587302 0.4001322751322751 0.08110119047619048 0.01895943562610229
0 0.15339781746031747 0.4012345679012346 0.03943452380952381 0.021164021164021163
2 0.5388144841269841 0.4012345679012346 0.0339781746031746 0.01675485008818342
2 0.31039186507936506 0.40233686067019403 0.03546626984126984 0.01455026455026455
0 0.40153769841269843 0.42680776014109345 0.09523809523809523 0.021164021164021163
0 0.1800595238095238 0.42901234567901236 0.09325396825396826 0.023809523809523808
2 0.31101190476190477 0.42901234567901236 0.03422619047619048 0.01675485008818342
2 0.5388144841269841 0.42901234567901236 0.0339781746031746 0.01675485008818342
0 0.17162698412698413 0.45524691358024694 0.07341269841269842 0.02513227513227513
0 0.40674603174603174 0.45458553791887124 0.1056547619047619 0.021164021164021163
2 0.31101190476190477 0.4567901234567901 0.03422619047619048 0.01675485008818342
2 0.5388144841269841 0.4567901234567901 0.0339781746031746 0.01675485008818342
0 0.18663194444444445 0.48192239858906527 0.10342261904761904 0.02821869488536155
0 0.6655505952380952 0.4794973544973545 0.1545138888888889 0.02072310405643739
2 0.3116319444444444 0.4845679012345679 0.03546626984126984 0.01675485008818342
0 0.6403769841269841 0.5059523809523809 0.10466269841269842 0.02513227513227513
2 0.7745535714285714 0.5088183421516755 0.03670634920634921 0.014109347442680775
0 0.16641865079365079 0.5112433862433863 0.06001984126984127 0.01895943562610229
2 0.3116319444444444 0.5123456790123457 0.03546626984126984 0.01675485008818342
0 0.6254960317460317 0.5341710758377425 0.0744047619047619 0.01895943562610229
0 0.15476190476190477 0.5390211640211641 0.03422619047619048 0.01895943562610229
2 0.7739335317460317 0.5365961199294532 0.03546626984126984 0.014109347442680775
2 0.31225198412698413 0.5401234567901234 0.03422619047619048 0.01675485008818342
0 0.6339285714285714 0.5619488536155203 0.09126984126984126 0.01895943562610229
0 0.18601190476190477 0.566358024691358 0.0992063492063492 0.023368606701940034
2 0.3148561507936508 0.566358024691358 0.03943452380952381 0.01455026455026455
2 0.7739335317460317 0.564373897707231 0.03546626984126984 0.014109347442680775
2 0.5388144841269841 0.5679012345679012 0.0339781746031746 0.01675485008818342
0 0.37276785714285715 0.5725308641975309 0.040674603174603176 0.016313932980599646
0 0.6261160714285714 0.5897266313932981 0.07564484126984126 0.01895943562610229
0 0.17683531746031747 0.5934744268077602 0.07837301587301587 0.021164021164021163
2 0.7739335317460317 0.5921516754850088 0.03546626984126984 0.014109347442680775
2 0.31225198412698413 0.595679012345679 0.03422619047619048 0.01675485008818342
2 0.5388144841269841 0.5945767195767195 0.0339781746031746 0.01455026455026455
0 0.37276785714285715 0.5989858906525574 0.043154761904761904 0.01895943562610229
0 0.6235119047619048 0.6164021164021164 0.07043650793650794 0.021164021164021163
0 0.1800595238095238 0.6192680776014109 0.08531746031746032 0.02601410934744268
2 0.7739335317460317 0.6199294532627866 0.03546626984126984 0.014109347442680775
2 0.31287202380952384 0.6223544973544973 0.03546626984126984 0.01455026455026455
2 0.5375744047619048 0.6212522045855379 0.03943452380952381 0.01675485008818342
0 0.3733878968253968 0.6280864197530864 0.041914682539682536 0.016313932980599646
0 0.6281001984126984 0.6441798941798942 0.07961309523809523 0.021164021164021163
0 0.16778273809523808 0.6466049382716049 0.060267857142857144 0.021604938271604937
2 0.7739335317460317 0.6477072310405644 0.03546626984126984 0.014109347442680775
2 0.31361607142857145 0.6490299823633157 0.0339781746031746 0.01675485008818342
2 0.5395585317460317 0.6490299823633157 0.03546626984126984 0.01675485008818342
0 0.37797619047619047 0.6545414462081128 0.05109126984126984 0.01895943562610229
0 0.6449652777777778 0.671957671957672 0.11334325396825397 0.021164021164021163
2 0.7725694444444444 0.6754850088183422 0.03521825396825397 0.014109347442680775
0 0.1814236111111111 0.675705467372134 0.08506944444444445 0.01895943562610229
2 0.31361607142857145 0.6768077601410935 0.0339781746031746 0.01675485008818342
0 0.2062251984126984 0.7008377425044092 0.13169642857142858 0.01895943562610229
0 0.6589781746031746 0.7001763668430335 0.14037698412698413 0.02204585537918871
2 0.31361607142857145 0.70326278659612 0.0339781746031746 0.014109347442680775
0 0.6507936507936508 0.7277336860670194 0.12549603174603174 0.023368606701940034
2 0.7712053571428571 0.7299382716049383 0.03794642857142857 0.016313932980599646
0 0.3845486111111111 0.7312610229276896 0.06671626984126984 0.01895943562610229
2 0.5440228174603174 0.7312610229276896 0.054811507936507936 0.01895943562610229
0 0.6521577380952381 0.7566137566137566 0.12524801587301587 0.019400352733686066
0 0.38913690476190477 0.7590388007054674 0.07589285714285714 0.01895943562610229
2 0.5440228174603174 0.7601410934744268 0.05233134920634921 0.01675485008818342
0 0.4182787698412698 0.7843915343915344 0.13467261904761904 0.027336860670194002
2 0.5440228174603174 0.7879188712522046 0.05233134920634921 0.01675485008818342
0 0.18080357142857142 0.812389770723104 0.08134920634920635 0.02601410934744268
0 0.37214781746031744 0.814373897707231 0.03943452380952381 0.014109347442680775
0 0.6201636904761905 0.8128306878306878 0.0642361111111111 0.017195767195767195
2 0.3162202380952381 0.814373897707231 0.028769841269841268 0.014109347442680775
2 0.5349702380952381 0.814373897707231 0.03422619047619048 0.014109347442680775
2 0.7712053571428571 0.8156966490299824 0.03546626984126984 0.01675485008818342
0 0.17683531746031747 0.8397266313932981 0.0679563492063492 0.01895943562610229
0 0.3916170634920635 0.8386243386243386 0.07837301587301587 0.021164021164021163
2 0.5349702380952381 0.8410493827160493 0.03422619047619048 0.016313932980599646
0 0.613219246031746 0.8408289241622575 0.047371031746031744 0.01675485008818342
2 0.31646825396825395 0.8423721340388007 0.028273809523809524 0.01455026455026455
2 0.7712053571428571 0.8434744268077602 0.03546626984126984 0.01675485008818342
0 0.18340773809523808 0.8652998236331569 0.0835813492063492 0.01895943562610229
0 0.41121031746031744 0.8652998236331569 0.11755952380952381 0.01895943562610229
2 0.314484126984127 0.8686067019400353 0.034722222222222224 0.015873015873015872
2 0.5440228174603174 0.8688271604938271 0.05233134920634921 0.016313932980599646
0 0.6013144841269841 0.8677248677248677 0.023561507936507936 0.014109347442680775
2 0.7712053571428571 0.8699294532627866 0.03546626984126984 0.014109347442680775
0 0.5994543650793651 0.8919753086419753 0.022321428571428572 0.021164021164021163
0 0.1762152777777778 0.8941798941798942 0.0642361111111111 0.01675485008818342
2 0.3148561507936508 0.8955026455026455 0.0339781746031746 0.014109347442680775
2 0.7738095238095238 0.8966049382716049 0.030257936507936508 0.016313932980599646
2 0.7726934523809523 0.7557319223985891 0.03546626984126984 0.01675485008818342
2 0.7721974206349206 0.701278659611993 0.03794642857142857 0.016313932980599646
2 0.7745535714285714 0.4794973544973545 0.037698412698412696 0.01455026455026455
1 0.6907242063492064 0.48037918871252205 0.20386904761904762 0.022486772486772486
1 0.6902281746031746 0.5070546737213404 0.2048611111111111 0.024691358024691357
1 0.691468253968254 0.533068783068783 0.2048611111111111 0.024691358024691357
1 0.691468253968254 0.5634920634920635 0.2048611111111111 0.024691358024691357
1 0.6897321428571429 0.5881834215167548 0.2048611111111111 0.024691358024691357
1 0.6899801587301587 0.6190476190476191 0.2048611111111111 0.024691358024691357
1 0.6897321428571429 0.6455026455026455 0.2048611111111111 0.024691358024691357
1 0.6892361111111112 0.671957671957672 0.2048611111111111 0.024691358024691357
1 0.6899801587301587 0.6988536155202821 0.2048611111111111 0.024691358024691357
1 0.6899801587301587 0.7261904761904762 0.2048611111111111 0.024691358024691357
1 0.6912202380952381 0.7526455026455027 0.2048611111111111 0.024691358024691357
1 0.6888640873015873 0.8141534391534392 0.2021329365079365 0.01984126984126984
1 0.6891121031746031 0.8410493827160493 0.20064484126984128 0.01895943562610229
1 0.689484126984127 0.8661816578483245 0.20287698412698413 0.026895943562610228
1 0.689484126984127 0.8908730158730159 0.20287698412698413 0.026895943562610228
1 0.23586309523809523 0.8112874779541446 0.19246031746031747 0.025573192239858905
1 0.23586309523809523 0.8388447971781305 0.19146825396825398 0.023368606701940034
1 0.23809523809523808 0.8657407407407407 0.19146825396825398 0.023368606701940034
1 0.23759920634920634 0.8917548500881834 0.19146825396825398 0.023368606701940034
1 0.4609375 0.7321428571428571 0.2214781746031746 0.017195767195767195
1 0.46217757936507936 0.7590388007054674 0.2214781746031746 0.017195767195767195
1 0.4599454365079365 0.7846119929453262 0.2214781746031746 0.017195767195767195
1 0.4523809523809524 0.814594356261023 0.20287698412698413 0.016313932980599646
1 0.45262896825396826 0.8401675485008818 0.20287698412698413 0.016313932980599646
1 0.4609375 0.8661816578483245 0.21999007936507936 0.022486772486772486
1 0.4547371031746032 0.5701058201058201 0.20461309523809523 0.021164021164021163
1 0.4539930555555556 0.5970017636684304 0.2041170634920635 0.02292768959435626
1 0.4538690476190476 0.6236772486772487 0.20634920634920634 0.023368606701940034
1 0.4558531746031746 0.6536596119929453 0.2078373015873016 0.02513227513227513
1 0.45498511904761907 0.3461199294532628 0.20262896825396826 0.020282186948853614
1 0.4554811507936508 0.3734567901234568 0.20262896825396826 0.020282186948853614
1 0.4554811507936508 0.39991181657848324 0.20262896825396826 0.020282186948853614
1 0.4554811507936508 0.42592592592592593 0.20262896825396826 0.020282186948853614
1 0.4554811507936508 0.4541446208112875 0.20262896825396826 0.020282186948853614
1 0.2292906746031746 0.3461199294532628 0.1966765873015873 0.02204585537918871
1 0.2300347222222222 0.37037037037037035 0.1966765873015873 0.02204585537918871
1 0.23152281746031747 0.4021164021164021 0.1966765873015873 0.02204585537918871
1 0.23177083333333334 0.42901234567901236 0.1966765873015873 0.02204585537918871
1 0.23201884920634921 0.455026455026455 0.1966765873015873 0.02204585537918871
1 0.23077876984126985 0.48412698412698413 0.1966765873015873 0.02204585537918871
1 0.23288690476190477 0.51168430335097 0.19295634920634921 0.023368606701940034
1 0.2330109126984127 0.5388007054673721 0.1966765873015873 0.02204585537918871
1 0.2340029761904762 0.5652557319223986 0.1966765873015873 0.02204585537918871
1 0.23412698412698413 0.5906084656084656 0.19295634920634921 0.023368606701940034
1 0.23511904761904762 0.6197089947089947 0.19295634920634921 0.023368606701940034
1 0.23462301587301587 0.6474867724867724 0.19295634920634921 0.023368606701940034
1 0.23412698412698413 0.6712962962962963 0.19295634920634921 0.023368606701940034
1 0.23487103174603174 0.6981922398589065 0.19295634920634921 0.023368606701940034
