2 0.8156001984126984 0.17195767195767195 0.03794642857142857 0.021164021164021163
0 0.6814236111111112 0.1765873015873016 0.058779761904761904 0.02601410934744268
0 0.45089285714285715 0.18937389770723104 0.15625 0.039241622574955906
0 0.1800595238095238 0.19753086419753085 0.1185515873015873 0.03527336860670194
2 0.8174603174603174 0.20458553791887124 0.03670634920634921 0.01675485008818342
0 0.6944444444444444 0.20679012345679013 0.08531746031746032 0.026455026455026454
2 0.8168402777777778 0.23236331569664903 0.03794642857142857 0.021164021164021163
0 0.6990327380952381 0.23677248677248677 0.09399801587301587 0.021164021164021163
2 0.8162202380952381 0.26344797178130513 0.039186507936507936 0.01895943562610229
0 0.7056051587301587 0.2698412698412698 0.11011904761904762 0.029982363315696647
2 0.8162202380952381 0.2934303350970018 0.039186507936507936 0.01895943562610229
0 0.6801835317460317 0.29828042328042326 0.056299603174603176 0.01895943562610229
0 0.6814236111111112 0.3977072310405644 0.0642361111111111 0.023809523809523808
2 0.8107638888888888 0.4010141093474427 0.05555555555555555 0.02072310405643739
0 0.6710069444444444 0.4279100529100529 0.043402777777777776 0.023368606701940034
2 0.8121279761904762 0.4294532627865961 0.05282738095238095 0.023809523809523808
0 0.2074652777777778 0.4462081128747795 0.1684027777777778 0.03791887125220458
0 0.7151537698412699 0.4556878306878307 0.13169642857142858 0.028659611992945325
0 0.4556051587301587 0.47971781305114636 0.15228174603174602 0.03968253968253968
0 0.6898561507936508 0.48677248677248675 0.08110119047619048 0.021164021164021163
2 0.8123759920634921 0.4905202821869489 0.05233134920634921 0.01895943562610229
0 0.6800595238095238 0.5169753086419753 0.061507936507936505 0.021604938271604937
2 0.8121279761904762 0.5202821869488536 0.05282738095238095 0.021164021164021163
0 0.6870039682539683 0.6283068783068783 0.08035714285714286 0.02821869488536155
2 0.8213045634920635 0.6280864197530864 0.03149801587301587 0.016313932980599646
2 0.8090277777777778 0.6558641975308642 0.05704365079365079 0.027777777777777776
0 0.6521577380952381 0.6571869488536155 0.01314484126984127 0.01895943562610229
0 0.20473710317460317 0.6891534391534392 0.15500992063492064 0.03791887125220458
2 0.8182043650793651 0.687610229276896 0.040674603174603176 0.01984126984126984
0 0.6567460317460317 0.6878306878306878 0.01984126984126984 0.01675485008818342
2 0.33444940476190477 0.19753086419753085 0.06870039682539683 0.037037037037037035
2 0.5938740079365079 0.19047619047619047 0.07663690476190477 0.03880070546737213
2 0.5941220238095238 0.47707231040564374 0.07663690476190477 0.03880070546737213
2 0.3334573412698413 0.687389770723104 0.07663690476190477 0.03880070546737213
2 0.33618551587301587 0.44929453262786595 0.06671626984126984 0.04409171075837742
2 0.8118799603174603 0.45965608465608465 0.056299603174603176 0.02072310405643739
1 0.24813988095238096 0.4488536155202822 0.25223214285714285 0.04585537918871252
1 0.24479166666666666 0.19731040564373897 0.24950396825396826 0.04365079365079365
1 0.2478918650793651 0.687610229276896 0.24330357142857142 0.040123456790123455
1 0.5047123015873016 0.1917989417989418 0.25992063492063494 0.04497354497354497
1 0.5066964285714286 0.48236331569664903 0.2569444444444444 0.04673721340388007
1 0.7429315476190477 0.6245590828924162 0.19171626984126985 0.028659611992945325
1 0.7424355158730159 0.6552028218694885 0.19171626984126985 0.020282186948853614
1 0.7414434523809523 0.6851851851851852 0.19171626984126985 0.020282186948853614
1 0.7437996031746031 0.39638447971781304 0.1909722222222222 0.026455026455026454
1 0.7445436507936508 0.4263668430335097 0.1909722222222222 0.026455026455026454
1 0.7440476190476191 0.45458553791887124 0.1909722222222222 0.026455026455026454
1 0.7440476190476191 0.4845679012345679 0.1909722222222222 0.026455026455026454
1 0.7447916666666666 0.5171957671957672 0.1909722222222222 0.026455026455026454
1 0.7442956349206349 0.17592592592592593 0.1840277777777778 0.0291005291005291
1 0.7450396825396826 0.2037037037037037 0.1840277777777778 0.0291005291005291
1 0.7445436507936508 0.2345679012345679 0.1840277777777778 0.0291005291005291
1 0.7445436507936508 0.26455026455026454 0.1840277777777778 0.0291005291005291
1 0.7445436507936508 0.2945326278659612 0.1840277777777778 0.0291005291005291
