2 0.909423604757548 0.3292525773195876 0.027447392497712716 0.019329896907216496
0 0.7296431838975297 0.33569587628865977 0.08874656907593778 0.019329896907216496
2 0.9089661482159195 0.3582474226804124 0.028362305580969808 0.020618556701030927
0 0.7159194876486734 0.36662371134020616 0.06129917657822507 0.02190721649484536
2 0.909423604757548 0.38853092783505155 0.027447392497712716 0.02190721649484536
0 0.7378774016468436 0.3956185567010309 0.10887465690759378 0.02577319587628866
0 0.13998170173833485 0.39755154639175255 0.1262580054894785 0.02190721649484536
0 0.41216834400731933 0.39819587628865977 0.08142726440988106 0.023195876288659795
2 0.29963403476669714 0.39884020618556704 0.024702653247941447 0.019329896907216496
2 0.6152790484903934 0.39819587628865977 0.024702653247941447 0.01804123711340206
2 0.909423604757548 0.41881443298969073 0.027447392497712716 0.020618556701030927
0 0.42086001829826164 0.42461340206185566 0.10064043915827996 0.027061855670103094
2 0.6139066788655078 0.42461340206185566 0.025617566331198535 0.019329896907216496
0 0.7301006404391582 0.4252577319587629 0.09332113449222323 0.020618556701030927
0 0.14181152790484905 0.43621134020618557 0.12991765782250686 0.02190721649484536
2 0.29963403476669714 0.4381443298969072 0.024702653247941447 0.01804123711340206
2 0.909423604757548 0.4478092783505155 0.027447392497712716 0.019329896907216496
0 0.4364135407136322 0.45167525773195877 0.13174748398902103 0.024484536082474227
2 0.6157365050320219 0.45167525773195877 0.025617566331198535 0.019329896907216496
0 0.7456541628545288 0.45489690721649484 0.12442817932296432 0.023195876288659795
0 0.16468435498627632 0.47615979381443296 0.1756633119853614 0.02190721649484536
2 0.29963403476669714 0.47551546391752575 0.024702653247941447 0.020618556701030927
0 0.43915827996340345 0.47809278350515466 0.13906678865507777 0.02577319587628866
2 0.909423604757548 0.47744845360824745 0.027447392497712716 0.019329896907216496
2 0.6157365050320219 0.4787371134020619 0.025617566331198535 0.019329896907216496
0 0.7493138151875571 0.4845360824742268 0.13174748398902103 0.023195876288659795
0 0.43138151875571823 0.5057989690721649 0.12168344007319305 0.02190721649484536
2 0.6157365050320219 0.5057989690721649 0.025617566331198535 0.01675257731958763
0 0.1262580054894785 0.5135309278350515 0.10064043915827996 0.027061855670103094
2 0.3019213174748399 0.5128865979381443 0.025617566331198535 0.020618556701030927
0 0.4492223238792315 0.532860824742268 0.1555352241537054 0.019329896907216496
2 0.6161939615736505 0.532860824742268 0.026532479414455627 0.019329896907216496
0 0.1312900274473925 0.5521907216494846 0.10887465690759378 0.019329896907216496
2 0.3019213174748399 0.5521907216494846 0.025617566331198535 0.019329896907216496
0 0.4309240622140897 0.5599226804123711 0.11893870082342177 0.019329896907216496
2 0.6157365050320219 0.5599226804123711 0.025617566331198535 0.019329896907216496
0 0.716376944190302 0.5728092783505154 0.06587374199451052 0.019329896907216496
2 0.9075937785910339 0.5728092783505154 0.025617566331198535 0.019329896907216496
0 0.43138151875571823 0.5850515463917526 0.12168344007319305 0.02577319587628866
2 0.6157365050320219 0.5856958762886598 0.025617566331198535 0.019329896907216496
0 0.10247026532479414 0.5908505154639175 0.05123513266239707 0.019329896907216496
2 0.3019213174748399 0.5902061855670103 0.025617566331198535 0.01804123711340206
0 0.7177493138151876 0.5979381443298969 0.0686184812442818 0.02577319587628866
2 0.9066788655077768 0.5979381443298969 0.023787740164684355 0.01804123711340206
0 0.41354071363220496 0.6134020618556701 0.08417200365965233 0.023195876288659795
2 0.6157365050320219 0.6127577319587629 0.025617566331198535 0.019329896907216496
0 0.7282708142726441 0.6224226804123711 0.0878316559926807 0.02577319587628866
2 0.9048490393412626 0.6211340206185567 0.018298261665141813 0.01804123711340206
0 0.4441903019213175 0.6391752577319587 0.1473010064043916 0.028350515463917526
2 0.6157365050320219 0.6417525773195877 0.025617566331198535 0.01804123711340206
0 0.7159194876486734 0.6443298969072165 0.06129917657822507 0.020618556701030927
2 0.9071363220494053 0.645618556701031 0.022872827081427266 0.01804123711340206
0 0.4670631290027447 0.6675257731958762 0.19304666056724612 0.023195876288659795
2 0.6161939615736505 0.6662371134020618 0.026532479414455627 0.020618556701030927
0 0.7118023787740164 0.6707474226804123 0.05489478499542543 0.02190721649484536
2 0.9066788655077768 0.6694587628865979 0.023787740164684355 0.019329896907216496
0 0.10018298261665141 0.6913659793814433 0.04117108874656908 0.02190721649484536
2 0.30054894784995423 0.6900773195876289 0.01738334858188472 0.019329896907216496
0 0.4249771271729186 0.6945876288659794 0.1070448307410796 0.020618556701030927
2 0.6157365050320219 0.6939432989690721 0.025617566331198535 0.019329896907216496
0 0.7346752058554438 0.6945876288659794 0.10247026532479414 0.020618556701030927
2 0.9066788655077768 0.6939432989690721 0.023787740164684355 0.019329896907216496
0 0.7301006404391582 0.7184278350515464 0.09515096065873742 0.02190721649484536
2 0.909423604757548 0.7177835051546392 0.027447392497712716 0.020618556701030927
0 0.10750228728270814 0.720360824742268 0.055809698078682524 0.020618556701030927
0 0.42909423604757546 0.7210051546391752 0.1171088746569076 0.024484536082474227
2 0.30054894784995423 0.720360824742268 0.01738334858188472 0.01804123711340206
2 0.6157365050320219 0.7197164948453608 0.025617566331198535 0.019329896907216496
0 0.722323879231473 0.7416237113402062 0.0777676120768527 0.019329896907216496
2 0.9085086916742909 0.7416237113402062 0.025617566331198535 0.019329896907216496
0 0.4670631290027447 0.7487113402061856 0.19304666056724612 0.023195876288659795
2 0.6157365050320219 0.7474226804123711 0.025617566331198535 0.01804123711340206
0 0.10750228728270814 0.7532216494845361 0.05763952424519671 0.024484536082474227
2 0.30054894784995423 0.7512886597938144 0.01738334858188472 0.01804123711340206
0 0.717291857273559 0.7661082474226805 0.0677035681610247 0.02190721649484536
2 0.909423604757548 0.7654639175257731 0.027447392497712716 0.020618556701030927
0 0.4569990850869167 0.7757731958762887 0.17108874656907594 0.023195876288659795
2 0.6161939615736505 0.7744845360824743 0.026532479414455627 0.020618556701030927
0 0.10521500457456541 0.7815721649484536 0.05123513266239707 0.019329896907216496
2 0.30146386093321137 0.7815721649484536 0.0192131747483989 0.019329896907216496
0 0.4400731930466606 0.8015463917525774 0.1372369624885636 0.023195876288659795
2 0.6161939615736505 0.8002577319587629 0.026532479414455627 0.020618556701030927
0 0.09377859103385179 0.8131443298969072 0.028362305580969808 0.020618556701030927
2 0.30146386093321137 0.8131443298969072 0.0192131747483989 0.020618556701030927
0 0.42268984446477587 0.8298969072164949 0.10247026532479414 0.023195876288659795
2 0.6157365050320219 0.8279639175257731 0.025617566331198535 0.019329896907216496
0 0.12442817932296432 0.8447164948453608 0.09149130832570906 0.027061855670103094
2 0.30146386093321137 0.8440721649484536 0.0192131747483989 0.020618556701030927
0 0.43915827996340345 0.8569587628865979 0.1372369624885636 0.023195876288659795
2 0.6161939615736505 0.8550257731958762 0.026532479414455627 0.019329896907216496
0 0.10475754803293687 0.8743556701030928 0.05032021957913998 0.02190721649484536
2 0.30237877401646845 0.8756443298969072 0.024702653247941447 0.019329896907216496
0 0.43504117108874657 0.8827319587628866 0.12717291857273558 0.023195876288659795
2 0.6157365050320219 0.8807989690721649 0.025617566331198535 0.019329896907216496
0 0.11893870082342177 0.9039948453608248 0.07868252516010979 0.02190721649484536
2 0.302836230558097 0.904639175257732 0.025617566331198535 0.020618556701030927
0 0.4080512351326624 0.9091494845360825 0.07319304666056725 0.02190721649484536
2 0.6161939615736505 0.9085051546391752 0.026532479414455627 0.020618556701030927
0 0.1262580054894785 0.9368556701030928 0.09881061299176579 0.02577319587628866
0 0.43183897529734677 0.9375 0.12259835315645014 0.027061855670103094
2 0.302836230558097 0.9362113402061856 0.025617566331198535 0.019329896907216496
2 0.6157365050320219 0.9362113402061856 0.025617566331198535 0.019329896907216496
1 0.1939615736505032 0.39819587628865977 0.23604757548032937 0.023195876288659795
1 0.19304666056724612 0.4381443298969072 0.23604757548032937 0.023195876288659795
1 0.1939615736505032 0.47680412371134023 0.23604757548032937 0.023195876288659795
1 0.1948764867337603 0.5515463917525774 0.23604757548032937 0.023195876288659795
1 0.1948764867337603 0.5141752577319587 0.23604757548032937 0.023195876288659795
1 0.1939615736505032 0.5914948453608248 0.23604757548032937 0.023195876288659795
1 0.1948764867337603 0.6894329896907216 0.22872827081427263 0.023195876288659795
1 0.1939615736505032 0.720360824742268 0.22872827081427263 0.023195876288659795
1 0.19533394327538883 0.7532216494845361 0.23147301006404392 0.024484536082474227
1 0.19533394327538883 0.7802835051546392 0.23147301006404392 0.024484536082474227
1 0.19716376944190303 0.8150773195876289 0.23147301006404392 0.024484536082474227
1 0.19533394327538883 0.8460051546391752 0.23147301006404392 0.024484536082474227
1 0.19762122598353157 0.8737113402061856 0.2342177493138152 0.023195876288659795
1 0.19716376944190303 0.9039948453608248 0.23879231473010065 0.027061855670103094
1 0.19716376944190303 0.9362113402061856 0.23879231473010065 0.027061855670103094
1 0.4977127172918573 0.39819587628865977 0.2561756633119854 0.023195876288659795
1 0.49954254345837146 0.4252577319587629 0.2561756633119854 0.023195876288659795
1 0.49954254345837146 0.4536082474226804 0.2561756633119854 0.023195876288659795
1 0.49954254345837146 0.4793814432989691 0.2561756633119854 0.023195876288659795
1 0.5013723696248856 0.5064432989690721 0.2561756633119854 0.023195876288659795
1 0.5022872827081427 0.5335051546391752 0.2561756633119854 0.023195876288659795
1 0.49954254345837146 0.5605670103092784 0.2561756633119854 0.023195876288659795
1 0.5013723696248856 0.6404639175257731 0.2598353156450137 0.028350515463917526
1 0.5013723696248856 0.6108247422680413 0.2561756633119854 0.023195876288659795
1 0.5013723696248856 0.5850515463917526 0.2561756633119854 0.023195876288659795
1 0.49954254345837146 0.6662371134020618 0.2598353156450137 0.028350515463917526
1 0.5013723696248856 0.6920103092783505 0.2598353156450137 0.028350515463917526
1 0.5004574565416285 0.7177835051546392 0.2598353156450137 0.028350515463917526
1 0.5004574565416285 0.7487113402061856 0.2598353156450137 0.028350515463917526
1 0.5004574565416285 0.8273195876288659 0.2598353156450137 0.028350515463917526
1 0.5013723696248856 0.8015463917525774 0.2598353156450137 0.028350515463917526
1 0.5022872827081427 0.7731958762886598 0.2598353156450137 0.028350515463917526
1 0.5 0.8814432989690721 0.25892040256175664 0.02577319587628866
1 0.5027447392497713 0.8537371134020618 0.2607502287282708 0.027061855670103094
1 0.5009149130832571 0.9059278350515464 0.2607502287282708 0.02577319587628866
1 0.49954254345837146 0.9355670103092784 0.2598353156450137 0.028350515463917526
1 0.803751143641354 0.3337628865979381 0.23879231473010065 0.02577319587628866
1 0.8028362305580969 0.3646907216494845 0.24062214089661482 0.028350515463917526
1 0.8014638609332113 0.3949742268041237 0.23604757548032937 0.03221649484536082
1 0.8019213174748399 0.42396907216494845 0.23879231473010065 0.02577319587628866
1 0.8019213174748399 0.4536082474226804 0.23879231473010065 0.02577319587628866
1 0.8019213174748399 0.4832474226804124 0.23879231473010065 0.02577319587628866
1 0.8019213174748399 0.5740979381443299 0.23696248856358645 0.027061855670103094
1 0.8000914913083257 0.6005154639175257 0.23330283623055809 0.020618556701030927
1 0.8000914913083257 0.6217783505154639 0.22964318389752975 0.02190721649484536
1 0.8019213174748399 0.6449742268041238 0.23696248856358645 0.027061855670103094
1 0.8028362305580969 0.6713917525773195 0.23330283623055809 0.020618556701030927
1 0.8010064043915828 0.6958762886597938 0.23330283623055809 0.020618556701030927
1 0.8032936870997255 0.717139175257732 0.23604757548032937 0.024484536082474227
1 0.8023787740164684 0.7416237113402062 0.23604757548032937 0.02190721649484536
1 0.8028362305580969 0.7673969072164949 0.242451967063129 0.019329896907216496
