0 0.093505859375 0.17092541436464087 0.07080078125 0.026933701657458564
2 0.297119140625 0.1736878453038674 0.03759765625 0.0324585635359116
0 0.7578125 0.18232044198895028 0.064453125 0.031767955801104975
2 0.959716796875 0.1847375690607735 0.03564453125 0.028314917127071824
0 0.13525390625 0.22272099447513813 0.1435546875 0.029696132596685083
2 0.297119140625 0.22790055248618785 0.03564453125 0.03038674033149171
0 0.771484375 0.23584254143646408 0.09765625 0.03660220994475138
2 0.96044921875 0.23687845303867403 0.0341796875 0.03038674033149171
0 0.099609375 0.27209944751381215 0.0751953125 0.04143646408839779
2 0.297119140625 0.27486187845303867 0.03564453125 0.03038674033149171
0 0.79296875 0.287292817679558 0.1455078125 0.04005524861878453
2 0.9599609375 0.29040055248618785 0.037109375 0.029696132596685083
0 0.135498046875 0.32078729281767954 0.15087890625 0.04074585635359116
2 0.297119140625 0.32700276243093923 0.03759765625 0.0324585635359116
0 0.760498046875 0.34081491712707185 0.07666015625 0.04212707182320442
2 0.959716796875 0.3425414364640884 0.03564453125 0.029005524861878452
0 0.147216796875 0.37603591160220995 0.16650390625 0.03383977900552486
2 0.2978515625 0.37396408839779005 0.037109375 0.028314917127071824
0 0.776611328125 0.39088397790055246 0.10400390625 0.03729281767955801
2 0.96044921875 0.393646408839779 0.0341796875 0.03038674033149171
0 0.10595703125 0.42299723756906077 0.0947265625 0.03383977900552486
2 0.297119140625 0.42679558011049723 0.03564453125 0.03038674033149171
0 0.79638671875 0.443024861878453 0.15234375 0.03522099447513812
2 0.9609375 0.44820441988950277 0.037109375 0.031767955801104975
0 0.113525390625 0.4723756906077348 0.10888671875 0.03314917127071823
2 0.297119140625 0.47651933701657456 0.03564453125 0.03038674033149171
0 0.804931640625 0.4975828729281768 0.17626953125 0.03522099447513812
2 0.96044921875 0.4986187845303867 0.0341796875 0.03038674033149171
0 0.112060546875 0.524171270718232 0.10107421875 0.03591160220994475
2 0.297119140625 0.5262430939226519 0.03564453125 0.03038674033149171
0 0.815673828125 0.549378453038674 0.19970703125 0.03660220994475138
2 0.96044921875 0.549378453038674 0.037109375 0.029696132596685083
0 0.158447265625 0.5732044198895028 0.19384765625 0.034530386740331494
2 0.2978515625 0.5749309392265194 0.037109375 0.0324585635359116
0 0.786865234375 0.6046270718232044 0.13623046875 0.04212707182320442
2 0.961181640625 0.6042817679558011 0.03759765625 0.031767955801104975
0 0.076904296875 0.6243093922651933 0.03076171875 0.031767955801104975
2 0.2958984375 0.6236187845303868 0.033203125 0.03038674033149171
0 0.8125 0.6553867403314917 0.193359375 0.03729281767955801
2 0.961181640625 0.6560773480662984 0.03564453125 0.03038674033149171
0 0.148681640625 0.6691988950276243 0.17724609375 0.034530386740331494
0 0.81396484375 0.7071823204419889 0.20703125 0.03867403314917127
2 0.96044921875 0.7092541436464088 0.0341796875 0.031767955801104975
0 0.148681640625 0.7185773480662984 0.18603515625 0.028314917127071824
0 0.762451171875 0.7634668508287292 0.08642578125 0.03660220994475138
2 0.95849609375 0.7617403314917127 0.0302734375 0.03038674033149171
0 0.466064453125 0.801450276243094 0.15869140625 0.03522099447513812
2 0.62841796875 0.8049033149171271 0.0341796875 0.028314917127071824
0 0.732177734375 0.8118093922651933 0.04443359375 0.0324585635359116
2 0.959228515625 0.8104281767955801 0.03173828125 0.028314917127071824
0 0.4677734375 0.851864640883978 0.1708984375 0.03660220994475138
2 0.62939453125 0.8522099447513812 0.0341796875 0.03038674033149171
0 0.806884765625 0.8622237569060773 0.19580078125 0.03522099447513812
0 0.4794921875 0.8957182320441989 0.1767578125 0.03729281767955801
2 0.629638671875 0.8998618784530387 0.03857421875 0.031767955801104975
0 0.805908203125 0.914364640883978 0.19091796875 0.03867403314917127
0 0.490478515625 0.9475138121546961 0.20556640625 0.03314917127071823
2 0.632568359375 0.9468232044198895 0.03857421875 0.03314917127071823
2 0.297119140625 0.7237569060773481 0.03564453125 0.03038674033149171
2 0.296142578125 0.6733425414364641 0.03564453125 0.03038674033149171
2 0.959228515625 0.8642955801104972 0.03173828125 0.028314917127071824
2 0.960205078125 0.9174723756906077 0.03173828125 0.028314917127071824
1 0.1865234375 0.16988950276243095 0.2587890625 0.03038674033149171
1 0.18994140625 0.2220303867403315 0.25 0.029696132596685083
1 0.189453125 0.27140883977900554 0.2509765625 0.03729281767955801
1 0.19091796875 0.37396408839779005 0.2509765625 0.03383977900552486
1 0.18896484375 0.32251381215469616 0.2548828125 0.03591160220994475
1 0.187255859375 0.4205801104972376 0.25634765625 0.034530386740331494
1 0.1865234375 0.47375690607734805 0.255859375 0.03729281767955801
1 0.190185546875 0.5220994475138122 0.25146484375 0.03314917127071823
1 0.18701171875 0.7178867403314917 0.2587890625 0.0324585635359116
1 0.18701171875 0.6215469613259669 0.2509765625 0.026243093922651933
1 0.18896484375 0.6685082872928176 0.2548828125 0.03729281767955801
1 0.18896484375 0.5714779005524862 0.2578125 0.03383977900552486
1 0.51708984375 0.800414364640884 0.2578125 0.034530386740331494
1 0.51513671875 0.8511740331491713 0.263671875 0.03522099447513812
1 0.51904296875 0.8957182320441989 0.255859375 0.03591160220994475
1 0.519287109375 0.9461325966850829 0.26318359375 0.031767955801104975
1 0.85107421875 0.18232044198895028 0.25390625 0.03314917127071823
1 0.85107421875 0.3404696132596685 0.255859375 0.04558011049723757
1 0.8505859375 0.2886740331491713 0.255859375 0.03867403314917127
1 0.85107421875 0.2341160220994475 0.251953125 0.03867403314917127
1 0.85205078125 0.38984806629834257 0.2548828125 0.03798342541436464
1 0.8505859375 0.4419889502762431 0.2587890625 0.04143646408839779
1 0.84814453125 0.49482044198895025 0.2607421875 0.031077348066298343
1 0.84716796875 0.5476519337016574 0.2626953125 0.03729281767955801
1 0.85009765625 0.601864640883978 0.259765625 0.03798342541436464
1 0.848388671875 0.6522790055248618 0.26220703125 0.0393646408839779
1 0.845703125 0.706146408839779 0.263671875 0.03522099447513812
1 0.84521484375 0.7617403314917127 0.2548828125 0.034530386740331494
1 0.844482421875 0.8118093922651933 0.26416015625 0.03383977900552486
1 0.843017578125 0.8601519337016574 0.26806640625 0.03798342541436464
1 0.84521484375 0.914364640883978 0.263671875 0.03729281767955801
0 0.150390625 0.10600828729281768 0.0791015625 0.04765193370165746
0 0.466552734375 0.7230662983425414 0.08935546875 0.05386740331491713
0 0.8134765625 0.09461325966850828 0.1142578125 0.04005524861878453
1 0.18603515625 0.41332872928176795 0.2626953125 0.6595303867403315
1 0.519775390625 0.8280386740331491 0.26416015625 0.27624309392265195
1 0.844970703125 0.5089779005524862 0.27099609375 0.8715469613259669
