0 0.69775390625 0.16171389080856946 0.076171875 0.0359364201796821
2 0.914794921875 0.16482377332411888 0.08154296875 0.031098825155494125
0 0.089111328125 0.1741534208707671 0.06982421875 0.038700760193503804
2 0.28662109375 0.17726330338631652 0.0380859375 0.028334485141672427
0 0.74267578125 0.2263303386316517 0.166015625 0.04077401520387008
2 0.9150390625 0.22874913614374567 0.0810546875 0.03178991015894955
0 0.132568359375 0.2346233586731168 0.16162109375 0.033863165169315826
2 0.285400390625 0.24153420870767103 0.03564453125 0.028334485141672427
0 0.7041015625 0.28921907394609536 0.080078125 0.036627505183137524
2 0.914306640625 0.29336558396682794 0.08251953125 0.03248099516240498
0 0.092529296875 0.3006219765031099 0.07958984375 0.04284727021423635
2 0.2861328125 0.3044229440221147 0.037109375 0.028334485141672427
0 0.749755859375 0.35418106427090534 0.16748046875 0.042156185210780926
2 0.914794921875 0.35694540428472704 0.08154296875 0.033863165169315826
0 0.140380859375 0.3631651693158258 0.16162109375 0.035245335176226675
2 0.285400390625 0.3697304768486524 0.03564453125 0.0304077401520387
0 0.758056640625 0.42087076710435384 0.19287109375 0.04008293020041465
0 0.142822265625 0.4295093296475466 0.16845703125 0.04077401520387008
2 0.28662109375 0.43261921216309607 0.0380859375 0.0304077401520387
0 0.718505859375 0.48445058742225294 0.10107421875 0.038700760193503804
2 0.915283203125 0.48583275742916376 0.08251953125 0.0304077401520387
0 0.1396484375 0.49550794747753973 0.1630859375 0.03455425017277125
2 0.2861328125 0.4968901174844506 0.037109375 0.0304077401520387
0 0.6962890625 0.5466482377332412 0.0498046875 0.02626123013130615
2 0.914306640625 0.550449205252246 0.08251953125 0.029716655148583276
0 0.106201171875 0.5587422252937111 0.10009765625 0.03800967519004837
2 0.285888671875 0.5611610228058052 0.03857421875 0.03178991015894955
0 0.150146484375 0.6233586731167934 0.18408203125 0.038700760193503804
2 0.285888671875 0.6257774706288873 0.03857421875 0.03248099516240498
0 0.155517578125 0.6890117484450587 0.19189453125 0.04008293020041465
0 0.52783203125 0.7228749136143746 0.2724609375 0.0359364201796821
2 0.737060546875 0.7256392536281963 0.07958984375 0.0304077401520387
0 0.10009765625 0.7484450587422253 0.083984375 0.03178991015894955
2 0.283935546875 0.7546648237733241 0.03759765625 0.03178991015894955
0 0.516845703125 0.7809260539046303 0.25244140625 0.03731859018659295
2 0.738525390625 0.7816171389080857 0.07958984375 0.03178991015894955
0 0.479736328125 0.8351762266758811 0.17333984375 0.043538355217691775
2 0.742919921875 0.8396682791983414 0.08154296875 0.0304077401520387
0 0.512939453125 0.8921907394609537 0.23974609375 0.04008293020041465
2 0.7421875 0.8970283344851416 0.080078125 0.0304077401520387
0 0.501220703125 0.9488597097442986 0.21630859375 0.04008293020041465
2 0.742919921875 0.9523151347615757 0.08154296875 0.03455425017277125
2 0.285400390625 0.6903939184519696 0.03759765625 0.03178991015894955
2 0.914794921875 0.42121630960608153 0.08154296875 0.033863165169315826
1 0.1806640625 0.17311679336558397 0.2529296875 0.03939184519695923
1 0.179443359375 0.23324118866620594 0.25341796875 0.03939184519695923
1 0.1796875 0.3006219765031099 0.25390625 0.0414651002073255
1 0.1826171875 0.36351071181755357 0.248046875 0.038700760193503804
1 0.182861328125 0.4277816171389081 0.24755859375 0.04008293020041465
1 0.18212890625 0.4958534899792674 0.2470703125 0.035245335176226675
1 0.18212890625 0.5573600552868003 0.251953125 0.042156185210780926
1 0.1806640625 0.6209398756046994 0.244140625 0.035245335176226675
1 0.182861328125 0.6876295784381479 0.24462890625 0.0359364201796821
1 0.181396484375 0.751209398756047 0.24560546875 0.03455425017277125
1 0.8076171875 0.16102280580511402 0.2958984375 0.03731859018659295
1 0.812744140625 0.5463026952315134 0.28564453125 0.029716655148583276
1 0.812744140625 0.48306841741534207 0.28466796875 0.03455425017277125
1 0.809326171875 0.41845196959225983 0.29248046875 0.03800967519004837
1 0.81201171875 0.35418106427090534 0.2861328125 0.03939184519695923
1 0.809814453125 0.2885279889426399 0.29248046875 0.036627505183137524
1 0.80810546875 0.22494816862474085 0.29296875 0.03800967519004837
1 0.584716796875 0.7225293711126468 0.38525390625 0.036627505183137524
1 0.588623046875 0.8904630269523152 0.38916015625 0.036627505183137524
1 0.590087890625 0.9488597097442986 0.39111328125 0.03731859018659295
1 0.58935546875 0.8355217691776089 0.3896484375 0.0414651002073255
1 0.585205078125 0.7771250863856254 0.38720703125 0.03800967519004837
0 0.118896484375 0.07878369039391846 0.09423828125 0.046993780234968904
0 0.5302734375 0.6354526606772632 0.189453125 0.05597788527988943
0 0.7490234375 0.07394609536973047 0.1103515625 0.05390463026952315
1 0.179931640625 0.4118866620594333 0.25537109375 0.7131997235659986
1 0.582763671875 0.7854181064270905 0.39111328125 0.3614374568071873
1 0.809814453125 0.3116793365583967 0.29638671875 0.5335176226675881
