0 0.133056640625 0.14941338854382333 0.09521484375 0.03795721187025535
0 0.716552734375 0.1518288474810214 0.08251953125 0.033126293995859216
2 0.547119140625 0.1538992408557626 0.03564453125 0.03036576949620428
2 0.931396484375 0.1538992408557626 0.03564453125 0.03036576949620428
0 0.724853515625 0.21566597653554176 0.08154296875 0.035196687370600416
0 0.2060546875 0.21359558316080055 0.2529296875 0.035196687370600416
2 0.547119140625 0.21670117322291235 0.03564453125 0.03036576949620428
2 0.931884765625 0.21773636991028295 0.03662109375 0.028295376121463076
0 0.769775390625 0.2805383022774327 0.17626953125 0.03657694962042788
0 0.17626953125 0.2784679089026915 0.1865234375 0.035196687370600416
2 0.54638671875 0.28191856452726016 0.0341796875 0.028295376121463076
2 0.9306640625 0.2805383022774327 0.037109375 0.028295376121463076
0 0.14697265625 0.3409247757073844 0.13671875 0.031746031746031744
2 0.54638671875 0.34575569358178054 0.0341796875 0.028985507246376812
0 0.146728515625 0.4054520358868185 0.13427734375 0.035196687370600416
2 0.54638671875 0.4109730848861284 0.0341796875 0.028295376121463076
0 0.157958984375 0.4696342305037957 0.14501953125 0.035196687370600416
2 0.5478515625 0.4720496894409938 0.0390625 0.031746031746031744
0 0.182861328125 0.5345065562456867 0.18505859375 0.03243616287094548
2 0.547119140625 0.5369220151828847 0.03564453125 0.03036576949620428
0 0.18896484375 0.5973084886128365 0.1953125 0.03657694962042788
2 0.547119140625 0.601104209799862 0.03564453125 0.03036576949620428
0 0.158935546875 0.6608005521049 0.14697265625 0.028295376121463076
2 0.5478515625 0.6639061421670117 0.0390625 0.031746031746031744
0 0.7353515625 0.68391994478951 0.11328125 0.037267080745341616
2 0.9326171875 0.6877156659765356 0.0380859375 0.029675638371290544
0 0.180419921875 0.7256728778467909 0.19189453125 0.03243616287094548
2 0.547119140625 0.7291235334713596 0.03564453125 0.03243616287094548
0 0.173583984375 0.7905452035886819 0.19580078125 0.03657694962042788
2 0.547119140625 0.7936507936507936 0.03564453125 0.031746031746031744
0 0.15087890625 0.855072463768116 0.1376953125 0.03036576949620428
2 0.54833984375 0.8561076604554866 0.0380859375 0.028295376121463076
1 0.3251953125 0.1497584541062802 0.484375 0.04002760524499655
1 0.32421875 0.21256038647342995 0.4833984375 0.033126293995859216
1 0.32470703125 0.2784679089026915 0.4814453125 0.035196687370600416
1 0.328369140625 0.533471359558316 0.47509765625 0.03450655624568668
1 0.32421875 0.40717736369910285 0.486328125 0.037267080745341616
1 0.322509765625 0.3409247757073844 0.48779296875 0.033126293995859216
1 0.327392578125 0.468944099378882 0.48681640625 0.03657694962042788
1 0.322265625 0.8012422360248447 0.4873046875 0.06349206349206349
1 0.3291015625 0.5969634230503795 0.4716796875 0.03450655624568668
1 0.323974609375 0.7284334023464458 0.47802734375 0.033816425120772944
1 0.326416015625 0.6618357487922706 0.48193359375 0.035886818495514144
1 0.322998046875 0.852311939268461 0.47998046875 0.03036576949620428
1 0.812744140625 0.15044858523119392 0.27197265625 0.03864734299516908
1 0.8173828125 0.21566597653554176 0.263671875 0.033816425120772944
1 0.81494140625 0.2808833678398896 0.26953125 0.035886818495514144
1 0.8173828125 0.6818495514147688 0.2724609375 0.037267080745341616
0 0.25341796875 0.06625258799171843 0.171875 0.05659075224292615
0 0.75048828125 0.06797791580400277 0.1044921875 0.05314009661835749
1 0.32373046875 0.45445134575569357 0.5 0.8371290545203589
1 0.819091796875 0.1725327812284334 0.28466796875 0.2636300897170462
0 0.427734375 0.21359558316080055 0.0517578125 0.033816425120772944
0 0.47802734375 0.27708764665286406 0.0517578125 0.035196687370600416
0 0.361572265625 0.34368530020703936 0.05224609375 0.031746031746031744
