0 0.28369140625 0.2349896480331263 0.14453125 0.051759834368530024
2 0.908447265625 0.23844030365769497 0.05810546875 0.047619047619047616
0 0.310791015625 0.36335403726708076 0.19677734375 0.051759834368530024
2 0.906494140625 0.36197377501725325 0.05126953125 0.04485852311939269
0 0.310302734375 0.489648033126294 0.20556640625 0.047619047619047616
2 0.914306640625 0.4834368530020704 0.06689453125 0.04071773636991028
0 0.310302734375 0.6121463077984817 0.19482421875 0.05106970324361629
2 0.91357421875 0.6093857832988268 0.0673828125 0.045548654244306416
0 0.38134765625 0.7349896480331263 0.345703125 0.045548654244306416
2 0.91357421875 0.7336093857832988 0.0654296875 0.041407867494824016
0 0.31103515625 0.857487922705314 0.197265625 0.05037957211870255
2 0.914306640625 0.860248447204969 0.06982421875 0.04623878536922015
1 0.57421875 0.23567977915804003 0.7265625 0.05314009661835749
1 0.571044921875 0.3616287094547964 0.72216796875 0.05106970324361629
1 0.57861328125 0.6100759144237405 0.7412109375 0.05521048999309869
1 0.577392578125 0.48792270531400966 0.73876953125 0.04692891649413389
1 0.576171875 0.7336093857832988 0.7412109375 0.05106970324361629
1 0.58154296875 0.857487922705314 0.7373046875 0.05452035886818495
