0 0.138671875 0.3473756906077348 0.1669921875 0.03591160220994475
2 0.371826171875 0.3491022099447514 0.10205078125 0.03383977900552486
0 0.6572265625 0.3539364640883978 0.1650390625 0.04350828729281768
2 0.90185546875 0.3494475138121547 0.1025390625 0.03729281767955801
2 0.371337890625 0.44785911602209943 0.10302734375 0.03522099447513812
2 0.902099609375 0.44785911602209943 0.10205078125 0.03522099447513812
0 0.12109375 0.4485497237569061 0.1328125 0.04350828729281768
0 0.6318359375 0.4471685082872928 0.111328125 0.031077348066298343
0 0.675537109375 0.6450276243093923 0.20068359375 0.052486187845303865
0 0.1435546875 0.5483425414364641 0.1767578125 0.04281767955801105
2 0.370849609375 0.5473066298342542 0.10205078125 0.03522099447513812
2 0.901611328125 0.5469613259668509 0.10205078125 0.03591160220994475
0 0.65576171875 0.5486878453038674 0.166015625 0.04074585635359116
0 0.14306640625 0.6488259668508287 0.17578125 0.04350828729281768
2 0.370849609375 0.6450276243093923 0.10205078125 0.03591160220994475
2 0.902099609375 0.6450276243093923 0.10205078125 0.03591160220994475
0 0.5166015625 0.7745165745856354 0.17578125 0.0462707182320442
2 0.707763671875 0.7710635359116023 0.10205078125 0.03798342541436464
0 0.51708984375 0.8318370165745856 0.1767578125 0.0462707182320442
2 0.707763671875 0.8290745856353591 0.10205078125 0.03522099447513812
1 0.240234375 0.3470303867403315 0.37109375 0.0393646408839779
1 0.238525390625 0.6460635359116023 0.36962890625 0.04488950276243094
1 0.24072265625 0.449585635359116 0.37109375 0.04419889502762431
1 0.239013671875 0.5466160220994475 0.37255859375 0.04074585635359116
1 0.7646484375 0.35359116022099446 0.380859375 0.04558011049723757
1 0.76318359375 0.5483425414364641 0.380859375 0.04558011049723757
1 0.765625 0.44785911602209943 0.37890625 0.03660220994475138
1 0.765380859375 0.6450276243093923 0.38037109375 0.05110497237569061
1 0.593017578125 0.7714088397790055 0.32861328125 0.049723756906077346
1 0.594482421875 0.8314917127071824 0.32861328125 0.049723756906077346
