2 0.90478515625 0.29094678645473393 0.0615234375 0.046993780234968904
0 0.6240234375 0.2954388389771942 0.099609375 0.051831375259156875
0 0.62744140625 0.3790601243953006 0.10546875 0.051831375259156875
2 0.908203125 0.3762957843814789 0.0576171875 0.043538355217691775
0 0.639404296875 0.4557705597788528 0.12646484375 0.053213545266067724
0 0.719970703125 0.5421561852107809 0.29248046875 0.053213545266067724
0 0.6240234375 0.6254319281271596 0.1015625 0.0580511402902557
0 0.608642578125 0.7087076710435384 0.06884765625 0.04768486523842433
0 0.647216796875 0.7843814789219073 0.14794921875 0.05390463026952315
0 0.648681640625 0.8673116793365584 0.15478515625 0.05114029025570145
2 0.90771484375 0.8673116793365584 0.0615234375 0.046993780234968904
2 0.90673828125 0.7871458189357291 0.0615234375 0.046993780234968904
2 0.9072265625 0.7055977885279889 0.0615234375 0.046993780234968904
2 0.90771484375 0.6233586731167934 0.0615234375 0.046993780234968904
2 0.908203125 0.5387007601935038 0.0615234375 0.04768486523842433
2 0.90771484375 0.4609536973047685 0.0615234375 0.046993780234968904
1 0.756591796875 0.2954388389771942 0.36279296875 0.053213545266067724
1 0.754638671875 0.3783690393918452 0.36279296875 0.053213545266067724
1 0.756103515625 0.4557705597788528 0.36279296875 0.053213545266067724
1 0.758056640625 0.5393918451969593 0.36669921875 0.053213545266067724
1 0.756591796875 0.6257774706288873 0.36474609375 0.05736005528680028
1 0.755859375 0.7059433310297166 0.3671875 0.05044920525224603
1 0.755615234375 0.7826537664132688 0.36279296875 0.053213545266067724
1 0.75439453125 0.8655839668279198 0.3701171875 0.053213545266067724
