0 0.3525390625 0.20925414364640885 0.107421875 0.04143646408839779
2 0.539306640625 0.2102900552486188 0.05419921875 0.0393646408839779
0 0.730712890625 0.23825966850828728 0.12939453125 0.05110497237569061
2 0.89990234375 0.23342541436464087 0.056640625 0.03729281767955801
0 0.369384765625 0.28314917127071826 0.14501953125 0.058011049723756904
2 0.539306640625 0.2800414364640884 0.05419921875 0.0393646408839779
0 0.725341796875 0.6581491712707183 0.10595703125 0.04143646408839779
0 0.363525390625 0.6591850828729282 0.14208984375 0.0393646408839779
2 0.539794921875 0.6605662983425414 0.05517578125 0.03798342541436464
2 0.903076171875 0.6605662983425414 0.05517578125 0.03798342541436464
0 0.742431640625 0.7327348066298343 0.14599609375 0.05662983425414365
0 0.3994140625 0.732389502762431 0.2138671875 0.04488950276243094
2 0.903076171875 0.7296270718232044 0.05517578125 0.0393646408839779
2 0.541748046875 0.7310082872928176 0.05517578125 0.03798342541436464
1 0.4326171875 0.2082182320441989 0.26953125 0.04212707182320442
1 0.43212890625 0.28349447513812154 0.2685546875 0.06284530386740332
1 0.43017578125 0.6595303867403315 0.279296875 0.04419889502762431
1 0.4306640625 0.7327348066298343 0.279296875 0.04419889502762431
1 0.797607421875 0.23860497237569062 0.26416015625 0.04903314917127072
1 0.802001953125 0.6571132596685083 0.26025390625 0.04212707182320442
1 0.7998046875 0.7334254143646409 0.26171875 0.062154696132596686
0 0.418212890625 0.09979281767955801 0.23974609375 0.11671270718232044
0 0.734130859375 0.550414364640884 0.12451171875 0.10911602209944751
1 0.43310546875 0.18128453038674033 0.267578125 0.2755524861878453
1 0.802734375 0.630524861878453 0.265625 0.2776243093922652
