0 0.787353515625 0.2199585635359116 0.23486328125 0.03660220994475138
0 0.13037109375 0.22513812154696133 0.1943359375 0.04281767955801105
2 0.313232421875 0.2220303867403315 0.04736328125 0.03383977900552486
0 0.1416015625 0.2710635359116022 0.216796875 0.03522099447513812
0 0.78564453125 0.2717541436464088 0.2314453125 0.03660220994475138
2 0.31396484375 0.27279005524861877 0.0458984375 0.031767955801104975
0 0.157958984375 0.32078729281767954 0.25244140625 0.0393646408839779
0 0.1455078125 0.37465469613259667 0.2275390625 0.04488950276243094
2 0.313232421875 0.37120165745856354 0.04736328125 0.03383977900552486
0 0.4677734375 0.6947513812154696 0.3193359375 0.04281767955801105
0 0.4033203125 0.743439226519337 0.1826171875 0.03798342541436464
2 0.6630859375 0.744475138121547 0.048828125 0.03591160220994475
0 0.391357421875 0.7928176795580111 0.15966796875 0.04005524861878453
2 0.6630859375 0.7952348066298343 0.048828125 0.03383977900552486
0 0.409912109375 0.8473756906077348 0.19580078125 0.04281767955801105
2 0.662841796875 0.8428867403314917 0.05029296875 0.03798342541436464
2 0.312744140625 0.32251381215469616 0.04736328125 0.034530386740331494
2 0.662109375 0.6954419889502762 0.048828125 0.03591160220994475
2 0.94384765625 0.22410220994475138 0.048828125 0.03383977900552486
2 0.94287109375 0.2724447513812155 0.048828125 0.03383977900552486
1 0.183837890625 0.224792817679558 0.30908203125 0.0462707182320442
1 0.1845703125 0.2717541436464088 0.306640625 0.03660220994475138
1 0.184326171875 0.32044198895027626 0.30517578125 0.04419889502762431
1 0.185302734375 0.37465469613259667 0.30615234375 0.0462707182320442
1 0.49609375 0.6947513812154696 0.380859375 0.04419889502762431
1 0.50048828125 0.7430939226519337 0.380859375 0.04419889502762431
1 0.5009765625 0.7921270718232044 0.380859375 0.04419889502762431
1 0.50146484375 0.8473756906077348 0.380859375 0.04419889502762431
1 0.8193359375 0.21961325966850828 0.3017578125 0.03729281767955801
1 0.81982421875 0.27140883977900554 0.3017578125 0.03729281767955801
