0 0.2969379532634972 0.5125427594070695 0.2328767123287671 0.03192702394526796
2 0.8182917002417406 0.5131128848346637 0.06688154713940371 0.02280501710376283
0 0.25221595487510073 0.5818129988597491 0.1434327155519742 0.03477765108323831
2 0.8182917002417406 0.5809578107183581 0.06688154713940371 0.02280501710376283
0 0.2542304593070105 0.6490877993158495 0.14585012087026591 0.029076396807297605
2 0.8182917002417406 0.6485176738882554 0.0684931506849315 0.023375142531356898
0 0.2550362610797744 0.7157924743443558 0.14746172441579372 0.030216647662485746
2 0.8182917002417406 0.7143671607753705 0.06688154713940371 0.02280501710376283
0 0.2763900080580177 0.7824971493728621 0.19016921837228043 0.027936145952109463
2 0.8182917002417406 0.7833523375142531 0.06688154713940371 0.021664766248574687
0 0.6357775987107172 0.919327251995439 0.16599516518936341 0.027936145952109463
0 0.26148267526188557 0.9213226909920182 0.15390813859790492 0.026225769669327253
2 0.8283642224012893 0.9218928164196123 0.043513295729250605 0.02280501710376283
2 0.45930701047542305 0.9230330672748005 0.045124899274778404 0.02280501710376283
0 0.6321514907332796 0.9538198403648803 0.15551974214343273 0.026225769669327253
0 0.24738114423851731 0.9552451539338654 0.12570507655116842 0.026795895096921322
2 0.45930701047542305 0.9572405929304447 0.045124899274778404 0.02280501710376283
2 0.8291700241740532 0.9563854047890535 0.045124899274778404 0.021094640820980615
1 0.515713134568896 0.5145381984036488 0.6704270749395649 0.03249714937286203
1 0.5173247381144238 0.5812428734321551 0.6720386784850927 0.03135689851767389
1 0.5169218372280419 0.6476624857468644 0.6744560838033844 0.028506271379703536
1 0.5185334407735697 0.7166476624857469 0.669621273166801 0.03078677309007982
1 0.5149073327961321 0.7824971493728621 0.6720386784850927 0.027936145952109463
1 0.33199033037872683 0.9207525655644242 0.2997582594681708 0.026225769669327253
1 0.3364222401289283 0.9543899657924744 0.2989524576954069 0.029646522234891677
1 0.6994359387590653 0.919612314709236 0.2997582594681708 0.026225769669327253
1 0.7026591458501209 0.9543899657924744 0.2997582594681708 0.026225769669327253
