0 0.695556640625 0.2619212163096061 0.10693359375 0.03731859018659295
2 0.910400390625 0.2629578438147892 0.02783203125 0.026952315134761574
0 0.12255859375 0.2805805114029026 0.126953125 0.03178991015894955
2 0.279541015625 0.28023496890117483 0.03662109375 0.028334485141672427
0 0.732177734375 0.30580511402902555 0.18017578125 0.03939184519695923
2 0.906494140625 0.30545957152729786 0.03857421875 0.02626123013130615
0 0.141357421875 0.3182446440912232 0.16455078125 0.033863165169315826
2 0.279541015625 0.3210089841050449 0.03662109375 0.028334485141672427
0 0.709228515625 0.3455425017277125 0.13330078125 0.0304077401520387
2 0.906494140625 0.34657912923289563 0.03857421875 0.028334485141672427
0 0.136962890625 0.36005528680027643 0.15869140625 0.0414651002073255
2 0.279541015625 0.36074637180373187 0.03662109375 0.02626123013130615
0 0.7041015625 0.3921907394609537 0.123046875 0.03800967519004837
2 0.906494140625 0.389426399447132 0.03857421875 0.026952315134761574
0 0.699951171875 0.43158258465791294 0.11572265625 0.03248099516240498
2 0.906494140625 0.43261921216309607 0.03857421875 0.02626123013130615
0 0.6806640625 0.4730476848652384 0.076171875 0.029716655148583276
2 0.906494140625 0.474775397373877 0.03857421875 0.02626123013130615
0 0.25146484375 0.5127850725639254 0.072265625 0.0304077401520387
2 0.4130859375 0.5145127850725639 0.0380859375 0.028334485141672427
0 0.69677734375 0.5155494125777471 0.1083984375 0.0304077401520387
2 0.906494140625 0.5165860400829302 0.03857421875 0.028334485141672427
0 0.240966796875 0.5545957152729786 0.05126953125 0.028334485141672427
2 0.4130859375 0.5545957152729786 0.0380859375 0.028334485141672427
0 0.690185546875 0.560124395300622 0.09716796875 0.042156185210780926
2 0.906494140625 0.5587422252937111 0.03857421875 0.028334485141672427
0 0.252197265625 0.5919143054595716 0.07373046875 0.03248099516240498
2 0.4130859375 0.5946786454733932 0.0380859375 0.028334485141672427
0 0.7119140625 0.6002073255010366 0.138671875 0.029716655148583276
2 0.906494140625 0.6002073255010366 0.03857421875 0.028334485141672427
0 0.26123046875 0.6326883206634416 0.091796875 0.029716655148583276
2 0.4130859375 0.6351071181755356 0.0380859375 0.02626123013130615
0 0.246826171875 0.6738078783690394 0.06298828125 0.0304077401520387
2 0.4130859375 0.6748445058742225 0.0380859375 0.028334485141672427
0 0.3916015625 0.8113337940566689 0.1123046875 0.03178991015894955
2 0.5380859375 0.8130615065653075 0.0380859375 0.028334485141672427
0 0.375732421875 0.8472702142363511 0.08349609375 0.03731859018659295
2 0.5380859375 0.8538355217691777 0.0380859375 0.028334485141672427
0 0.378173828125 0.8914996544574982 0.08642578125 0.0304077401520387
2 0.537353515625 0.8925362819626814 0.03662109375 0.028334485141672427
0 0.406494140625 0.9319281271596407 0.14306640625 0.03800967519004837
2 0.5380859375 0.9326192121630961 0.0380859375 0.028334485141672427
1 0.17919921875 0.2795438838977194 0.240234375 0.03248099516240498
1 0.179443359375 0.31617138908085696 0.23974609375 0.036627505183137524
1 0.17822265625 0.3590186592950933 0.2392578125 0.042156185210780926
1 0.3232421875 0.5124395300621977 0.216796875 0.031098825155494125
1 0.32275390625 0.5532135452660677 0.216796875 0.031098825155494125
1 0.322265625 0.5891499654457498 0.216796875 0.031098825155494125
1 0.3232421875 0.633379405666897 0.216796875 0.031098825155494125
1 0.32421875 0.6720801658604009 0.216796875 0.031098825155494125
1 0.447265625 0.8123704215618521 0.2236328125 0.031098825155494125
1 0.445068359375 0.9315825846579129 0.22119140625 0.0414651002073255
1 0.447265625 0.8897719419488597 0.2236328125 0.031098825155494125
1 0.445556640625 0.8483068417415343 0.22412109375 0.042156185210780926
1 0.783935546875 0.2619212163096061 0.28271484375 0.03731859018659295
1 0.783447265625 0.3020041465100207 0.28271484375 0.03731859018659295
1 0.783935546875 0.3455425017277125 0.28271484375 0.03731859018659295
1 0.782958984375 0.39322736696613686 0.28271484375 0.03731859018659295
1 0.784423828125 0.43020041465100206 0.28271484375 0.033863165169315826
1 0.784423828125 0.47373876986869384 0.28466796875 0.03248099516240498
1 0.784423828125 0.5141672425708362 0.28271484375 0.03455425017277125
1 0.782958984375 0.5604699378023497 0.28271484375 0.03731859018659295
1 0.781494140625 0.597442985487215 0.28076171875 0.035245335176226675
