0 0.623587570621469 0.15567216391804098 0.20056497175141244 0.02048975512243878
0 0.6454802259887006 0.17616191904047976 0.2443502824858757 0.017491254372813594
0 0.597457627118644 0.19540229885057472 0.1483050847457627 0.014992503748125937
0 0.6306497175141242 0.21539230384807595 0.21468926553672316 0.017991004497751123
0 0.6652542372881356 0.23513243378310844 0.288135593220339 0.02048975512243878
0 0.6324152542372882 0.255872063968016 0.22245762711864406 0.017991004497751123
0 0.6362994350282486 0.30309845077461267 0.23163841807909605 0.01649175412293853
0 0.13135593220338984 0.31584207896051975 0.1285310734463277 0.015992003998001
0 0.632768361581921 0.32408795602198903 0.2231638418079096 0.01649175412293853
0 0.6331214689265536 0.34257871064467765 0.22387005649717515 0.017491254372813594
0 0.6620762711864406 0.36356821589205396 0.2817796610169492 0.02048975512243878
0 0.12994350282485875 0.3798100949525237 0.12570621468926554 0.015992003998001
0 0.618997175141243 0.41454272863568215 0.19703389830508475 0.018490754622688656
0 0.6151129943502824 0.4345327336331834 0.18926553672316385 0.019490254872563718
0 0.13029661016949154 0.4460269865067466 0.12641242937853106 0.015492253873063468
0 0.6239406779661016 0.4540229885057471 0.2055084745762712 0.019490254872563718
0 0.6193502824858758 0.47276361819090457 0.1963276836158192 0.01899050474762619
0 0.13453389830508475 0.5269865067466267 0.1348870056497175 0.01649175412293853
0 0.6486581920903954 0.5687156421789106 0.2648305084745763 0.01699150424787606
0 0.6726694915254238 0.5892053973013494 0.3128531073446328 0.017991004497751123
0 0.13029661016949154 0.6106946526736632 0.12641242937853106 0.017991004497751123
0 0.6292372881355932 0.663168415792104 0.22598870056497175 0.014992503748125937
0 0.60204802259887 0.6839080459770115 0.1716101694915254 0.017491254372813594
0 0.13029661016949154 0.6974012993503248 0.12641242937853106 0.01649175412293853
0 0.5999293785310734 0.7476261869065467 0.1673728813559322 0.017991004497751123
0 0.6105225988700564 0.7668665667166417 0.1885593220338983 0.017491254372813594
0 0.13206214689265536 0.7691154422788605 0.12994350282485875 0.015992003998001
0 0.6574858757062146 0.8188405797101449 0.2867231638418079 0.019490254872563718
0 0.5720338983050848 0.8393303348325837 0.11581920903954802 0.018490754622688656
0 0.5720338983050848 0.8588205897051474 0.11581920903954802 0.018490754622688656
2 0.2542372881355932 0.3148425787106447 0.1115819209039548 0.015992003998001
2 0.2514124293785311 0.38130934532733635 0.1115819209039548 0.015992003998001
2 0.2605932203389831 0.5262368815592204 0.1115819209039548 0.015992003998001
2 0.2514124293785311 0.4452773613193403 0.1115819209039548 0.015992003998001
2 0.2521186440677966 0.6101949025487257 0.1115819209039548 0.015992003998001
1 0.18891242937853106 0.3160919540229885 0.2422316384180791 0.018490754622688656
1 0.18714689265536724 0.3798100949525237 0.24152542372881355 0.01899050474762619
1 0.18679378531073446 0.44577711144427784 0.23940677966101695 0.01899050474762619
1 0.1917372881355932 0.5257371314342829 0.2535310734463277 0.017991004497751123
1 0.18714689265536724 0.6099450274862569 0.24293785310734464 0.017491254372813594
2 0.7807203389830508 0.1539230384807596 0.09533898305084745 0.01699150424787606
2 0.725635593220339 0.19590204897551225 0.09533898305084745 0.01699150424787606
2 0.8237994350282486 0.17641179410294852 0.09533898305084745 0.01699150424787606
2 0.7906073446327684 0.2143928035982009 0.09533898305084745 0.01699150424787606
2 0.8619350282485876 0.23588205897051473 0.09533898305084745 0.01699150424787606
2 0.7906073446327684 0.2563718140929535 0.09533898305084745 0.01699150424787606
1 0.673728813559322 0.15467266366816593 0.3036723163841808 0.022488755622188907
1 0.6977401129943502 0.17491254372813594 0.3516949152542373 0.021989005497251374
1 0.6811440677966102 0.21464267866066966 0.3156779661016949 0.018490754622688656
1 0.715042372881356 0.23513243378310844 0.3905367231638418 0.022488755622188907
1 0.649364406779661 0.19515242378810593 0.2521186440677966 0.018490754622688656
1 0.6790254237288136 0.2551224387806097 0.3199152542372881 0.01649175412293853
2 0.759180790960452 0.7668665667166417 0.09887005649717515 0.018490754622688656
2 0.6839689265536724 0.8568215892053973 0.0981638418079096 0.018490754622688656
2 0.6839689265536724 0.836831584207896 0.0981638418079096 0.018490754622688656
2 0.8576977401129944 0.8193403298350824 0.0981638418079096 0.018490754622688656
2 0.7379943502824858 0.7463768115942029 0.09887005649717515 0.018490754622688656
2 0.7436440677966102 0.6824087956021989 0.09887005649717515 0.014492753623188406
2 0.7962570621468926 0.6639180409795102 0.09675141242937853 0.01649175412293853
2 0.8350988700564972 0.5699650174912544 0.0981638418079096 0.018490754622688656
2 0.8838276836158192 0.5904547726136932 0.0981638418079096 0.018490754622688656
2 0.7715395480225988 0.41454272863568215 0.0981638418079096 0.018490754622688656
2 0.7665960451977402 0.4340329835082459 0.0981638418079096 0.018490754622688656
2 0.783545197740113 0.4555222388805597 0.0981638418079096 0.018490754622688656
2 0.7687146892655368 0.4745127436281859 0.0981638418079096 0.01649175412293853
2 0.8054378531073446 0.3040979510244878 0.0981638418079096 0.018490754622688656
2 0.7976694915254238 0.3255872063968016 0.0981638418079096 0.018490754622688656
2 0.7976694915254238 0.3435782108945527 0.0981638418079096 0.018490754622688656
2 0.8576977401129944 0.3650674662668666 0.0981638418079096 0.018490754622688656
1 0.6882062146892656 0.3040979510244878 0.3354519774011299 0.019490254872563718
1 0.6839689265536724 0.3233383308345827 0.3283898305084746 0.017991004497751123
1 0.6836158192090396 0.3428285857071464 0.3305084745762712 0.01999000499750125
1 0.7125706214689266 0.36356821589205396 0.3870056497175141 0.019490254872563718
1 0.6712570621468926 0.4155422288855572 0.3001412429378531 0.02048975512243878
1 0.6684322033898306 0.4340329835082459 0.298728813559322 0.017491254372813594
1 0.6765536723163842 0.4530234882558721 0.3163841807909605 0.019490254872563718
1 0.6687853107344632 0.4732633683158421 0.2980225988700565 0.017991004497751123
1 0.7002118644067796 0.5704647676161919 0.3693502824858757 0.019490254872563718
1 0.7235169491525424 0.5904547726136932 0.4173728813559322 0.022488755622188907
1 0.6811440677966102 0.6639180409795102 0.3312146892655367 0.01649175412293853
1 0.655367231638418 0.6824087956021989 0.2782485875706215 0.017491254372813594
1 0.6514830508474576 0.7466266866566716 0.2718926553672316 0.01699150424787606
1 0.663135593220339 0.7658670664667666 0.2923728813559322 0.019490254872563718
1 0.7111581920903954 0.8188405797101449 0.3954802259887006 0.019490254872563718
1 0.6232344632768362 0.8383308345827086 0.22245762711864406 0.019490254872563718
1 0.6225282485875706 0.8573213393303348 0.22245762711864406 0.019490254872563718
1 0.18714689265536724 0.7683658170914542 0.24293785310734464 0.017491254372813594
1 0.18926553672316385 0.6979010494752623 0.24293785310734464 0.017491254372813594
2 0.2563559322033898 0.7691154422788605 0.1115819209039548 0.015992003998001
2 0.2556497175141243 0.6986506746626686 0.1115819209039548 0.015992003998001
