0 0.488034188034188 0.3811216429699842 0.12136752136752137 0.007898894154818325
2 0.6235042735042735 0.40126382306477093 0.0829059829059829 0.009478672985781991
2 0.7602564102564102 0.40126382306477093 0.07948717948717948 0.009478672985781991
0 0.491025641025641 0.46248025276461296 0.08803418803418804 0.009478672985781991
2 0.6235042735042735 0.4820300157977883 0.0829059829059829 0.009873617693522907
2 0.7585470085470085 0.48124012638230645 0.0829059829059829 0.008293838862559242
0 0.4893162393162393 0.5458135860979463 0.1581196581196581 0.011848341232227487
0 0.9051282051282051 0.5471958925750395 0.11623931623931624 0.012243285939968405
2 0.6235042735042735 0.5661532385466035 0.0829059829059829 0.008293838862559242
2 0.7585470085470085 0.5667456556082149 0.0829059829059829 0.009478672985781991
0 0.9055555555555556 0.3807266982622433 0.09658119658119659 0.011848341232227487
0 0.9102564102564102 0.4640600315955766 0.09914529914529914 0.01263823064770932
1 0.5474358974358975 0.3921800947867299 0.24017094017094018 0.030015797788309637
1 0.5576923076923077 0.47255134281200634 0.22136752136752136 0.02962085308056872
1 0.5376068376068376 0.5546998420221169 0.2564102564102564 0.034360189573459717
1 0.823076923076923 0.39040284360189575 0.2717948717948718 0.031990521327014215
1 0.8273504273504273 0.47136650868878355 0.26837606837606837 0.031200631911532384
1 0.8371794871794872 0.5560821484992101 0.25384615384615383 0.03317535545023697
