0 0.31100478468899523 0.210693359375 0.19412166780587833 0.02490234375
2 0.4678742310321258 0.20849609375 0.026657552973342446 0.0146484375
2 0.5263157894736842 0.20849609375 0.025974025974025976 0.0146484375
0 0.6910457963089542 0.2119140625 0.12303485987696514 0.021484375
2 0.9179767600820232 0.211669921875 0.025974025974025976 0.01611328125
0 0.6828434723171565 0.2353515625 0.10799726589200273 0.0205078125
2 0.9179767600820232 0.23583984375 0.025974025974025976 0.0146484375
0 0.6599453178400547 0.2578125 0.06630211893369788 0.0244140625
2 0.9179767600820232 0.25927734375 0.025974025974025976 0.0146484375
0 0.3062200956937799 0.2685546875 0.18591934381408065 0.0224609375
2 0.46411483253588515 0.2685546875 0.025974025974025976 0.0146484375
2 0.5297334244702666 0.2685546875 0.025974025974025976 0.0146484375
0 0.6773752563226247 0.282470703125 0.09569377990430622 0.02099609375
2 0.9190020505809979 0.2841796875 0.028024606971975393 0.017578125
0 0.7006151742993848 0.3046875 0.1421736158578264 0.0205078125
2 0.9179767600820232 0.304931640625 0.025974025974025976 0.01513671875
0 0.7231715652768285 0.326416015625 0.18455228981544772 0.01611328125
0 0.3202323991797676 0.327392578125 0.21394395078605605 0.02392578125
2 0.9179767600820232 0.32568359375 0.025974025974025976 0.0146484375
2 0.46684894053315107 0.327880859375 0.02460697197539303 0.01611328125
2 0.5328092959671907 0.328369140625 0.028024606971975393 0.01708984375
0 0.7057416267942583 0.34619140625 0.15242652084757347 0.0185546875
2 0.9179767600820232 0.3466796875 0.025974025974025976 0.0146484375
0 0.6746411483253588 0.366943359375 0.09022556390977443 0.01611328125
2 0.9179767600820232 0.366943359375 0.025974025974025976 0.01611328125
0 0.2959671907040328 0.386962890625 0.16131237183868763 0.02685546875
2 0.46684894053315107 0.387451171875 0.02460697197539303 0.01611328125
2 0.531784005468216 0.387451171875 0.025974025974025976 0.01611328125
0 0.3181818181818182 0.447509765625 0.20847573479152426 0.02197265625
2 0.4671907040328093 0.447509765625 0.028024606971975393 0.01611328125
2 0.531784005468216 0.447509765625 0.025974025974025976 0.01611328125
0 0.7047163362952836 0.478759765625 0.15037593984962405 0.01611328125
2 0.9172932330827067 0.478271484375 0.02460697197539303 0.01611328125
0 0.7200956937799043 0.49951171875 0.18113465481886534 0.0185546875
2 0.9172932330827067 0.4990234375 0.02460697197539303 0.0146484375
0 0.6681476418318524 0.520263671875 0.07723855092276145 0.01611328125
2 0.9172932330827067 0.519775390625 0.02460697197539303 0.01513671875
0 0.6883116883116883 0.541259765625 0.11756664388243336 0.01611328125
2 0.9179767600820232 0.54052734375 0.025974025974025976 0.0146484375
0 0.28400546821599454 0.55419921875 0.18386876281613124 0.021484375
2 0.47163362952836635 0.554931640625 0.025974025974025976 0.01513671875
2 0.531784005468216 0.554931640625 0.025974025974025976 0.01513671875
0 0.6872863978127136 0.5615234375 0.11688311688311688 0.0224609375
2 0.9179767600820232 0.5615234375 0.025974025974025976 0.0146484375
0 0.3144224196855776 0.613037109375 0.24880382775119617 0.02099609375
2 0.46958304853041694 0.614013671875 0.025974025974025976 0.01611328125
2 0.5341763499658236 0.614013671875 0.028024606971975393 0.01611328125
0 0.6838687628161313 0.633544921875 0.10457963089542037 0.01611328125
2 0.9179767600820232 0.633056640625 0.025974025974025976 0.01513671875
0 0.6910457963089542 0.654541015625 0.11893369788106631 0.01611328125
2 0.9169514695830485 0.65380859375 0.028024606971975393 0.0146484375
0 0.684894053315106 0.719482421875 0.10663021189336978 0.01611328125
2 0.9234449760765551 0.718994140625 0.015037593984962405 0.01513671875
0 0.22453861927546137 0.738525390625 0.11961722488038277 0.02001953125
2 0.43403964456596034 0.738037109375 0.02460697197539303 0.01611328125
0 0.6565276828434723 0.73974609375 0.04989747095010253 0.0146484375
2 0.9179767600820232 0.73974609375 0.025974025974025976 0.0146484375
0 0.22351332877648666 0.769775390625 0.11756664388243336 0.02001953125
2 0.43403964456596034 0.769287109375 0.02460697197539303 0.01611328125
0 0.2535885167464115 0.801025390625 0.17771701982228297 0.02001953125
2 0.43403964456596034 0.7998046875 0.02460697197539303 0.0146484375
0 0.20539986329460014 0.83154296875 0.08407382091592618 0.0185546875
2 0.43403964456596034 0.8310546875 0.02460697197539303 0.0146484375
0 0.6182501708817498 0.85205078125 0.18523581681476417 0.021484375
2 0.7723855092276145 0.851318359375 0.025974025974025976 0.01611328125
0 0.19788106630211894 0.8623046875 0.06630211893369788 0.017578125
2 0.4354066985645933 0.8623046875 0.02460697197539303 0.0146484375
0 0.23923444976076555 0.892822265625 0.151742993848257 0.01904296875
2 0.43506493506493504 0.8935546875 0.026657552973342446 0.0146484375
0 0.2518796992481203 0.924072265625 0.17429938482570062 0.01904296875
2 0.43506493506493504 0.9248046875 0.026657552973342446 0.0146484375
0 0.6343130553656869 0.926513671875 0.21736158578263842 0.02001953125
0 0.24641148325358853 0.955322265625 0.16336295283663704 0.01904296875
2 0.43574846206425155 0.9560546875 0.028024606971975393 0.017578125
2 0.7744360902255639 0.926025390625 0.025974025974025976 0.01611328125
1 0.6582365003417635 0.852783203125 0.2638414217361586 0.02294921875
1 0.65892002734108 0.9267578125 0.26657552973342447 0.021484375
1 0.3762816131237184 0.217529296875 0.32604237867395763 0.04052734375
1 0.37764866712235134 0.277587890625 0.3315105946684894 0.04052734375
1 0.3803827751196172 0.335693359375 0.3342447026657553 0.04150390625
1 0.3810663021189337 0.394775390625 0.3342447026657553 0.04150390625
1 0.37799043062200954 0.457275390625 0.3321941216678059 0.04052734375
1 0.36807928913192073 0.5634765625 0.3533834586466165 0.041015625
1 0.3677375256322625 0.623779296875 0.3595352016404648 0.04443359375
1 0.3062200956937799 0.738525390625 0.28298017771701983 0.01904296875
1 0.30553656869446344 0.768798828125 0.28298017771701983 0.01904296875
1 0.30553656869446344 0.800537109375 0.28298017771701983 0.01904296875
1 0.3058783321941217 0.831298828125 0.2863978127136022 0.02001953125
1 0.3062200956937799 0.86181640625 0.2857142857142857 0.0185546875
1 0.3062200956937799 0.923828125 0.2857142857142857 0.0185546875
1 0.30553656869446344 0.893310546875 0.2911825017088175 0.02001953125
1 0.30758714969241285 0.95703125 0.2857142857142857 0.0185546875
1 0.7809295967190704 0.71923828125 0.3014354066985646 0.0185546875
1 0.7819548872180451 0.739501953125 0.2993848257006152 0.01611328125
1 0.7826384142173616 0.632568359375 0.2993848257006152 0.01611328125
1 0.7819548872180451 0.654541015625 0.2993848257006152 0.01611328125
1 0.7805878332194122 0.479248046875 0.30211893369788106 0.01611328125
1 0.7805878332194122 0.52001953125 0.303485987696514 0.017578125
1 0.780246069719754 0.49951171875 0.3028024606971975 0.01953125
1 0.7812713602187287 0.561279296875 0.30485304169514693 0.02392578125
1 0.7809295967190704 0.540771484375 0.30553656869446344 0.01513671875
1 0.7812713602187287 0.2119140625 0.30485304169514693 0.021484375
1 0.7812713602187287 0.345703125 0.30485304169514693 0.021484375
1 0.7805878332194122 0.366943359375 0.30211893369788106 0.01611328125
1 0.7812713602187287 0.23388671875 0.30485304169514693 0.021484375
1 0.7795625427204375 0.257568359375 0.30553656869446344 0.02587890625
1 0.7809295967190704 0.2822265625 0.3028024606971975 0.0234375
1 0.7816131237183869 0.30419921875 0.3028024606971975 0.0234375
1 0.7819548872180451 0.32666015625 0.3007518796992481 0.0185546875
