0 0.6956845238095238 0.265625 0.15029761904761904 0.029166666666666667
0 0.15476190476190477 0.26510416666666664 0.12202380952380952 0.028125
0 0.4255952380952381 0.265625 0.12797619047619047 0.022916666666666665
0 0.8482142857142857 0.3333333333333333 0.10416666666666667 0.022916666666666665
0 0.8526785714285714 0.3848958333333333 0.1130952380952381 0.021875
0 0.6912202380952381 0.43125 0.12351190476190477 0.020833333333333332
0 0.8474702380952381 0.4359375 0.10267857142857142 0.021875
0 0.43154761904761907 0.44375 0.12202380952380952 0.025
0 0.15625 0.44895833333333335 0.15476190476190477 0.027083333333333334
0 0.859375 0.4765625 0.12053571428571429 0.028125
0 0.8660714285714286 0.5078125 0.13690476190476192 0.023958333333333335
0 0.17410714285714285 0.6541666666666667 0.09226190476190477 0.020833333333333332
0 0.5096726190476191 0.65625 0.09077380952380952 0.014583333333333334
0 0.8191964285714286 0.659375 0.09375 0.016666666666666666
2 0.17410714285714285 0.6755208333333333 0.047619047619047616 0.015625
2 0.5163690476190477 0.6770833333333334 0.044642857142857144 0.014583333333333334
2 0.8191964285714286 0.6791666666666667 0.046130952380952384 0.016666666666666666
0 0.140625 0.8682291666666667 0.10267857142857142 0.028125
0 0.14360119047619047 0.9015625 0.10863095238095238 0.030208333333333334
0 0.14508928571428573 0.9369791666666667 0.11160714285714286 0.028125
0 0.14732142857142858 0.9666666666666667 0.1130952380952381 0.025
2 0.5334821428571429 0.965625 0.05803571428571429 0.020833333333333332
2 0.9635416666666666 0.5057291666666667 0.049107142857142856 0.028125
2 0.9441964285714286 0.4744791666666667 0.049107142857142856 0.028125
2 0.9255952380952381 0.3333333333333333 0.050595238095238096 0.022916666666666665
2 0.9345238095238095 0.4375 0.06547619047619048 0.022916666666666665
2 0.9367559523809523 0.3854166666666667 0.049107142857142856 0.020833333333333332
2 0.5364583333333334 0.8703125 0.06101190476190476 0.023958333333333335
2 0.5342261904761905 0.934375 0.08035714285714286 0.025
2 0.5364583333333334 0.9026041666666667 0.06101190476190476 0.023958333333333335
1 0.17261904761904762 0.6635416666666667 0.09821428571428571 0.03958333333333333
1 0.8169642857142857 0.6697916666666667 0.09821428571428571 0.03958333333333333
1 0.5104166666666666 0.6666666666666666 0.09821428571428571 0.03958333333333333
1 0.5319940476190477 0.37135416666666665 0.9151785714285714 0.296875
0 0.42782738095238093 0.41770833333333335 0.1056547619047619 0.025
0 0.6956845238095238 0.2375 0.1056547619047619 0.025
0 0.42931547619047616 0.23854166666666668 0.1056547619047619 0.025
0 0.14955357142857142 0.23854166666666668 0.1056547619047619 0.025
0 0.15699404761904762 0.421875 0.1056547619047619 0.025
1 0.328125 0.8677083333333333 0.4806547619047619 0.03333333333333333
1 0.32961309523809523 0.9010416666666666 0.4806547619047619 0.03333333333333333
1 0.328125 0.934375 0.4806547619047619 0.03333333333333333
