0 0.8556547619047619 0.14322916666666666 0.09226190476190477 0.021875
0 0.14657738095238096 0.14479166666666668 0.09375 0.020833333333333332
0 0.38318452380952384 0.14479166666666668 0.09672619047619048 0.020833333333333332
0 0.6183035714285714 0.14635416666666667 0.11458333333333333 0.019791666666666666
2 0.8541666666666666 0.25364583333333335 0.11607142857142858 0.021875
2 0.14508928571428573 0.25677083333333334 0.11755952380952381 0.021875
2 0.37797619047619047 0.25677083333333334 0.11904761904761904 0.021875
2 0.6220238095238095 0.25677083333333334 0.11904761904761904 0.021875
0 0.8549107142857143 0.2994791666666667 0.15029761904761904 0.021875
0 0.6123511904761905 0.30364583333333334 0.1324404761904762 0.021875
0 0.140625 0.30572916666666666 0.16220238095238096 0.021875
0 0.37723214285714285 0.30572916666666666 0.10267857142857142 0.021875
2 0.8534226190476191 0.4119791666666667 0.1324404761904762 0.021875
2 0.6130952380952381 0.41302083333333334 0.12202380952380952 0.019791666666666666
2 0.14211309523809523 0.4171875 0.09672619047619048 0.023958333333333335
2 0.375 0.4171875 0.09523809523809523 0.023958333333333335
0 0.14955357142857142 0.459375 0.12053571428571429 0.020833333333333332
0 0.38095238095238093 0.4609375 0.1875 0.023958333333333335
0 0.6205357142857143 0.4609375 0.12797619047619047 0.026041666666666668
0 0.8563988095238095 0.46145833333333336 0.11458333333333333 0.025
2 0.37723214285714285 0.5901041666666667 0.1324404761904762 0.021875
2 0.14508928571428573 0.5921875 0.10863095238095238 0.023958333333333335
2 0.6138392857142857 0.590625 0.1324404761904762 0.020833333333333332
2 0.8534226190476191 0.590625 0.1324404761904762 0.020833333333333332
0 0.8571428571428571 0.6375 0.13988095238095238 0.025
0 0.3794642857142857 0.6380208333333334 0.12202380952380952 0.028125
0 0.6168154761904762 0.6390625 0.09672619047619048 0.028125
0 0.14583333333333334 0.6463541666666667 0.17559523809523808 0.023958333333333335
2 0.14360119047619047 0.765625 0.1324404761904762 0.022916666666666665
2 0.37723214285714285 0.7682291666666666 0.1324404761904762 0.021875
2 0.6138392857142857 0.7682291666666666 0.1324404761904762 0.021875
2 0.8534226190476191 0.7682291666666666 0.1324404761904762 0.021875
0 0.8556547619047619 0.8109375 0.1130952380952381 0.023958333333333335
0 0.14583333333333334 0.8192708333333333 0.10119047619047619 0.023958333333333335
0 0.6160714285714286 0.81875 0.11904761904761904 0.025
0 0.38095238095238093 0.8229166666666666 0.14285714285714285 0.022916666666666665
2 0.6138392857142857 0.9411458333333333 0.11160714285714286 0.021875
2 0.14360119047619047 0.9421875 0.1324404761904762 0.021875
2 0.37723214285714285 0.9421875 0.1324404761904762 0.021875
2 0.8549107142857143 0.9432291666666667 0.12946428571428573 0.021875
1 0.14583333333333334 0.20104166666666667 0.12202380952380952 0.1375
1 0.37723214285714285 0.19791666666666666 0.12053571428571429 0.13541666666666666
1 0.8534226190476191 0.19791666666666666 0.12053571428571429 0.13541666666666666
1 0.6212797619047619 0.20104166666666667 0.12053571428571429 0.13541666666666666
1 0.14583333333333334 0.5260416666666666 0.12202380952380952 0.15833333333333333
1 0.13988095238095238 0.3614583333333333 0.1636904761904762 0.13541666666666666
1 0.3757440476190476 0.3614583333333333 0.1056547619047619 0.13541666666666666
1 0.6130952380952381 0.3572916666666667 0.13690476190476192 0.13333333333333333
1 0.8534226190476191 0.35625 0.15327380952380953 0.13541666666666666
1 0.3794642857142857 0.525 0.18452380952380953 0.15416666666666667
1 0.6116071428571429 0.5244791666666667 0.13392857142857142 0.15104166666666666
1 0.8534226190476191 0.5244791666666667 0.14136904761904762 0.153125
1 0.14657738095238096 0.7078125 0.17410714285714285 0.14479166666666668
1 0.6197916666666666 0.6984375 0.13541666666666666 0.15520833333333334
1 0.3794642857142857 0.6994791666666667 0.13690476190476192 0.15104166666666666
1 0.859375 0.7010416666666667 0.14732142857142858 0.15625
1 0.14136904761904762 0.8802083333333334 0.13690476190476192 0.15
1 0.6153273809523809 0.8796875 0.12053571428571429 0.14479166666666668
1 0.3802083333333333 0.88125 0.14434523809523808 0.14583333333333334
1 0.8497023809523809 0.8755208333333333 0.13392857142857142 0.15729166666666666
0 0.14285714285714285 0.48333333333333334 0.07142857142857142 0.020833333333333332
0 0.8556547619047619 0.4828125 0.11011904761904762 0.019791666666666666
0 0.6153273809523809 0.4822916666666667 0.08779761904761904 0.01875
0 0.37723214285714285 0.6588541666666666 0.11458333333333333 0.021875
0 0.6145833333333334 0.6588541666666666 0.10714285714285714 0.019791666666666666
0 0.8571428571428571 0.6567708333333333 0.12202380952380952 0.021875
0 0.8549107142857143 0.8317708333333333 0.09375 0.021875
