0 0.39019337016574585 0.216064453125 0.1643646408839779 0.02783203125
0 0.8411602209944752 0.218994140625 0.19751381215469613 0.02294921875
2 0.8242403314917127 0.272216796875 0.1664364640883978 0.03564453125
2 0.2796961325966851 0.2744140625 0.08701657458563536 0.037109375
0 0.8857044198895028 0.40478515625 0.14295580110497239 0.017578125
0 0.13087016574585636 0.40966796875 0.11395027624309392 0.0166015625
0 0.281767955801105 0.405517578125 0.12016574585635359 0.01611328125
0 0.4285220994475138 0.404296875 0.1180939226519337 0.0166015625
0 0.5790745856353591 0.406005859375 0.11947513812154696 0.01611328125
0 0.7296270718232044 0.40478515625 0.10290055248618785 0.017578125
2 0.5656077348066298 0.441650390625 0.09668508287292818 0.02392578125
2 0.11084254143646409 0.4423828125 0.09046961325966851 0.021484375
2 0.2655386740331492 0.4423828125 0.09046961325966851 0.021484375
2 0.4157458563535912 0.4423828125 0.0925414364640884 0.021484375
2 0.7196132596685083 0.44287109375 0.0925414364640884 0.0224609375
2 0.868439226519337 0.4423828125 0.08908839779005524 0.021484375
0 0.33874309392265195 0.606689453125 0.2852209944751381 0.02001953125
0 0.6871546961325967 0.623779296875 0.27209944751381215 0.02587890625
2 0.9129834254143646 0.626220703125 0.058011049723756904 0.02197265625
0 0.3194060773480663 0.62646484375 0.24102209944751382 0.0146484375
0 0.28107734806629836 0.646728515625 0.16298342541436464 0.01318359375
2 0.5051795580110497 0.646728515625 0.04074585635359116 0.01318359375
0 0.6602209944751382 0.6611328125 0.2223756906077348 0.021484375
2 0.9126381215469613 0.661865234375 0.05593922651933702 0.02001953125
0 0.27831491712707185 0.6669921875 0.1574585635359116 0.0146484375
2 0.506560773480663 0.66748046875 0.04074585635359116 0.013671875
0 0.3214779005524862 0.687744140625 0.24378453038674033 0.01904296875
2 0.5051795580110497 0.68701171875 0.04074585635359116 0.013671875
0 0.7085635359116023 0.698486328125 0.31767955801104975 0.02099609375
2 0.9157458563535912 0.703369140625 0.05386740331491713 0.02001953125
0 0.8308011049723757 0.75927734375 0.12430939226519337 0.0146484375
0 0.6253453038674033 0.7607421875 0.14986187845303867 0.0205078125
0 0.8259668508287292 0.779296875 0.11464088397790055 0.0185546875
0 0.6270718232044199 0.782470703125 0.15193370165745856 0.01416015625
0 0.8111187845303868 0.799072265625 0.08632596685082873 0.01806640625
0 0.6087707182320442 0.80224609375 0.1180939226519337 0.017578125
2 0.3097375690607735 0.88232421875 0.04350828729281768 0.013671875
0 0.13743093922651933 0.885009765625 0.0856353591160221 0.01611328125
0 0.13984806629834254 0.906494140625 0.09185082872928177 0.01806640625
2 0.3097375690607735 0.904541015625 0.04350828729281768 0.01318359375
0 0.12845303867403315 0.927978515625 0.06906077348066299 0.01611328125
2 0.3097375690607735 0.9267578125 0.04350828729281768 0.013671875
0 0.1319060773480663 0.949462890625 0.07458563535911603 0.01708984375
2 0.3097375690607735 0.94873046875 0.04350828729281768 0.013671875
1 0.8580801104972375 0.247802734375 0.2341160220994475 0.08349609375
1 0.3546270718232044 0.2470703125 0.23964088397790057 0.08984375
1 0.12914364640883977 0.42724609375 0.12845303867403315 0.0537109375
1 0.2821132596685083 0.425537109375 0.11947513812154696 0.05712890625
1 0.430939226519337 0.425048828125 0.12569060773480664 0.05810546875
1 0.580110497237569 0.4248046875 0.1270718232044199 0.05859375
1 0.7316988950276243 0.425537109375 0.1180939226519337 0.06005859375
1 0.8857044198895028 0.42431640625 0.1457182320441989 0.060546875
2 0.5058701657458563 0.627685546875 0.04074585635359116 0.01318359375
2 0.5086325966850829 0.608154296875 0.04074585635359116 0.01318359375
2 0.9057320441988951 0.758056640625 0.024171270718232045 0.01416015625
2 0.9015883977900553 0.779541015625 0.024171270718232045 0.01416015625
2 0.8670580110497238 0.799560546875 0.024171270718232045 0.01416015625
2 0.7158149171270718 0.76025390625 0.022790055248618785 0.017578125
2 0.7158149171270718 0.7822265625 0.022790055248618785 0.017578125
2 0.6826657458563536 0.80078125 0.022790055248618785 0.017578125
1 0.212707182320442 0.88330078125 0.23204419889502761 0.017578125
1 0.212707182320442 0.906005859375 0.23895027624309392 0.02001953125
1 0.212707182320442 0.926513671875 0.23895027624309392 0.02001953125
1 0.21339779005524862 0.946533203125 0.23895027624309392 0.02001953125
1 0.3632596685082873 0.606201171875 0.3356353591160221 0.02197265625
1 0.3632596685082873 0.625732421875 0.3301104972375691 0.01611328125
1 0.3615331491712707 0.646728515625 0.332182320441989 0.01318359375
1 0.3615331491712707 0.6669921875 0.332182320441989 0.015625
1 0.3632596685082873 0.6865234375 0.3287292817679558 0.021484375
1 0.7458563535911602 0.6298828125 0.38812154696132595 0.0380859375
1 0.7475828729281768 0.667724609375 0.39848066298342544 0.03466796875
1 0.7475828729281768 0.7021484375 0.39848066298342544 0.0283203125
1 0.6384668508287292 0.76123046875 0.17610497237569062 0.0205078125
1 0.6395027624309392 0.78076171875 0.17955801104972377 0.0185546875
1 0.6215469613259669 0.8017578125 0.14502762430939226 0.0205078125
1 0.8232044198895028 0.79833984375 0.11602209944751381 0.01953125
1 0.8415055248618785 0.77783203125 0.14709944751381215 0.0185546875
1 0.8418508287292817 0.7587890625 0.1505524861878453 0.0166015625
0 0.281767955801105 0.420166015625 0.12016574585635359 0.01611328125
0 0.4305939226519337 0.42041015625 0.1180939226519337 0.0166015625
0 0.5825276243093923 0.418212890625 0.11947513812154696 0.01611328125
0 0.732389502762431 0.41943359375 0.10842541436464088 0.0166015625
0 0.8877762430939227 0.419677734375 0.06560773480662983 0.01513671875
0 0.8598066298342542 0.24267578125 0.2223756906077348 0.021484375
0 0.62396408839779 0.64208984375 0.13743093922651933 0.0146484375
0 0.6246546961325967 0.67822265625 0.13743093922651933 0.0146484375
0 0.3888121546961326 0.241455078125 0.1643646408839779 0.02783203125
