2 0.8100533807829181 0.07491289198606271 0.054270462633451956 0.013439522150323544
0 0.22019572953736655 0.08312593330014932 0.24822064056939502 0.013937282229965157
2 0.8127224199288257 0.11149825783972125 0.054270462633451956 0.013937282229965157
2 0.8145017793594306 0.1480836236933798 0.054270462633451956 0.013439522150323544
0 0.2597864768683274 0.1560477849676456 0.3309608540925267 0.015430562468889995
2 0.8171708185053381 0.18442010950721752 0.054270462633451956 0.013439522150323544
0 0.1494661921708185 0.19337979094076654 0.11921708185053381 0.013439522150323544
2 0.8171708185053381 0.2222498755599801 0.059608540925266906 0.013439522150323544
0 0.31761565836298933 0.22772523643603784 0.4626334519572954 0.015430562468889995
2 0.8265124555160143 0.31458437033349923 0.05693950177935943 0.013937282229965157
0 0.16281138790035588 0.3210552513688402 0.16548042704626334 0.015928322548531607
2 0.8300711743772242 0.35365853658536583 0.05693950177935943 0.013439522150323544
0 0.2166370106761566 0.36137381781981087 0.27846975088967973 0.020905923344947737
2 0.8322953736654805 0.3939771030363365 0.05604982206405694 0.013439522150323544
0 0.25622775800711745 0.3982080637132902 0.3665480427046263 0.016923842707814832
2 0.8345195729537367 0.43504230960676954 0.05693950177935943 0.014932802389248382
0 0.17704626334519574 0.439522150323544 0.21352313167259787 0.015928322548531607
0 0.19172597864768684 0.47909407665505227 0.24644128113879005 0.019412643106022896
2 0.8322953736654805 0.476854156296665 0.07028469750889679 0.014932802389248382
0 0.2117437722419929 0.520657043305127 0.297153024911032 0.018914883026381283
2 0.8345195729537367 0.5184171229467397 0.0711743772241993 0.01443504230960677
0 0.2411032028469751 0.5786460925833748 0.36476868327402134 0.0233947237431558
2 0.8394128113879004 0.578397212543554 0.07028469750889679 0.014932802389248382
0 0.199288256227758 0.7090592334494773 0.3096085409252669 0.024390243902439025
2 0.8554270462633452 0.7103036336485814 0.08451957295373666 0.015928322548531607
0 0.1632562277580071 0.733947237431558 0.23576512455516013 0.024390243902439025
2 0.8505338078291815 0.7359382777501244 0.0800711743772242 0.017421602787456445
0 0.11565836298932385 0.8003982080637133 0.15658362989323843 0.022896963663514187
0 0.15391459074733096 0.8275261324041812 0.23665480427046262 0.022399203583872575
0 0.20151245551601424 0.8546540567446491 0.3407473309608541 0.022896963663514187
0 0.20151245551601424 0.9288203086112494 0.3603202846975089 0.021901443504230962
0 0.2304270462633452 0.11921353907416625 0.2669039145907473 0.01841712294673967
1 0.46708185053380785 0.07914385266301642 0.7419928825622776 0.023892483822797413
1 0.4679715302491103 0.11622697859631657 0.7419928825622776 0.0233947237431558
1 0.46841637010676157 0.15306122448979592 0.74644128113879 0.022399203583872575
1 0.4679715302491103 0.18964659034345446 0.7562277580071174 0.020905923344947737
1 0.4648576512455516 0.22598307615729218 0.7624555160142349 0.019910403185664508
1 0.46930604982206403 0.3175709308113489 0.7749110320284698 0.021901443504230962
1 0.46619217081850534 0.3601294176207068 0.7811387900355872 0.026381284221005476
1 0.4657473309608541 0.39547038327526135 0.7909252669039146 0.02140368342458935
1 0.46841637010676157 0.4385266301642608 0.7944839857651246 0.023892483822797413
1 0.46886120996441283 0.4793429566948731 0.800711743772242 0.021901443504230962
1 0.46841637010676157 0.5199104031856645 0.8140569395017794 0.0233947237431558
1 0.4666370106761566 0.5788949726231957 0.8176156583629893 0.022896963663514187
0 0.13122775800711745 0.8820308611249378 0.20373665480427047 0.020905923344947737
2 0.29225978647686834 0.8825286212045794 0.11298932384341637 0.020905923344947737
2 0.44083629893238435 0.9303135888501742 0.11298932384341637 0.020905923344947737
1 0.26023131672597866 0.9285714285714286 0.47597864768683273 0.026381284221005476
1 0.4697508896797153 0.7098058735689398 0.8540925266903915 0.024888003982080638
1 0.4750889679715303 0.733947237431558 0.8683274021352313 0.026381284221005476
1 0.18816725978647686 0.8822797411647586 0.3211743772241993 0.02040816326530612
