2 0.8346666666666667 0.08143236074270557 0.06577777777777778 0.013262599469496022
0 0.1902222222222222 0.08859416445623342 0.13866666666666666 0.016976127320954906
2 0.8368888888888889 0.1246684350132626 0.06844444444444445 0.016976127320954906
0 0.21866666666666668 0.1323607427055703 0.20444444444444446 0.01750663129973475
2 0.8453333333333334 0.1687002652519894 0.06222222222222222 0.013793103448275862
0 0.1768888888888889 0.1753315649867374 0.12266666666666666 0.016445623342175066
2 0.8475555555555555 0.21379310344827587 0.06666666666666667 0.014854111405835544
0 0.2071111111111111 0.2206896551724138 0.1902222222222222 0.015915119363395226
2 0.852 0.25888594164456236 0.06666666666666667 0.014854111405835544
0 0.21511111111111111 0.26578249336870025 0.21688888888888888 0.015915119363395226
2 0.8555555555555555 0.30610079575596816 0.06844444444444445 0.014854111405835544
0 0.2031111111111111 0.31087533156498676 0.2 0.015915119363395226
2 0.86 0.35278514588859416 0.06844444444444445 0.014854111405835544
0 0.21288888888888888 0.3583554376657825 0.22311111111111112 0.015384615384615385
2 0.8644444444444445 0.4026525198938992 0.06844444444444445 0.014854111405835544
0 0.2773333333333333 0.4063660477453581 0.36088888888888887 0.014854111405835544
2 0.8675555555555555 0.4519893899204244 0.07111111111111111 0.014854111405835544
0 0.19777777777777777 0.45649867374005304 0.21066666666666667 0.01856763925729443
2 0.8737777777777778 0.5029177718832891 0.07111111111111111 0.014854111405835544
0 0.2071111111111111 0.506631299734748 0.2328888888888889 0.016976127320954906
2 0.8791111111111111 0.5549071618037136 0.07288888888888889 0.014854111405835544
0 0.19377777777777777 0.5570291777188329 0.21688888888888888 0.016976127320954906
2 0.8844444444444445 0.6082228116710875 0.07644444444444444 0.01750663129973475
0 0.19644444444444445 0.6095490716180372 0.23466666666666666 0.01803713527851459
0 0.32222222222222224 0.6639257294429708 0.48977777777777776 0.022811671087533156
2 0.8937777777777778 0.6628647214854111 0.07022222222222223 0.01750663129973475
0 0.20666666666666667 0.7883289124668436 0.2871111111111111 0.023342175066312996
2 0.9088888888888889 0.7872679045092839 0.06133333333333333 0.01909814323607427
0 0.13244444444444445 0.8344827586206897 0.14933333333333335 0.02546419098143236
2 0.912 0.8342175066312998 0.064 0.01856763925729443
0 0.13955555555555554 0.9007957559681697 0.1688888888888889 0.022281167108753316
2 0.9195555555555556 0.903183023872679 0.06666666666666667 0.01856763925729443
1 0.504 0.7870026525198939 0.88 0.027055702917771884
1 0.5017777777777778 0.8339522546419098 0.888 0.027586206896551724
1 0.504 0.9002652519893899 0.896 0.022281167108753316
1 0.5048888888888889 0.6633952254641909 0.8551111111111112 0.022811671087533156
1 0.5026666666666667 0.6079575596816976 0.8471111111111111 0.01803713527851459
1 0.5013333333333333 0.5572944297082228 0.832 0.019628647214854113
1 0.49866666666666665 0.5039787798408488 0.8177777777777778 0.01909814323607427
1 0.49644444444444447 0.45411140583554377 0.8133333333333334 0.023342175066312996
1 0.49777777777777776 0.4039787798408488 0.8035555555555556 0.01750663129973475
1 0.49866666666666665 0.3549071618037135 0.7946666666666666 0.020159151193633953
1 0.49777777777777776 0.30795755968169763 0.7893333333333333 0.020689655172413793
1 0.49644444444444447 0.21777188328912467 0.776 0.022811671087533156
1 0.49777777777777776 0.2623342175066313 0.784 0.023872679045092837
1 0.49822222222222223 0.17214854111405836 0.7653333333333333 0.022811671087533156
1 0.49377777777777776 0.12758620689655173 0.7528888888888889 0.023872679045092837
1 0.49244444444444446 0.08541114058355438 0.7484444444444445 0.021220159151193633
