0 0.16622222222222222 0.07547642928786359 0.21866666666666668 0.020561685055165497
2 0.7444444444444445 0.0689568706118355 0.15555555555555556 0.01354062186559679
2 0.752 0.10707121364092277 0.1582222222222222 0.016549648946840523
0 0.14933333333333335 0.11384152457372117 0.1991111111111111 0.017051153460381142
0 0.152 0.15396188565697091 0.19555555555555557 0.0160481444332999
2 0.7564444444444445 0.14618856569709127 0.1582222222222222 0.01354062186559679
2 0.7595555555555555 0.18655967903711135 0.16444444444444445 0.015045135406218655
0 0.13066666666666665 0.19383149448345036 0.16 0.019558676028084254
2 0.764 0.22768304914744233 0.168 0.017051153460381142
2 0.7728888888888888 0.2683049147442327 0.16977777777777778 0.015045135406218655
0 0.16355555555555557 0.27607823470411236 0.22577777777777777 0.02156469408224674
2 0.7777777777777778 0.309679037111334 0.16533333333333333 0.02457372116349047
0 0.17555555555555555 0.32196589769307926 0.24977777777777777 0.01805416248746239
2 0.7875555555555556 0.35581745235707124 0.1831111111111111 0.017552657973921765
0 0.25866666666666666 0.36484453360080243 0.416 0.02357071213640923
2 0.7906666666666666 0.4014543630892678 0.17155555555555554 0.019558676028084254
0 0.1791111111111111 0.40997993981945835 0.25866666666666666 0.02156469408224674
2 0.7977777777777778 0.44784353059177534 0.17866666666666667 0.0160481444332999
0 0.204 0.45336008024072216 0.2995555555555556 0.01905717151454363
2 0.8093333333333333 0.5125376128385155 0.18577777777777776 0.01805416248746239
0 0.23155555555555554 0.5178034102306921 0.36 0.02156469408224674
2 0.8124444444444444 0.5586760280842528 0.1831111111111111 0.017051153460381142
0 0.15644444444444444 0.5667001003009027 0.21866666666666668 0.020060180541624874
2 0.8226666666666667 0.6095787362086259 0.18577777777777776 0.017552657973921765
0 0.13466666666666666 0.6173520561685055 0.18044444444444444 0.025075225677031094
0 0.1711111111111111 0.6670010030090271 0.2568888888888889 0.026078234704112337
2 0.8315555555555556 0.6587261785356068 0.18755555555555556 0.017552657973921765
0 0.17644444444444443 0.7357071213640923 0.27644444444444444 0.025075225677031094
2 0.8448888888888889 0.7301905717151455 0.18044444444444444 0.017051153460381142
2 0.8555555555555555 0.8019057171514543 0.18577777777777776 0.01905717151454363
0 0.20044444444444445 0.8094282848545636 0.33866666666666667 0.024072216649949848
2 0.8644444444444445 0.8771313941825476 0.18755555555555556 0.01905717151454363
0 0.1497777777777778 0.8841524573721163 0.232 0.017051153460381142
2 0.9266666666666666 0.9353059177532598 0.0791111111111111 0.01905717151454363
0 0.24444444444444444 0.9415747241725175 0.43555555555555553 0.022567703109327986
1 0.48088888888888887 0.6140922768304915 0.8675555555555555 0.03159478435305918
1 0.48444444444444446 0.6637412236710131 0.8853333333333333 0.03259779338014042
1 0.4862222222222222 0.7349548645937813 0.9013333333333333 0.02958876629889669
1 0.488 0.8076730190571715 0.9084444444444445 0.03761283851554664
1 0.4968888888888889 0.8791374122367102 0.9208888888888889 0.03009027081243731
1 0.49733333333333335 0.9388164493480441 0.9431111111111111 0.031093279839518557
1 0.4782222222222222 0.5629388164493481 0.8675555555555555 0.03159478435305918
1 0.48 0.5183049147442327 0.8675555555555555 0.03159478435305918
1 0.4693333333333333 0.45486459378134403 0.8355555555555556 0.0320962888665998
1 0.46755555555555556 0.40722166499498497 0.8355555555555556 0.0320962888665998
1 0.46044444444444443 0.3640922768304915 0.8355555555555556 0.0320962888665998
1 0.4537777777777778 0.27432296890672014 0.808 0.025075225677031094
1 0.45555555555555555 0.31519558676028087 0.8151111111111111 0.03560682046138415
1 0.4488888888888889 0.1928284854563691 0.8017777777777778 0.027582748244734202
0 0.13866666666666666 0.2362086258776329 0.1671111111111111 0.01905717151454363
1 0.4533333333333333 0.231444332998997 0.8017777777777778 0.027582748244734202
1 0.44622222222222224 0.15020060180541625 0.7804444444444445 0.027582748244734202
1 0.44133333333333336 0.11108324974924774 0.7937777777777778 0.028585757271815445
1 0.44044444444444447 0.07447342026078235 0.7635555555555555 0.028585757271815445
