0 0.82275 0.134016973125884 0.2505 0.02616690240452617
0 0.07875 0.13755304101838756 0.1185 0.027581329561527583
0 0.414 0.13543140028288544 0.151 0.021923620933521924
2 0.2715 0.134016973125884 0.016 0.01768033946251768
2 0.62525 0.134016973125884 0.0225 0.01768033946251768
0 0.059 0.19024045261669023 0.075 0.02545968882602546
0 0.81375 0.18847241867043849 0.2315 0.021923620933521924
2 0.26975 0.18811881188118812 0.0225 0.016973125884016973
0 0.39975 0.1898868458274399 0.1175 0.02050919377652051
2 0.6265 0.18811881188118812 0.023 0.016973125884016973
2 0.98 0.18811881188118812 0.024 0.016973125884016973
0 0.81 0.24115983026874116 0.223 0.024045261669024046
0 0.06025 0.24398868458274398 0.0705 0.02545968882602546
2 0.26975 0.2408062234794908 0.0225 0.019094766619519095
0 0.403 0.24328147100424327 0.124 0.024045261669024046
2 0.6265 0.2408062234794908 0.023 0.019094766619519095
2 0.97925 0.2408062234794908 0.0225 0.019094766619519095
0 0.4445 0.2942008486562942 0.21 0.026874115983026876
0 0.82125 0.2927864214992928 0.2455 0.026874115983026876
0 0.073 0.29490806223479493 0.101 0.024045261669024046
2 0.2715 0.29314002828854313 0.016 0.01768033946251768
2 0.6265 0.29314002828854313 0.023 0.01768033946251768
2 0.9785 0.29314002828854313 0.024 0.01768033946251768
0 0.45125 0.3454738330975955 0.2195 0.024752475247524754
0 0.06925 0.34724186704384724 0.0985 0.024045261669024046
0 0.80925 0.34618104667609617 0.2225 0.02050919377652051
2 0.273 0.34582743988684583 0.016 0.016973125884016973
2 0.6285 0.34582743988684583 0.016 0.016973125884016973
2 0.97925 0.34582743988684583 0.0225 0.016973125884016973
0 0.7975 0.4002828854314003 0.198 0.02545968882602546
2 0.98125 0.3992220650636492 0.0215 0.019094766619519095
0 0.09 0.4381188118811881 0.138 0.02333804809052334
2 0.2735 0.435997171145686 0.015 0.019094766619519095
0 0.823 0.4533239038189533 0.25 0.021216407355021217
2 0.97925 0.45226308345120225 0.0225 0.019094766619519095
0 0.07275 0.4908062234794908 0.1005 0.02263083451202263
2 0.273 0.489038189533239 0.016 0.019094766619519095
0 0.831 0.5045968882602546 0.266 0.02050919377652051
0 0.08575 0.5431400282885431 0.1255 0.024045261669024046
2 0.273 0.5406647807637907 0.016 0.019094766619519095
0 0.431 0.541018387553041 0.188 0.028288543140028287
2 0.629 0.5417256011315418 0.015 0.016973125884016973
0 0.09625 0.5965346534653465 0.1455 0.02333804809052334
0 0.426 0.5968882602545968 0.173 0.024045261669024046
0 0.7815 0.5958274398868458 0.162 0.02333804809052334
2 0.97925 0.5937057991513437 0.0225 0.019094766619519095
2 0.27425 0.594059405940594 0.0165 0.015558698727015558
2 0.631 0.5951202263083452 0.016 0.01768033946251768
0 0.427 0.6478076379066479 0.17 0.026874115983026876
2 0.62975 0.6467468175388967 0.0165 0.019094766619519095
0 0.79425 0.6485148514851485 0.1915 0.02263083451202263
2 0.97925 0.6467468175388967 0.0225 0.019094766619519095
0 0.0795 0.7022630834512023 0.112 0.02263083451202263
0 0.423 0.7012022630834512 0.162 0.02333804809052334
0 0.8005 0.6997878359264498 0.201 0.02333804809052334
2 0.273 0.7001414427157001 0.016 0.016973125884016973
2 0.6265 0.7001414427157001 0.023 0.016973125884016973
2 0.98075 0.7001414427157001 0.0225 0.016973125884016973
0 0.1195 0.7556577086280056 0.197 0.024752475247524754
0 0.4235 0.7535360678925035 0.166 0.02616690240452617
2 0.62775 0.7528288543140028 0.0225 0.019094766619519095
0 0.7985 0.7545968882602546 0.201 0.02263083451202263
2 0.271 0.7535360678925035 0.023 0.01768033946251768
2 0.98125 0.7535360678925035 0.0235 0.01768033946251768
0 0.11975 0.8076379066478077 0.1975 0.02263083451202263
0 0.473 0.8076379066478077 0.261 0.02263083451202263
2 0.62775 0.8058698727015559 0.0225 0.019094766619519095
0 0.8 0.8072842998585573 0.204 0.019094766619519095
2 0.98175 0.8058698727015559 0.0225 0.019094766619519095
2 0.273 0.806930693069307 0.016 0.016973125884016973
0 0.759 0.85997171145686 0.118 0.026874115983026876
0 0.0585 0.8603253182461104 0.076 0.02050919377652051
2 0.26975 0.8585572842998586 0.0225 0.016973125884016973
2 0.984 0.8585572842998586 0.016 0.016973125884016973
0 0.09 0.9130127298444131 0.127 0.02263083451202263
2 0.26975 0.9112446958981613 0.0225 0.019094766619519095
0 0.7555 0.9158415841584159 0.11 0.02263083451202263
2 0.98075 0.9112446958981613 0.0225 0.019094766619519095
0 0.088 0.9646393210749646 0.131 0.021216407355021217
2 0.273 0.9642857142857143 0.016 0.019094766619519095
0 0.766 0.9664073550212164 0.129 0.02333804809052334
2 0.982 0.9642857142857143 0.015 0.019094766619519095
1 0.1505 0.1456859971711457 0.259 0.042432814710042434
1 0.15075 0.2012022630834512 0.2575 0.04596888260254597
1 0.1525 0.2553041018387553 0.258 0.04950495049504951
1 0.15275 0.30445544554455445 0.2585 0.04314002828854314
1 0.151 0.3582036775106082 0.26 0.05021216407355021
1 0.1515 0.44695898161244696 0.258 0.04384724186704385
1 0.15225 0.49964639321074966 0.2585 0.04314002828854314
1 0.15275 0.5512729844413012 0.2575 0.04738330975954738
1 0.15375 0.6078500707213579 0.2605 0.04455445544554455
1 0.4875 0.14816124469589817 0.298 0.04596888260254597
1 0.48875 0.2012022630834512 0.2965 0.04455445544554455
1 0.4895 0.2542432814710042 0.298 0.04455445544554455
1 0.4895 0.3051626591230552 0.298 0.04738330975954738
1 0.4905 0.3574964639321075 0.298 0.05021216407355021
1 0.1515 0.7128712871287128 0.257 0.042432814710042434
1 0.152 0.7630834512022631 0.261 0.04384724186704385
1 0.15175 0.8178925035360679 0.2605 0.04738330975954738
1 0.15175 0.8702263083451203 0.2595 0.04596888260254597
1 0.15325 0.923974540311174 0.2535 0.04455445544554455
1 0.1515 0.9766619519094767 0.258 0.042432814710042434
1 0.48725 0.5512729844413012 0.3005 0.05021216407355021
1 0.48975 0.6046676096181046 0.3005 0.04950495049504951
1 0.49125 0.6573550212164073 0.2975 0.05021216407355021
1 0.49075 0.708981612446959 0.2965 0.04455445544554455
1 0.4895 0.766973125884017 0.297 0.04738330975954738
1 0.4905 0.8175388967468176 0.296 0.04950495049504951
1 0.84575 0.6067892503536068 0.2885 0.04667609618104668
1 0.8455 0.6612446958981613 0.291 0.04526166902404526
1 0.84725 0.71004243281471 0.2935 0.04667609618104668
1 0.84625 0.7637906647807637 0.2945 0.04667609618104668
1 0.8475 0.8702263083451203 0.293 0.04738330975954738
1 0.8465 0.8175388967468176 0.296 0.04667609618104668
1 0.849 0.9232673267326733 0.295 0.04172560113154172
1 0.846 0.9763083451202264 0.288 0.04738330975954738
2 0.97975 0.506011315417256 0.0215 0.019094766619519095
1 0.845 0.1463932107496464 0.295 0.05091937765205092
1 0.84525 0.19943422913719944 0.2965 0.04809052333804809
1 0.8455 0.25212164073550214 0.293 0.04596888260254597
1 0.8455 0.3026874115983027 0.291 0.04667609618104668
1 0.8455 0.3564356435643564 0.293 0.04809052333804809
1 0.84525 0.41371994342291374 0.2935 0.04526166902404526
1 0.84675 0.4628712871287129 0.2935 0.04596888260254597