2 0.271 0.15594059405940594 0.023 0.019094766619519095
0 0.40225 0.15664780763790664 0.1025 0.02050919377652051
2 0.629 0.15594059405940594 0.023 0.019094766619519095
0 0.7865 0.15664780763790664 0.12 0.024752475247524754
0 0.2015 0.15841584158415842 0.029 0.021216407355021217
2 0.985 0.15664780763790664 0.016 0.01768033946251768
0 0.2015 0.1806930693069307 0.029 0.02050919377652051
2 0.271 0.17998585572842998 0.023 0.019094766619519095
0 0.07875 0.17927864214992928 0.1155 0.021923620933521924
2 0.271 0.20297029702970298 0.023 0.016973125884016973
0 0.40925 0.21145685997171146 0.1195 0.028288543140028287
0 0.78525 0.20933521923620935 0.1145 0.02263083451202263
2 0.629 0.2111032531824611 0.023 0.019094766619519095
2 0.985 0.2111032531824611 0.016 0.019094766619519095
0 0.4335 0.26555869872701554 0.172 0.021923620933521924
0 0.77675 0.26449787835926447 0.0955 0.021216407355021217
0 0.2015 0.26732673267326734 0.029 0.021216407355021217
2 0.271 0.26555869872701554 0.023 0.01768033946251768
2 0.629 0.26555869872701554 0.023 0.01768033946251768
2 0.98575 0.26555869872701554 0.0145 0.01768033946251768
0 0.0935 0.2881895332390382 0.141 0.02333804809052334
0 0.2015 0.28925035360678925 0.029 0.021216407355021217
2 0.271 0.2881895332390382 0.023 0.019094766619519095
2 0.2705 0.31152758132956154 0.024 0.01768033946251768
0 0.4285 0.32142857142857145 0.158 0.021923620933521924
2 0.629 0.3193069306930693 0.023 0.019094766619519095
0 0.75875 0.3185997171145686 0.0615 0.021923620933521924
2 0.9865 0.3193069306930693 0.016 0.019094766619519095
0 0.43325 0.37517680339462517 0.1665 0.02333804809052334
0 0.759 0.37305516265912303 0.061 0.02050919377652051
0 0.2015 0.3758840169731259 0.029 0.02050919377652051
2 0.271 0.3741159830268741 0.023 0.016973125884016973
2 0.63025 0.37517680339462517 0.0225 0.019094766619519095
2 0.98575 0.37517680339462517 0.0145 0.019094766619519095
0 0.08775 0.400990099009901 0.1285 0.02263083451202263
0 0.2015 0.39992927864214994 0.029 0.02050919377652051
2 0.2705 0.39816124469589814 0.024 0.016973125884016973
2 0.271 0.42114568599717117 0.023 0.019094766619519095
0 0.76525 0.4296322489391796 0.0755 0.024752475247524754
2 0.985 0.4292786421499293 0.016 0.016973125884016973
0 0.42075 0.4847949080622348 0.1475 0.021923620933521924
0 0.75525 0.48514851485148514 0.0515 0.02263083451202263
2 0.985 0.4833804809052334 0.016 0.019094766619519095
0 0.2015 0.48656294200848654 0.029 0.021216407355021217
2 0.271 0.48444130127298446 0.023 0.016973125884016973
2 0.63475 0.4847949080622348 0.0135 0.013437057991513438
0 0.2015 0.5084865629420084 0.029 0.021216407355021217
2 0.271 0.5074257425742574 0.023 0.019094766619519095
0 0.09375 0.5113154172560113 0.1435 0.02263083451202263
0 0.2015 0.5325318246110325 0.029 0.021216407355021217
2 0.271 0.5307637906647807 0.023 0.01768033946251768
0 0.4135 0.5396039603960396 0.134 0.024045261669024046
0 0.79925 0.5396039603960396 0.1435 0.028288543140028287
2 0.6335 0.5392503536067893 0.016 0.019094766619519095
2 0.9825 0.5381895332390382 0.021 0.016973125884016973
0 0.41875 0.5933521923620934 0.1385 0.024045261669024046
2 0.633 0.5933521923620934 0.015 0.016973125884016973
0 0.758 0.5958274398868458 0.063 0.021923620933521924
2 0.985 0.5933521923620934 0.016 0.016973125884016973
0 0.4495 0.6499292786421499 0.201 0.024045261669024046
0 0.7585 0.6488684582743989 0.061 0.024752475247524754
2 0.9865 0.6467468175388967 0.016 0.019094766619519095
2 0.635 0.6485148514851485 0.016 0.016973125884016973
0 0.049 0.7036775106082037 0.05 0.026874115983026876
2 0.2735 0.7026166902404526 0.015 0.019094766619519095
0 0.3805 0.704031117397454 0.067 0.021923620933521924
2 0.46375 0.7019094766619519 0.0145 0.01768033946251768
0 0.56025 0.7033239038189534 0.0565 0.02050919377652051
2 0.6335 0.7019094766619519 0.016 0.01768033946251768
0 0.745 0.704031117397454 0.038 0.021923620933521924
2 0.9865 0.7026166902404526 0.016 0.019094766619519095
0 0.06275 0.7577793493635078 0.0815 0.021923620933521924
2 0.63425 0.7563649222065064 0.0145 0.019094766619519095
0 0.753 0.7584865629420084 0.053 0.024752475247524754
2 0.9865 0.7563649222065064 0.016 0.019094766619519095
2 0.273 0.7570721357850071 0.016 0.01768033946251768
0 0.38525 0.7595473833097596 0.0715 0.02263083451202263
2 0.463 0.7577793493635078 0.016 0.019094766619519095
0 0.54975 0.7595473833097596 0.0335 0.02263083451202263
0 0.38175 0.8086987270155587 0.0655 0.021923620933521924
0 0.567 0.8086987270155587 0.068 0.024752475247524754
2 0.633 0.807991513437058 0.015 0.019094766619519095
0 0.06675 0.8118811881188119 0.0885 0.024045261669024046
2 0.46175 0.8076379066478077 0.0165 0.015558698727015558
2 0.2735 0.8104667609618105 0.015 0.016973125884016973
0 0.0725 0.8663366336633663 0.097 0.026874115983026876
2 0.273 0.8656294200848657 0.016 0.016973125884016973
0 0.382 0.8673974540311173 0.067 0.02050919377652051
2 0.4605 0.8656294200848657 0.021 0.016973125884016973
0 0.55575 0.867043847241867 0.0525 0.019801980198019802
2 0.633 0.8656294200848657 0.015 0.016973125884016973
0 0.80675 0.8677510608203678 0.1585 0.021216407355021217
2 0.9865 0.8666902404526167 0.016 0.019094766619519095
0 0.07825 0.9229137199434229 0.1075 0.024045261669024046
2 0.27425 0.9183168316831684 0.0165 0.019094766619519095
0 0.376 0.9197312588401697 0.063 0.024752475247524754
2 0.46375 0.9193776520509194 0.0145 0.016973125884016973
0 0.5695 0.9225601131541725 0.076 0.02333804809052334
0 0.76175 0.9225601131541725 0.0775 0.02333804809052334
2 0.63175 0.9211456859971712 0.0145 0.01768033946251768
0 0.2005 0.20615275813295617 0.029 0.02050919377652051
0 0.2005 0.314002828854314 0.029 0.021216407355021217
0 0.202 0.42468175388967466 0.029 0.02050919377652051
1 0.2345 0.15735502121640735 0.096 0.021923620933521924
1 0.235 0.17998585572842998 0.096 0.021923620933521924
1 0.234 0.20473833097595473 0.096 0.021923620933521924
1 0.2345 0.26555869872701554 0.096 0.021923620933521924
1 0.235 0.2903111739745403 0.096 0.021923620933521924
1 0.235 0.31294200848656295 0.096 0.021923620933521924
1 0.2355 0.3758840169731259 0.096 0.021923620933521924
1 0.2365 0.3992220650636492 0.096 0.021923620933521924
1 0.2355 0.4225601131541726 0.096 0.021923620933521924
1 0.234 0.4862093352192362 0.096 0.021923620933521924
1 0.235 0.5081329561527581 0.096 0.021923620933521924
1 0.2345 0.5300565770862801 0.096 0.021923620933521924
1 0.152 0.1782178217821782 0.26 0.06364922206506365
1 0.15275 0.2888967468175389 0.2575 0.07001414427157002
1 0.15275 0.3992220650636492 0.2605 0.07001414427157002
1 0.153 0.5084865629420084 0.259 0.07072135785007072
1 0.4955 0.16902404526166903 0.288 0.04667609618104668
1 0.4955 0.22347949080622348 0.291 0.04526166902404526
1 0.49475 0.2765205091937765 0.2915 0.04384724186704385
1 0.49475 0.33097595473833097 0.2925 0.04667609618104668
1 0.495 0.3871994342291372 0.292 0.04455445544554455
1 0.153 0.7174681753889675 0.257 0.051626591230551626
1 0.1525 0.7683875530410184 0.26 0.05021216407355021
1 0.1535 0.8196605374823197 0.261 0.04809052333804809
1 0.15375 0.8734087694483734 0.2595 0.04667609618104668
1 0.154 0.9321074964639321 0.26 0.05091937765205092
1 0.4945 0.4975247524752475 0.294 0.04738330975954738
1 0.49525 0.5491513437057991 0.2935 0.05021216407355021
1 0.4965 0.6021923620933521 0.292 0.04596888260254597
1 0.4965 0.6605374823196606 0.293 0.05091937765205092
1 0.41075 0.7694483734087695 0.1235 0.04950495049504951
1 0.40975 0.713932107496464 0.1225 0.04596888260254597
1 0.5885 0.7694483734087695 0.109 0.04526166902404526
1 0.5865 0.713932107496464 0.108 0.04738330975954738
1 0.411 0.8228429985855729 0.123 0.051626591230551626
1 0.4105 0.8758840169731259 0.124 0.051626591230551626
1 0.40925 0.9282178217821783 0.1275 0.04455445544554455
1 0.58775 0.8196605374823197 0.1085 0.04384724186704385
1 0.58425 0.8776520509193777 0.1105 0.04101838755304102
1 0.586 0.9324611032531824 0.109 0.04172560113154172
2 0.98375 0.9222065063649222 0.0175 0.018387553041018388
1 0.858 0.9324611032531824 0.27 0.04455445544554455
1 0.861 0.879066478076379 0.269 0.04101838755304102
1 0.86125 0.1669024045261669 0.2655 0.04526166902404526
1 0.86 0.2202970297029703 0.266 0.04596888260254597
1 0.861 0.27545968882602545 0.265 0.04455445544554455
1 0.86175 0.33097595473833097 0.2655 0.04667609618104668
1 0.8625 0.3886138613861386 0.265 0.04738330975954738
1 0.86075 0.4405940594059406 0.2665 0.04809052333804809
1 0.86075 0.49434229137199437 0.2665 0.04384724186704385
1 0.86175 0.5491513437057991 0.2715 0.04596888260254597
1 0.86 0.6067892503536068 0.269 0.04526166902404526
1 0.86125 0.6601838755304101 0.2685 0.048797736916548796
1 0.86075 0.713932107496464 0.2675 0.04455445544554455
1 0.86125 0.7683875530410184 0.2675 0.048797736916548796
