0 0.07325 0.18104667609618105 0.1375 0.02545968882602546
2 0.2665 0.1806930693069307 0.016 0.02050919377652051
0 0.7875 0.1806930693069307 0.129 0.027581329561527583
2 0.98525 0.1814002828854314 0.0185 0.019094766619519095
0 0.06425 0.24681753889674682 0.1195 0.024045261669024046
2 0.26725 0.24434229137199434 0.0175 0.019094766619519095
0 0.77975 0.24504950495049505 0.1135 0.02050919377652051
2 0.9845 0.24434229137199434 0.017 0.019094766619519095
0 0.385 0.272984441301273 0.026 0.016973125884016973
0 0.07075 0.3069306930693069 0.1325 0.026874115983026876
0 0.77425 0.30728429985855726 0.1025 0.02333804809052334
2 0.265 0.3065770862800566 0.016 0.019094766619519095
2 0.98325 0.3065770862800566 0.0175 0.019094766619519095
0 0.425 0.3355728429985856 0.141 0.024752475247524754
2 0.61875 0.33274398868458277 0.0175 0.019094766619519095
0 0.06275 0.3698727015558699 0.1165 0.026874115983026876
2 0.265 0.365983026874116 0.016 0.019094766619519095
0 0.42625 0.3921499292786422 0.1405 0.02333804809052334
2 0.61875 0.39144271570014144 0.0175 0.019094766619519095
0 0.05475 0.42609618104667607 0.1015 0.02616690240452617
2 0.265 0.42468175388967466 0.016 0.019094766619519095
0 0.4125 0.4543847241867044 0.116 0.024752475247524754
2 0.618 0.4543847241867044 0.016 0.019094766619519095
0 0.0465 0.4908062234794908 0.084 0.02545968882602546
2 0.265 0.4876237623762376 0.016 0.019094766619519095
0 0.40425 0.5155586987270155 0.0995 0.019801980198019802
2 0.618 0.5152050919377652 0.016 0.019094766619519095
0 0.058 0.5505657708628006 0.108 0.03041018387553041
2 0.265 0.5484441301272984 0.016 0.019094766619519095
0 0.4265 0.5792079207920792 0.141 0.024045261669024046
2 0.618 0.5774398868458275 0.016 0.019094766619519095
0 0.04875 0.6113861386138614 0.0885 0.02050919377652051
2 0.2645 0.6106789250353607 0.017 0.019094766619519095
0 0.43075 0.6435643564356436 0.1495 0.02263083451202263
2 0.61725 0.6439179632248939 0.0175 0.019094766619519095
0 0.064 0.6760961810466761 0.119 0.02545968882602546
2 0.2665 0.6771570014144271 0.016 0.019094766619519095
0 0.7965 0.695898161244696 0.147 0.026874115983026876
2 0.984 0.6948373408769448 0.016 0.019094766619519095
0 0.05425 0.7436350777934936 0.0995 0.02333804809052334
2 0.26575 0.7415134370579916 0.0175 0.019094766619519095
0 0.786 0.7535360678925035 0.126 0.028995756718528994
2 0.9825 0.7528288543140028 0.016 0.019094766619519095
0 0.06325 0.8062234794908062 0.1205 0.02545968882602546
2 0.26725 0.8058698727015559 0.0175 0.019094766619519095
0 0.794 0.8168316831683168 0.142 0.02545968882602546
2 0.984 0.8171852899575672 0.016 0.019094766619519095
0 0.05425 0.8751768033946252 0.0995 0.024752475247524754
2 0.26725 0.8723479490806223 0.0175 0.019094766619519095
0 0.77425 0.8758840169731259 0.1025 0.028995756718528994
2 0.984 0.878005657708628 0.016 0.019094766619519095
0 0.80125 0.942008486562942 0.1565 0.03253182461103253
2 0.98325 0.9402404526166902 0.0175 0.019094766619519095
1 0.85825 0.1927157001414427 0.2695 0.05021216407355021
1 0.85975 0.25565770862800563 0.2745 0.04738330975954738
1 0.858 0.31824611032531824 0.27 0.04809052333804809
1 0.85725 0.7072135785007072 0.2695 0.05091937765205092
1 0.85925 0.7634370579915134 0.2735 0.05021216407355021
1 0.8595 0.8288543140028288 0.273 0.055162659123055166
1 0.85975 0.8871994342291372 0.2755 0.05586987270155587
1 0.85775 0.9522630834512023 0.2735 0.05304101838755304
1 0.4905 0.3451202263083451 0.273 0.04667609618104668
1 0.4915 0.5304101838755304 0.277 0.04809052333804809
1 0.49075 0.46746817538896746 0.2745 0.05091937765205092
1 0.49325 0.40523338048090524 0.2735 0.05233380480905234
1 0.49225 0.5912305516265912 0.2695 0.04950495049504951
1 0.49225 0.6552333804809052 0.2715 0.051626591230551626
1 0.1395 0.19306930693069307 0.273 0.04667609618104668
1 0.1405 0.2581329561527581 0.273 0.04667609618104668
1 0.1405 0.31824611032531824 0.273 0.04667609618104668
1 0.14 0.37906647807637905 0.273 0.04667609618104668
1 0.1405 0.8833097595473833 0.271 0.04384724186704385
1 0.1395 0.4374115983026874 0.272 0.04738330975954738
1 0.14025 0.8185997171145686 0.2745 0.05021216407355021
1 0.1405 0.7588401697312589 0.273 0.05091937765205092
1 0.13875 0.5586987270155587 0.2715 0.04950495049504951
1 0.1405 0.5014144271570015 0.273 0.04809052333804809
1 0.13925 0.6244695898161244 0.2715 0.04950495049504951
1 0.14075 0.6874115983026874 0.2715 0.04950495049504951
