0 0.106 0.14214992927864215 0.202 0.026874115983026876
2 0.26575 0.14002828854314003 0.0175 0.016973125884016973
0 0.77125 0.1821074964639321 0.0965 0.02333804809052334
2 0.9785 0.1806930693069307 0.024 0.02050919377652051
0 0.05825 0.20756718528995757 0.1075 0.02616690240452617
2 0.265 0.20403111739745403 0.016 0.019094766619519095
0 0.791 0.24752475247524752 0.136 0.02545968882602546
2 0.9805 0.24434229137199434 0.025 0.019094766619519095
0 0.0925 0.26591230551626593 0.174 0.024045261669024046
2 0.265 0.2637906647807638 0.016 0.019801980198019802
0 0.8245 0.31011315417256013 0.205 0.028995756718528994
2 0.97925 0.3065770862800566 0.0255 0.019094766619519095
0 0.065 0.3277934936350778 0.121 0.024752475247524754
2 0.2665 0.32425742574257427 0.016 0.019094766619519095
0 0.83025 0.36845827439886847 0.2145 0.028288543140028287
2 0.97925 0.365983026874116 0.0255 0.019094766619519095
0 0.03775 0.38613861386138615 0.0725 0.026874115983026876
2 0.26725 0.38330975954738333 0.0175 0.016973125884016973
0 0.81975 0.4367043847241867 0.1985 0.04596888260254597
2 0.97925 0.42468175388967466 0.0255 0.019094766619519095
0 0.09125 0.45084865629420084 0.1735 0.027581329561527583
2 0.26825 0.4466053748231966 0.0175 0.019094766619519095
0 0.4135 0.4748939179632249 0.118 0.02616690240452617
2 0.61625 0.4734794908062235 0.0175 0.02050919377652051
0 0.06575 0.5088401697312589 0.1225 0.02616690240452617
2 0.26975 0.5074257425742574 0.0175 0.019094766619519095
0 0.812 0.5183875530410184 0.178 0.0297029702970297
2 0.9785 0.5152050919377652 0.024 0.019094766619519095
0 0.40225 0.5434936350777935 0.0955 0.024752475247524754
2 0.61625 0.5427864214992928 0.0175 0.019094766619519095
0 0.83575 0.5785007072135785 0.2275 0.024045261669024046
2 0.98 0.576025459688826 0.024 0.019094766619519095
0 0.0855 0.6089108910891089 0.162 0.02263083451202263
2 0.26825 0.6064356435643564 0.0175 0.019094766619519095
0 0.405 0.6092644978783592 0.101 0.02333804809052334
2 0.61675 0.6064356435643564 0.0165 0.019094766619519095
0 0.8295 0.6417963224893918 0.213 0.02616690240452617
2 0.97525 0.6393210749646393 0.0355 0.021216407355021217
0 0.071 0.6746817538896747 0.133 0.02545968882602546
2 0.26825 0.6736209335219236 0.0175 0.019094766619519095
0 0.38975 0.6753889674681753 0.0705 0.02263083451202263
2 0.61675 0.6725601131541725 0.0165 0.016973125884016973
0 0.7695 0.713932107496464 0.093 0.027581329561527583
2 0.9845 0.7103960396039604 0.017 0.019094766619519095
0 0.0915 0.7446958981612447 0.174 0.0297029702970297
2 0.26975 0.7393917963224894 0.0175 0.019094766619519095
0 0.3875 0.745049504950495 0.066 0.03041018387553041
2 0.6155 0.7393917963224894 0.016 0.019094766619519095
0 0.0825 0.807991513437058 0.156 0.02333804809052334
2 0.269 0.8058698727015559 0.016 0.019094766619519095
0 0.4215 0.8101131541725601 0.133 0.027581329561527583
2 0.618 0.8058698727015559 0.016 0.019094766619519095
0 0.39625 0.8758840169731259 0.0835 0.02616690240452617
0 0.04325 0.8864922206506365 0.0775 0.04455445544554455
2 0.26975 0.8741159830268741 0.0175 0.019801980198019802
1 0.1415 0.14144271570014144 0.276 0.02545968882602546
1 0.1415 0.38437057991513435 0.277 0.02616690240452617
1 0.14075 0.32531824611032534 0.2755 0.028288543140028287
1 0.14225 0.26697312588401695 0.2745 0.021923620933521924
1 0.13925 0.2065063649222065 0.2715 0.026874115983026876
1 0.1415 0.45014144271570017 0.277 0.027581329561527583
1 0.142 0.5081329561527581 0.278 0.024752475247524754
1 0.1415 0.6092644978783592 0.276 0.02333804809052334
1 0.142 0.6746817538896747 0.276 0.02545968882602546
1 0.142 0.807991513437058 0.275 0.02050919377652051
1 0.14175 0.7443422913719944 0.2765 0.03182461103253183
1 0.14275 0.8857850070721358 0.2795 0.04738330975954738
2 0.618 0.8751768033946252 0.016 0.019094766619519095
1 0.49 0.48585572842998587 0.271 0.04809052333804809
1 0.49 0.5558698727015559 0.271 0.04809052333804809
1 0.489 0.6202263083451203 0.271 0.04809052333804809
1 0.4895 0.6881188118811881 0.271 0.04809052333804809
1 0.4905 0.7545968882602546 0.271 0.04809052333804809
1 0.4905 0.8196605374823197 0.271 0.04809052333804809
1 0.4895 0.8854314002828855 0.271 0.04809052333804809
1 0.85825 0.1927157001414427 0.2695 0.048797736916548796
1 0.858 0.5162659123055162 0.271 0.028288543140028287
1 0.85925 0.36810466760961813 0.2715 0.02616690240452617
1 0.85825 0.30728429985855726 0.2715 0.02616690240452617
1 0.85875 0.2584865629420085 0.2695 0.048797736916548796
1 0.85825 0.435997171145686 0.2735 0.04455445544554455
1 0.85775 0.5781471004243282 0.2725 0.021923620933521924
1 0.859 0.7227722772277227 0.274 0.04809052333804809
1 0.8585 0.6417963224893918 0.273 0.027581329561527583
