0 0.740596167494677 0.14625 0.2036905606813343 0.0175
0 0.7437899219304471 0.17025 0.319375443577005 0.0195
0 0.7374024130589071 0.19275 0.3875088715400994 0.0175
0 0.7420156139105749 0.21675 0.20511000709723207 0.0175
0 0.7416607523066004 0.2375 0.30092264017033354 0.018
0 0.7427253371185237 0.26175 0.2618878637331441 0.0205
0 0.7444996451383961 0.28625 0.45422285308729593 0.0225
0 0.27927608232789214 0.33675 0.41234918381831087 0.0235
0 0.2785663591199432 0.3585 0.32150461320085166 0.019
0 0.27111426543647976 0.38325 0.35911994322214336 0.0225
0 0.279985805535841 0.4045 0.20511000709723207 0.024
0 0.27927608232789214 0.429 0.3030518097941803 0.024
0 0.2821149751596877 0.45075 0.43789921930447123 0.0225
0 0.2821149751596877 0.473 0.39957416607523066 0.022
0 0.279985805535841 0.497 0.45209368346344925 0.02
0 0.741305890702626 0.54525 0.42086586231369766 0.0195
0 0.7402413058907026 0.5675 0.397444996451384 0.017
0 0.740596167494677 0.592 0.34421575585521647 0.019
0 0.7420156139105749 0.6155 0.20511000709723207 0.019
0 0.7409510290986515 0.63775 0.2995031937544358 0.0205
0 0.7420156139105749 0.65875 0.3598296664300923 0.0235
0 0.7416607523066004 0.6815 0.37899219304471254 0.018
0 0.7409510290986515 0.70575 0.45706174591909154 0.0225
0 0.28424414478353444 0.7615 0.2675656493967353 0.023
0 0.2849538679914833 0.784 0.41234918381831087 0.02
0 0.28459900638750885 0.80575 0.3988644428672818 0.0195
0 0.28459900638750885 0.8295 0.3435060326472676 0.02
0 0.2849538679914833 0.85125 0.20511000709723207 0.0195
0 0.2849538679914833 0.8735 0.3016323633782825 0.019
0 0.28601845280340665 0.897 0.44428672817601134 0.022
0 0.27324343506032645 0.93075 0.33356990773598294 0.0455
0 0.28885734563520227 0.9645 0.4528034066713982 0.022
2 0.4439318665720369 0.734 0.11142654364797729 0.024
2 0.8797019162526615 0.519 0.11142654364797729 0.024
2 0.42264017033356993 0.31075 0.09013484740951029 0.0245
2 0.8797019162526615 0.12025 0.09013484740951029 0.0245
1 0.741305890702626 0.203 0.45067423704755144 0.189
1 0.2721788502484031 0.40025 0.4464158977998581 0.2075
1 0.7505322924059616 0.60875 0.4577714691270405 0.2115
1 0.2899219304471256 0.8525 0.46486870120652946 0.255
