2 0.9382540809084458 0.14825 0.0908445706174592 0.0295
0 0.7256919801277502 0.17525 0.41802696948190204 0.0225
0 0.7217885024840313 0.19675 0.22711142654364797 0.0225
0 0.7246273953158269 0.21875 0.276792051100071 0.0205
0 0.7235628105039035 0.2425 0.30021291696238467 0.025
0 0.7242725337118524 0.2655 0.2036905606813343 0.023
0 0.7203690560681334 0.2895 0.26969481902058196 0.023
0 0.7253371185237757 0.3105 0.35628105039034774 0.025
0 0.29701916252661464 0.401 0.1994322214336409 0.02
0 0.29737402413058905 0.42475 0.22001419446415899 0.0175
0 0.29382540809084456 0.44725 0.20581973030518097 0.0215
0 0.29879347054648686 0.471 0.25975869410929736 0.019
0 0.29418026969481903 0.4925 0.40951029098651526 0.021
0 0.6994322214336409 0.59875 0.41234918381831087 0.0215
0 0.7097232079489 0.61925 0.30518097941802697 0.0185
0 0.6969481902058198 0.6435 0.3435060326472676 0.022
0 0.7026259758694109 0.665 0.198722498225692 0.021
0 0.6969481902058198 0.6885 0.44570617459190914 0.022
0 0.6976579134137686 0.7115 0.46557842441447833 0.021
0 0.2995031937544358 0.806 0.27253371185237757 0.022
0 0.2998580553584102 0.827 0.42228530872959547 0.021
0 0.2984386089425124 0.8515 0.2264017033356991 0.021
0 0.30056777856635913 0.874 0.29595457771469125 0.018
0 0.2977288857345635 0.8975 0.20652945351312987 0.02
0 0.30092264017033354 0.91925 0.5024840312278211 0.0215
0 0.301277501774308 0.9425 0.4464158977998581 0.019
2 0.421930447125621 0.376 0.09013484740951029 0.028
2 0.8161816891412349 0.56975 0.0965223562810504 0.0325
2 0.42938254080908445 0.7795 0.09226401703335699 0.026
1 0.30837473385379705 0.86325 0.5031937544357701 0.1885
1 0.7012065294535131 0.641 0.45564229950319374 0.172
1 0.29205110007097235 0.432 0.40667139815471964 0.142
1 0.7122072391767211 0.22875 0.5514549325762953 0.1895
