0 0.09155555555555556 0.308125 0.13333333333333333 0.02
2 0.31866666666666665 0.2871875 0.057777777777777775 0.019375
2 0.9462222222222222 0.2871875 0.057777777777777775 0.019375
0 0.7302222222222222 0.3084375 0.15555555555555556 0.023125
0 0.076 0.37625 0.10222222222222223 0.0175
2 0.32133333333333336 0.35625 0.052444444444444446 0.01875
2 0.9506666666666667 0.35625 0.04888888888888889 0.01875
0 0.7706666666666667 0.3775 0.23644444444444446 0.02
0 0.11777777777777777 0.443125 0.184 0.02125
2 0.3231111111111111 0.424375 0.04888888888888889 0.0175
0 0.09288888888888888 0.5803125 0.13422222222222221 0.018125
0 0.7475555555555555 0.580625 0.192 0.01625
2 0.31777777777777777 0.55875 0.056 0.01875
2 0.9453333333333334 0.56 0.059555555555555556 0.0175
0 0.712 0.6475 0.11911111111111111 0.0175
2 0.9488888888888889 0.628125 0.052444444444444446 0.01875
0 0.10044444444444445 0.6621875 0.15288888888888888 0.019375
2 0.3231111111111111 0.6425 0.04888888888888889 0.01875
2 0.31866666666666665 0.71375 0.057777777777777775 0.0175
0 0.09066666666666667 0.73375 0.128 0.02125
1 0.18577777777777776 0.29625 0.32355555555555554 0.0425
1 0.8151111111111111 0.3665625 0.3253333333333333 0.043125
1 0.18488888888888888 0.5703125 0.3217777777777778 0.041875
1 0.8146666666666667 0.638125 0.3244444444444444 0.03875
1 0.18666666666666668 0.364375 0.32355555555555554 0.0425
1 0.18666666666666668 0.431875 0.32355555555555554 0.0425
1 0.18488888888888888 0.6521875 0.3217777777777778 0.041875
1 0.18666666666666668 0.7228125 0.3217777777777778 0.041875
1 0.8137777777777778 0.57125 0.3244444444444444 0.03875
1 0.8151111111111111 0.2990625 0.3253333333333333 0.043125
