0 0.13422222222222221 0.08374844333748444 0.22044444444444444 0.02054794520547945
0 0.7426666666666667 0.08437110834371109 0.17866666666666667 0.019302615193026153
2 0.3191111111111111 0.06537982565379825 0.05688888888888889 0.017434620174346202
2 0.9497777777777778 0.06413449564134496 0.043555555555555556 0.0161892901618929
0 0.10355555555555555 0.14975093399750933 0.15911111111111112 0.02054794520547945
2 0.3244444444444444 0.12826899128268993 0.04622222222222222 0.017434620174346202
0 0.74 0.15224159402241594 0.17866666666666667 0.019302615193026153
0 0.10088888888888889 0.2113947696139477 0.15555555555555556 0.02054794520547945
2 0.32222222222222224 0.19053549190535493 0.04533333333333334 0.0161892901618929
0 0.7582222222222222 0.21948941469489414 0.21155555555555555 0.019302615193026153
2 0.9488888888888889 0.20174346201743462 0.04888888888888889 0.017434620174346202
0 0.12444444444444444 0.27459526774595266 0.1991111111111111 0.019925280199252802
2 0.3191111111111111 0.25529265255292655 0.05688888888888889 0.017434620174346202
0 0.7031111111111111 0.29047322540473225 0.10488888888888889 0.016811955168119553
2 0.9431111111111111 0.26899128268991285 0.05688888888888889 0.0161892901618929
0 0.11777777777777777 0.33748443337484435 0.184 0.017434620174346202
2 0.32 0.31880448318804483 0.05511111111111111 0.017434620174346202
0 0.7484444444444445 0.35647571606475714 0.1902222222222222 0.02054794520547945
2 0.944 0.3518057285180573 0.058666666666666666 0.017434620174346202
0 0.096 0.4016189290161893 0.14044444444444446 0.0224159402241594
2 0.3231111111111111 0.3823163138231631 0.043555555555555556 0.0161892901618929
0 0.7786666666666666 0.424346201743462 0.25066666666666665 0.01805728518057285
2 0.9488888888888889 0.42061021170610213 0.04888888888888889 0.01805728518057285
0 0.13066666666666665 0.46606475716064755 0.21155555555555555 0.019302615193026153
2 0.32266666666666666 0.4464508094645081 0.049777777777777775 0.017434620174346202
0 0.7035555555555556 0.6039850560398505 0.10755555555555556 0.017434620174346202
0 0.12622222222222224 0.6036737235367372 0.20444444444444446 0.02054794520547945
2 0.40044444444444444 0.5853051058530511 0.04533333333333334 0.0186799501867995
2 0.9462222222222222 0.5853051058530511 0.05422222222222222 0.0186799501867995
0 0.10888888888888888 0.6612702366127023 0.168 0.0186799501867995
0 0.732 0.662826899128269 0.1537777777777778 0.019302615193026153
2 0.9488888888888889 0.6438356164383562 0.04888888888888889 0.0186799501867995
2 0.39511111111111114 0.6444582814445828 0.056 0.017434620174346202
0 0.17022222222222222 0.7213574097135741 0.2906666666666667 0.02054794520547945
0 0.7297777777777777 0.7219800747198007 0.15644444444444444 0.02054794520547945
2 0.39511111111111114 0.702988792029888 0.056 0.017434620174346202
2 0.944 0.702988792029888 0.058666666666666666 0.017434620174346202
0 0.104 0.7801992528019925 0.1582222222222222 0.019925280199252802
0 0.7551111111111111 0.7789539227895392 0.20533333333333334 0.0161892901618929
2 0.39866666666666667 0.7615193026151931 0.04888888888888889 0.017434620174346202
2 0.9462222222222222 0.7615193026151931 0.05422222222222222 0.017434620174346202
0 0.092 0.8929016189290162 0.13422222222222221 0.0161892901618929
0 0.3208888888888889 0.8972602739726028 0.10488888888888889 0.017434620174346202
0 0.5097777777777778 0.8944582814445828 0.07733333333333334 0.01805728518057285
0 0.6933333333333334 0.8932129514321295 0.08533333333333333 0.01805728518057285
2 0.21822222222222223 0.8754669987546699 0.04533333333333334 0.0161892901618929
2 0.4226666666666667 0.8754669987546699 0.03822222222222222 0.0161892901618929
2 0.9497777777777778 0.8760896637608966 0.043555555555555556 0.017434620174346202
0 0.5111111111111111 0.9533001245330013 0.07822222222222222 0.0186799501867995
0 0.32133333333333336 0.9551681195516812 0.10577777777777778 0.017434620174346202
2 0.21911111111111112 0.9355541718555417 0.043555555555555556 0.016811955168119553
0 0.08177777777777778 0.9517434620174346 0.11377777777777778 0.02054794520547945
1 0.18666666666666668 0.45610211706102116 0.3253333333333333 0.03798256537982565
2 0.9537777777777777 0.13356164383561644 0.03911111111111111 0.015566625155666251
1 0.8124444444444444 0.2798879202988792 0.3217777777777778 0.036737235367372355
1 0.8133333333333334 0.42092154420921546 0.3217777777777778 0.021170610211706103
1 0.2248888888888889 0.772104607721046 0.4017777777777778 0.0361145703611457
1 0.13333333333333333 0.9448941469489415 0.21688888888888888 0.03424657534246575
1 0.8115555555555556 0.8854296388542964 0.3217777777777778 0.039850560398505604
1 0.4097777777777778 0.9146948941469489 0.28444444444444444 0.09464508094645081
1 0.8146666666666667 0.7724159402241594 0.32622222222222225 0.036737235367372355
1 0.13244444444444445 0.885118306351183 0.21688888888888888 0.03424657534246575
1 0.8128888888888889 0.7120174346201743 0.32622222222222225 0.036737235367372355
1 0.8155555555555556 0.652241594022416 0.32622222222222225 0.036737235367372355
1 0.8137777777777778 0.5943337484433375 0.32622222222222225 0.036737235367372355
1 0.22355555555555556 0.7123287671232876 0.3973333333333333 0.034869240348692404
1 0.22266666666666668 0.652241594022416 0.39911111111111114 0.03549190535491906
1 0.224 0.5946450809464509 0.4017777777777778 0.038605230386052306
1 0.18577777777777776 0.32783312577833124 0.3253333333333333 0.03798256537982565
1 0.18755555555555556 0.3907222914072229 0.3253333333333333 0.03798256537982565
1 0.18666666666666668 0.2649439601494396 0.3253333333333333 0.03798256537982565
1 0.18577777777777776 0.1391656288916563 0.3253333333333333 0.03798256537982565
1 0.18488888888888888 0.20080946450809464 0.3253333333333333 0.03798256537982565
1 0.18755555555555556 0.07503113325031133 0.3253333333333333 0.03798256537982565
1 0.8146666666666667 0.3549190535491905 0.32266666666666666 0.024906600249066
1 0.8142222222222222 0.21077210460772106 0.3217777777777778 0.036737235367372355
1 0.8124444444444444 0.14259028642590285 0.3217777777777778 0.037359900373599
1 0.8142222222222222 0.07534246575342465 0.3217777777777778 0.037359900373599
