2 0.822400558269365 0.13800683927699073 0.04675505931612003 0.020029311187103077
2 0.2711095603628751 0.2215437225207621 0.045359385903698535 0.020029311187103077
2 0.5460572226099093 0.2215437225207621 0.052337752965806 0.020029311187103077
0 0.7247034193998604 0.23497801660967269 0.12491277041172366 0.02247191011235955
2 0.822400558269365 0.2808988764044944 0.04954640614096301 0.02247191011235955
0 0.45010467550593164 0.3180263800683928 0.2302861130495464 0.02344894968246214
0 0.17376133984647593 0.3180263800683928 0.18004187020237264 0.017586712261846604
2 0.270062805303559 0.3671226184660479 0.04745289602233078 0.020029311187103077
0 0.7254012561060712 0.37884709330727895 0.13049546406140963 0.022960429897410845
0 0.40928122819260293 0.3815339521250611 0.09141660851360782 0.018563751831949193
2 0.822400558269365 0.4233023937469467 0.050942079553384506 0.020029311187103077
0 0.17271458478715981 0.4638495359062042 0.2044661549197488 0.020029311187103077
2 0.270062805303559 0.5146555935515389 0.04745289602233078 0.020029311187103077
0 0.7254012561060712 0.520029311187103 0.23377529658060014 0.021006350757205666
2 0.5143056524773203 0.5224719101123596 0.04884856943475227 0.020029311187103077
2 0.822400558269365 0.5664386907669761 0.050942079553384506 0.020029311187103077
0 0.4061409630146546 0.6028334147532975 0.08932309839497557 0.038104543234000976
0 0.12944870900209351 0.5947728382999512 0.162595952547104 0.01612115290669272
2 0.2697138869504536 0.6602344894968246 0.050942079553384506 0.020029311187103077
0 0.7254012561060712 0.6629213483146067 0.050942079553384506 0.017586712261846604
2 0.8230983949755757 0.7085979482169028 0.056524773203070484 0.020029311187103077
2 0.5146545708304257 0.732046897899365 0.045359385903698535 0.020029311187103077
0 0.17271458478715981 0.7572056668295066 0.18911374738311235 0.018563751831949193
0 0.17271458478715981 0.8028822667318026 0.159804605722261 0.019052271617000488
0 0.7257501744591766 0.8055691255495847 0.17725052337752967 0.018563751831949193
2 0.5143056524773203 0.8072789447972643 0.05303558967201675 0.020029311187103077
2 0.8230983949755757 0.8517342452369321 0.056524773203070484 0.020029311187103077
0 0.45080251221214235 0.9521250610649731 0.19260293091416608 0.025403028822667317
2 0.23726448011165388 0.9430874450415242 0.05303558967201675 0.020029311187103077
0 0.7079553384508025 0.949438202247191 0.07885554780181438 0.020029311187103077
1 0.188764829030007 0.26819736199316074 0.21563154221912073 0.11822178798241328
1 0.4515003489183531 0.2711284807034685 0.23447313328681088 0.1172447484123107
1 0.755059316120028 0.1880801172447484 0.1856245638520586 0.12017586712261846
1 0.1807397069085834 0.4184171958964338 0.22330774598743894 0.12164142647777235
1 0.45115143056524776 0.4513922813873962 0.1807397069085834 0.1621885686370298
1 0.7540125610607118 0.32926233512457254 0.18911374738311235 0.11822178798241328
1 0.7257501744591766 0.4726428920371275 0.24145150034891835 0.11968734733756717
1 0.17236566643405443 0.5652173913043478 0.24703419399860432 0.11919882755251587
1 0.4487090020935101 0.6638983878847093 0.17725052337752967 0.15730337078651685
1 0.7749476622470342 0.614313629702003 0.14724354501046755 0.1167562286272594
1 0.18667131891137473 0.7095749877870053 0.2212142358688067 0.11773326819736199
1 0.7442428471737613 0.7576941866145579 0.21423586880669923 0.1172447484123107
1 0.17759944173063502 0.8722520762090865 0.17515701325889743 0.1607230092818759
1 0.44836008374040476 0.8790913531998046 0.19050942079553385 0.16756228627259404
1 0.7606420097697139 0.9020517830972155 0.18422889043963714 0.12164142647777235
0 0.41591067690160505 0.39960918417195895 0.11165387299371947 0.02247191011235955
0 0.13677599441730634 0.6121152906692721 0.1716678297278437 0.024425989252564728
0 0.40230286113049546 0.9289203712750367 0.09560362875087229 0.022960429897410845
