2 0.24860529986052998 0.221435546875 0.041143654114365415 0.02001953125
2 0.5198744769874477 0.221435546875 0.045327754532775454 0.02001953125
2 0.791492329149233 0.221435546875 0.04881450488145049 0.02001953125
0 0.15202231520223153 0.318359375 0.09623430962343096 0.0234375
0 0.42329149232914925 0.31787109375 0.11576011157601115 0.017578125
0 0.6959553695955369 0.318603515625 0.1701534170153417 0.01904296875
2 0.24755927475592748 0.357177734375 0.043235704323570434 0.02001953125
2 0.5209205020920502 0.357177734375 0.04741980474198047 0.02001953125
2 0.7925383542538355 0.357177734375 0.05090655509065551 0.02001953125
0 0.151673640167364 0.45361328125 0.10948396094839609 0.021484375
0 0.6949093444909344 0.454345703125 0.201534170153417 0.02099609375
0 0.42433751743375175 0.45458984375 0.12203626220362622 0.017578125
2 0.24755927475592748 0.493896484375 0.04741980474198047 0.02001953125
2 0.5202231520223152 0.493896484375 0.04881450488145049 0.02001953125
0 0.42433751743375175 0.58984375 0.1903765690376569 0.0263671875
0 0.1506276150627615 0.590087890625 0.12133891213389121 0.01708984375
0 0.5355648535564853 0.64013671875 0.12133891213389121 0.01953125
0 0.32322175732217573 0.626220703125 0.13598326359832635 0.02197265625
0 0.7273361227336123 0.6259765625 0.16596931659693165 0.0185546875
0 0.1202928870292887 0.627197265625 0.14574616457461645 0.01904296875
2 0.18619246861924685 0.76513671875 0.04741980474198047 0.0185546875
2 0.38702928870292885 0.765869140625 0.05439330543933055 0.02001953125
2 0.5899581589958159 0.765869140625 0.04741980474198047 0.02001953125
2 0.7925383542538355 0.765869140625 0.05090655509065551 0.02001953125
0 0.5449790794979079 0.819091796875 0.1401673640167364 0.01904296875
0 0.11854951185495119 0.804931640625 0.09344490934449093 0.01708984375
0 0.7273361227336123 0.80615234375 0.15202231520223153 0.021484375
0 0.3218270571827057 0.806884765625 0.18479776847977686 0.01904296875
2 0.18444909344490934 0.945556640625 0.046722454672245464 0.02001953125
2 0.5889121338912134 0.946044921875 0.05509065550906555 0.02294921875
2 0.7911436541143654 0.945556640625 0.05090655509065551 0.02001953125
2 0.38702928870292885 0.9462890625 0.04741980474198047 0.0185546875
1 0.18723849372384938 0.270751953125 0.1694560669456067 0.12158203125
1 0.45536959553695955 0.26953125 0.17712691771269176 0.1171875
1 0.7126917712691772 0.27001953125 0.20781032078103207 0.1162109375
1 0.18375174337517433 0.40478515625 0.17642956764295675 0.115234375
1 0.452231520223152 0.40576171875 0.18619246861924685 0.1181640625
1 0.7050209205020921 0.40576171875 0.22733612273361228 0.12109375
1 0.1795676429567643 0.539306640625 0.18340306834030684 0.11669921875
1 0.4389818688981869 0.54248046875 0.21687587168758718 0.1171875
1 0.1290097629009763 0.6962890625 0.16736401673640167 0.1611328125
1 0.33612273361227335 0.694580078125 0.1589958158995816 0.16162109375
1 0.5181311018131102 0.695068359375 0.18131101813110181 0.15966796875
1 0.7294281729428173 0.69775390625 0.17852161785216178 0.1611328125
1 0.14191073919107391 0.876708984375 0.13737796373779637 0.16064453125
1 0.32217573221757323 0.87548828125 0.18410041841004185 0.1572265625
1 0.5251046025104602 0.874267578125 0.19386331938633194 0.17041015625
1 0.7336122733612274 0.87646484375 0.1701534170153417 0.162109375
0 0.48326359832635984 0.798583984375 0.1101813110181311 0.02001953125
0 0.4818688981868898 0.619384765625 0.09483960948396095 0.01904296875
