0 0.1195955369595537 0.218505859375 0.11506276150627615 0.01611328125
2 0.49337517433751743 0.221435546875 0.06206415620641562 0.02001953125
2 0.7824267782426778 0.221435546875 0.04881450488145049 0.02001953125
0 0.39748953974895396 0.316650390625 0.22733612273361228 0.01708984375
0 0.6865411436541143 0.318115234375 0.2670850767085077 0.02001953125
2 0.2102510460251046 0.355712890625 0.05090655509065551 0.02001953125
2 0.7824267782426778 0.358154296875 0.0599721059972106 0.02001953125
2 0.49128312412831243 0.3681640625 0.05788005578800558 0.0185546875
0 0.10948396094839609 0.414794921875 0.09065550906555091 0.01611328125
0 0.6872384937238494 0.4541015625 0.24616457461645747 0.0185546875
0 0.39748953974895396 0.46240234375 0.22733612273361228 0.017578125
2 0.7813807531380753 0.494873046875 0.05090655509065551 0.02001953125
2 0.49232914923291493 0.513427734375 0.0599721059972106 0.02001953125
2 0.2095536959553696 0.552490234375 0.04951185495118549 0.02001953125
0 0.6872384937238494 0.58984375 0.19456066945606695 0.0205078125
0 0.398186889818689 0.6083984375 0.22594142259414227 0.017578125
0 0.11854951185495119 0.631103515625 0.11297071129707113 0.02197265625
0 0.6471408647140865 0.645751953125 0.09065550906555091 0.01904296875
2 0.49337517433751743 0.658935546875 0.06206415620641562 0.02001953125
2 0.21234309623430964 0.748291015625 0.043933054393305436 0.01904296875
0 0.3957461645746165 0.753662109375 0.22384937238493724 0.01611328125
2 0.7534867503486751 0.763916015625 0.046722454672245464 0.01904296875
0 0.10564853556485355 0.828369140625 0.08716875871687588 0.02197265625
0 0.3992329149232915 0.808837890625 0.17224546722454673 0.01708984375
0 0.6785216178521618 0.828369140625 0.15341701534170155 0.02197265625
2 0.21164574616457463 0.94482421875 0.045327754532775454 0.0185546875
2 0.46269177126917715 0.94482421875 0.056485355648535567 0.0185546875
2 0.7524407252440726 0.94482421875 0.0599721059972106 0.0185546875
1 0.14783821478382148 0.876220703125 0.17433751743375175 0.15478515625
1 0.4013249651324965 0.878173828125 0.1792189679218968 0.15478515625
1 0.6924686192468619 0.879638671875 0.18270571827057183 0.15771484375
1 0.14574616457461645 0.680419921875 0.17433751743375175 0.15576171875
1 0.4027196652719665 0.70751953125 0.2419804741980474 0.1171875
1 0.6889818688981869 0.694580078125 0.18131101813110181 0.15576171875
1 0.1506276150627615 0.484375 0.17294281729428174 0.15234375
1 0.40097629009762903 0.5615234375 0.22733612273361228 0.1123046875
1 0.6976987447698745 0.5419921875 0.21687587168758718 0.11328125
1 0.14783821478382148 0.28759765625 0.17712691771269176 0.1572265625
1 0.40481171548117156 0.41455078125 0.2377963737796374 0.115234375
1 0.6865411436541143 0.40673828125 0.2489539748953975 0.1171875
1 0.40202231520223153 0.26806640625 0.2377963737796374 0.1181640625
1 0.6851464435146444 0.271484375 0.27266387726638774 0.1171875
0 0.09205020920502092 0.611328125 0.06555090655509066 0.0185546875
0 0.09414225941422594 0.80712890625 0.06834030683403068 0.01953125
0 0.348326359832636 0.825439453125 0.07740585774058577 0.01513671875
0 0.650976290097629 0.80859375 0.09414225941422594 0.0166015625
0 0.647489539748954 0.626708984375 0.08716875871687588 0.01708984375
0 0.08158995815899582 0.4306640625 0.03905160390516039 0.0166015625
0 0.10146443514644352 0.2353515625 0.08716875871687588 0.017578125
