0 0.8257042253521126 0.23266745005875442 0.23943661971830985 0.01645123384253819
0 0.40492957746478875 0.23325499412455933 0.23591549295774647 0.01527614571092832
0 0.7799295774647887 0.25146886016451236 0.15140845070422534 0.021151586368977675
0 0.3609154929577465 0.2520564042303173 0.15492957746478872 0.01762632197414806
2 0.9110915492957746 0.2502937720329025 0.08626760563380281 0.01645123384253819
0 0.3732394366197183 0.42479435957696826 0.23943661971830985 0.01527614571092832
0 0.8072183098591549 0.42479435957696826 0.23767605633802816 0.01527614571092832
0 0.31161971830985913 0.44300822561692127 0.15845070422535212 0.01880141010575793
2 0.4647887323943662 0.44242068155111636 0.0880281690140845 0.01762632197414806
0 0.7649647887323944 0.4418331374853114 0.22359154929577466 0.01880141010575793
0 0.8318661971830986 0.5846063454759107 0.24119718309859156 0.01527614571092832
0 0.846830985915493 0.6016451233842538 0.2992957746478873 0.023501762632197415
2 0.8072183098591549 0.6286721504112809 0.0897887323943662 0.01645123384253819
0 0.3265845070422535 0.7837837837837838 0.24119718309859156 0.01645123384253819
0 0.36619718309859156 0.8019976498237368 0.3204225352112676 0.0199764982373678
2 0.3301056338028169 0.8419506462984724 0.0897887323943662 0.01762632197414806
2 0.49383802816901406 0.25146886016451236 0.08626760563380281 0.01645123384253819
2 0.9366197183098591 0.4435957696827262 0.0880281690140845 0.01762632197414806
1 0.3846830985915493 0.8125734430082256 0.3609154929577465 0.07873090481786134
1 0.846830985915493 0.6063454759106933 0.2992957746478873 0.06110458284371328
1 0.37059859154929575 0.44535840188014103 0.2834507042253521 0.0564042303172738
1 0.8169014084507042 0.43478260869565216 0.3274647887323944 0.03525264394829612
1 0.4110915492957746 0.24383078730904817 0.25880281690140844 0.036427732079905996
1 0.8301056338028169 0.2491186839012926 0.2517605633802817 0.05405405405405406
0 0.29401408450704225 0.4600470035252644 0.11971830985915492 0.01762632197414806
0 0.3873239436619718 0.8207990599294948 0.35563380281690143 0.0199764982373678
0 0.7605633802816901 0.2690951821386604 0.1056338028169014 0.01880141010575793
