0 0.2676056338028169 0.15511163337250294 0.15140845070422534 0.025851938895417155
0 0.6003521126760564 0.15276145710928318 0.27816901408450706 0.025851938895417155
0 0.846830985915493 0.15687426556991774 0.2007042253521127 0.01762632197414806
2 0.3890845070422535 0.31609870740305523 0.08098591549295775 0.01645123384253819
0 0.5677816901408451 0.31609870740305523 0.20598591549295775 0.023501762632197415
0 0.8186619718309859 0.31668625146886015 0.18309859154929578 0.0199764982373678
0 0.2755281690140845 0.31668625146886015 0.14612676056338028 0.0199764982373678
2 0.39172535211267606 0.4864864864864865 0.07570422535211267 0.01645123384253819
2 0.9471830985915493 0.5058754406580493 0.07746478873239436 0.0199764982373678
0 0.2746478873239437 0.4870740305522914 0.16549295774647887 0.01762632197414806
0 0.5616197183098591 0.4888366627497062 0.18661971830985916 0.025851938895417155
2 0.39524647887323944 0.6427732079905993 0.07570422535211267 0.01880141010575793
0 0.5440140845070423 0.6439482961222092 0.1619718309859155 0.01880141010575793
0 0.8441901408450704 0.645123384253819 0.3045774647887324 0.021151586368977675
2 0.9181338028169014 0.6615746180963572 0.07922535211267606 0.01645123384253819
0 0.2772887323943662 0.645123384253819 0.1637323943661972 0.01880141010575793
0 0.3485915492957746 0.8072855464159812 0.30985915492957744 0.0282021151586369
0 0.8661971830985915 0.8061104582843713 0.20422535211267606 0.023501762632197415
2 0.5448943661971831 0.9582843713278496 0.07570422535211267 0.01762632197414806
0 0.477112676056338 0.9424206815511164 0.13732394366197184 0.021151586368977675
0 0.8160211267605634 0.9418331374853114 0.1742957746478873 0.022326674500587545
2 0.9419014084507042 0.9412455934195064 0.07394366197183098 0.01880141010575793
2 0.4480633802816901 0.8254994124559342 0.07570422535211267 0.01762632197414806
2 0.715669014084507 0.8231492361927144 0.07570422535211267 0.01762632197414806
2 0.9463028169014085 0.8243243243243243 0.07570422535211267 0.01762632197414806
0 0.6170774647887324 0.8061104582843713 0.1954225352112676 0.021151586368977675
1 0.4753521126760563 0.9512338425381903 0.22535211267605634 0.038777908343125736
1 0.8547535211267606 0.9500587544065805 0.25528169014084506 0.041128084606345476
1 0.3477112676056338 0.8243243243243243 0.31161971830985913 0.05992949471210341
1 0.6346830985915493 0.8249118683901293 0.23415492957746478 0.05875440658049354
1 0.875 0.8237367802585194 0.22183098591549297 0.05875440658049354
2 0.6382042253521126 0.6650998824911868 0.08274647887323944 0.01645123384253819
2 0.6910211267605634 0.48589894242068155 0.08274647887323944 0.0199764982373678
0 0.8609154929577465 0.4882491186839013 0.2535211267605634 0.024676850763807285
1 0.5994718309859155 0.49412455934195065 0.2658450704225352 0.036427732079905996
1 0.8477112676056338 0.5064629847238543 0.3045774647887324 0.06110458284371328
1 0.30985915492957744 0.4935370152761457 0.24295774647887325 0.03760282021151586
1 0.31778169014084506 0.6562867215041128 0.24119718309859156 0.043478260869565216
1 0.5765845070422535 0.6592244418331374 0.22007042253521128 0.05405405405405406
1 0.8433098591549296 0.6609870740305523 0.31338028169014087 0.057579318448883664
2 0.6408450704225352 0.3337250293772033 0.08098591549295775 0.01645123384253819
2 0.954225352112676 0.31492361927144535 0.08098591549295775 0.01645123384253819
2 0.9524647887323944 0.172737955346651 0.08098591549295775 0.01645123384253819
2 0.6830985915492958 0.172737955346651 0.08098591549295775 0.01645123384253819
2 0.38380281690140844 0.15511163337250294 0.08098591549295775 0.01645123384253819
1 0.31514084507042256 0.33431257344300824 0.22887323943661972 0.055229142185663924
1 0.573943661971831 0.3325499412455934 0.21830985915492956 0.0564042303172738
1 0.8644366197183099 0.32491186839012925 0.2711267605633803 0.038777908343125736
1 0.30545774647887325 0.16216216216216217 0.23415492957746478 0.04230317273795535
1 0.596830985915493 0.1709753231492362 0.27816901408450706 0.06227967097532315
1 0.8679577464788732 0.17215041128084607 0.25 0.052878965922444184
