0 0.3248239436619718 0.172737955346651 0.22007042253521128 0.01880141010575793
0 0.8714788732394366 0.17508813160987075 0.18661971830985916 0.021151586368977675
0 0.5774647887323944 0.1745005875440658 0.17253521126760563 0.01762632197414806
2 0.386443661971831 0.190951821386604 0.07922535211267606 0.01762632197414806
0 0.5985915492957746 0.34136310223266747 0.2640845070422535 0.0199764982373678
0 0.886443661971831 0.3401880141010576 0.14964788732394366 0.0199764982373678
2 0.3873239436619718 0.3584018801410106 0.07746478873239436 0.01880141010575793
0 0.2966549295774648 0.34312573443008226 0.09330985915492958 0.01880141010575793
0 0.2720070422535211 0.5417156286721504 0.14964788732394366 0.021151586368977675
0 0.5589788732394366 0.5399529964747356 0.18838028169014084 0.024676850763807285
0 0.8142605633802817 0.5423031727379554 0.12147887323943662 0.01762632197414806
0 0.2852112676056338 0.7238542890716804 0.1795774647887324 0.01880141010575793
0 0.5633802816901409 0.7262044653349001 0.20774647887323944 0.023501762632197415
2 0.4128521126760563 0.7238542890716804 0.07922535211267606 0.01645123384253819
0 0.8389084507042254 0.7250293772032902 0.15669014084507044 0.01645123384253819
0 0.5809859154929577 0.9148061104582844 0.19718309859154928 0.041128084606345476
0 0.2852112676056338 0.9253819036427732 0.16901408450704225 0.0199764982373678
0 0.8512323943661971 0.9253819036427732 0.21654929577464788 0.01762632197414806
2 0.909330985915493 0.19212690951821387 0.07922535211267606 0.01762632197414806
2 0.6258802816901409 0.19212690951821387 0.07922535211267606 0.01762632197414806
1 0.3257042253521127 0.1844888366627497 0.22535211267605634 0.0399529964747356
1 0.5801056338028169 0.18155111633372503 0.17781690140845072 0.036427732079905996
1 0.8758802816901409 0.18213866039952997 0.198943661971831 0.03525264394829612
2 0.920774647887324 0.3607520564042303 0.07746478873239436 0.01880141010575793
2 0.6839788732394366 0.3601645123384254 0.07570422535211267 0.0199764982373678
2 0.9295774647887324 0.5393654524089306 0.07746478873239436 0.01880141010575793
2 0.6971830985915493 0.5405405405405406 0.07746478873239436 0.01880141010575793
2 0.4014084507042254 0.5393654524089306 0.07746478873239436 0.01880141010575793
1 0.34066901408450706 0.3525264394829612 0.1813380281690141 0.03760282021151586
1 0.5985915492957746 0.3519388954171563 0.2676056338028169 0.038777908343125736
1 0.886443661971831 0.3495887191539365 0.14964788732394366 0.041128084606345476
1 0.31778169014084506 0.5505287896592245 0.24471830985915494 0.041128084606345476
1 0.6003521126760564 0.5564042303172738 0.2746478873239437 0.055229142185663924
1 0.8617957746478874 0.5575793184488836 0.22007042253521128 0.055229142185663924
2 0.7051056338028169 0.7256169212690952 0.08274647887323944 0.01762632197414806
2 0.9586267605633803 0.7244418331374853 0.08274647887323944 0.01762632197414806
2 0.38116197183098594 0.9418331374853114 0.08274647887323944 0.01762632197414806
2 0.6232394366197183 0.9430082256169212 0.08098591549295775 0.01762632197414806
2 0.9551056338028169 0.9424206815511164 0.08626760563380281 0.01645123384253819
1 0.3248239436619718 0.7432432432432432 0.25528169014084506 0.052878965922444184
1 0.6038732394366197 0.7426556991774383 0.2852112676056338 0.05405405405405406
1 0.8794014084507042 0.7426556991774383 0.24119718309859156 0.05405405405405406
1 0.3125 0.9430082256169212 0.22007042253521128 0.055229142185663924
1 0.579225352112676 0.9330199764982373 0.2992957746478873 0.07755581668625147
1 0.8688380281690141 0.9441833137485312 0.25880281690140844 0.052878965922444184
