0 0.2579225352112676 0.22267920094007052 0.13908450704225353 0.022326674500587545
0 0.5413732394366197 0.22385428907168037 0.14964788732394366 0.0199764982373678
0 0.8204225352112676 0.2244418331374853 0.09859154929577464 0.023501762632197415
0 0.5501760563380281 0.4294947121034078 0.19190140845070422 0.022326674500587545
0 0.8186619718309859 0.4312573443008226 0.15140845070422534 0.021151586368977675
0 0.272887323943662 0.42773207990599293 0.13732394366197184 0.021151586368977675
2 0.9498239436619719 0.427144535840188 0.08626760563380281 0.01527614571092832
0 0.2834507042253521 0.6509988249118684 0.17253521126760563 0.025851938895417155
0 0.5598591549295775 0.6521739130434783 0.1795774647887324 0.01880141010575793
0 0.8274647887323944 0.6515863689776733 0.18309859154929578 0.01762632197414806
0 0.5184859154929577 0.9083431257344301 0.13204225352112675 0.021151586368977675
2 0.6382042253521126 0.9054054054054054 0.07570422535211267 0.01762632197414806
2 0.40580985915492956 0.6492361927144535 0.07570422535211267 0.01762632197414806
2 0.6857394366197183 0.6468860164512339 0.07570422535211267 0.01762632197414806
2 0.9612676056338029 0.6468860164512339 0.07746478873239436 0.01762632197414806
1 0.5633802816901409 0.9148061104582844 0.22535211267605634 0.038777908343125736
1 0.31866197183098594 0.6650998824911868 0.25 0.0564042303172738
1 0.5977112676056338 0.6668625146886017 0.25528169014084506 0.057579318448883664
1 0.8679577464788732 0.6650998824911868 0.2640845070422535 0.0564042303172738
2 0.6883802816901409 0.427144535840188 0.07746478873239436 0.01527614571092832
2 0.3899647887323944 0.427144535840188 0.08626760563380281 0.01527614571092832
2 0.6663732394366197 0.2209165687426557 0.08626760563380281 0.01645123384253819
2 0.9198943661971831 0.21856639247943596 0.08626760563380281 0.01645123384253819
2 0.386443661971831 0.2209165687426557 0.08626760563380281 0.01645123384253819
1 0.32130281690140844 0.44418331374853115 0.2306338028169014 0.05405405405405406
1 0.5889084507042254 0.44653349001175086 0.26936619718309857 0.05405405405405406
1 0.8653169014084507 0.44477085781433606 0.2517605633802817 0.05052878965922444
1 0.3089788732394366 0.2309048178613396 0.24119718309859156 0.038777908343125736
1 0.5897887323943662 0.23207990599294948 0.24295774647887325 0.038777908343125736
1 0.8688380281690141 0.2309048178613396 0.19190140845070422 0.036427732079905996
