0 0.3142605633802817 0.17391304347826086 0.24119718309859156 0.021151586368977675
0 0.8257042253521126 0.17567567567567569 0.18309859154929578 0.01762632197414806
0 0.5519366197183099 0.17391304347826086 0.1742957746478873 0.01880141010575793
0 0.29225352112676056 0.3396004700352526 0.2007042253521127 0.01880141010575793
2 0.3573943661971831 0.3589894242068155 0.07746478873239436 0.01527614571092832
0 0.5528169014084507 0.3425381903642773 0.1795774647887324 0.01762632197414806
0 0.8248239436619719 0.34136310223266747 0.1602112676056338 0.0199764982373678
0 0.8644366197183099 0.5058754406580493 0.25 0.0199764982373678
0 0.31161971830985913 0.5099882491186839 0.22535211267605634 0.021151586368977675
0 0.5871478873239436 0.5088131609870741 0.2306338028169014 0.01880141010575793
0 0.30369718309859156 0.6756756756756757 0.20950704225352113 0.01880141010575793
0 0.8080985915492958 0.6780258519388954 0.1619718309859155 0.01880141010575793
0 0.5730633802816901 0.6756756756756757 0.2306338028169014 0.01645123384253819
0 0.3028169014084507 0.8425381903642774 0.20774647887323944 0.01880141010575793
0 0.6892605633802817 0.9030552291421856 0.20598591549295775 0.01762632197414806
2 0.7772887323943662 0.9200940070505288 0.07922535211267606 0.01645123384253819
2 0.948943661971831 0.34136310223266747 0.07746478873239436 0.01527614571092832
2 0.6901408450704225 0.3419506462984724 0.07394366197183098 0.01645123384253819
2 0.676056338028169 0.527027027027027 0.07746478873239436 0.01527614571092832
2 0.38028169014084506 0.5282021151586369 0.07746478873239436 0.01527614571092832
2 0.9401408450704225 0.5258519388954171 0.07746478873239436 0.01527614571092832
2 0.3899647887323944 0.6938895417156287 0.08274647887323944 0.01527614571092832
2 0.9445422535211268 0.6750881316098707 0.08274647887323944 0.01527614571092832
2 0.6698943661971831 0.6938895417156287 0.08274647887323944 0.01527614571092832
2 0.4005281690140845 0.8619271445358402 0.08274647887323944 0.01527614571092832
2 0.6813380281690141 0.172737955346651 0.07394366197183098 0.01645123384253819
2 0.9551056338028169 0.17332549941245592 0.0721830985915493 0.01527614571092832
2 0.4137323943661972 0.1927144535840188 0.07394366197183098 0.01645123384253819
1 0.323943661971831 0.18331374853113983 0.2605633802816901 0.03760282021151586
1 0.5924295774647887 0.190951821386604 0.25528169014084506 0.055229142185663924
1 0.8644366197183099 0.19330199764982373 0.2605633802816901 0.052878965922444184
1 0.3019366197183099 0.36603995299647474 0.21654929577464788 0.07168037602820211
1 0.596830985915493 0.3584018801410106 0.2640845070422535 0.04935370152761457
1 0.8661971830985915 0.3589894242068155 0.24295774647887325 0.057579318448883664
1 0.3125 0.5229142185663925 0.23767605633802816 0.05170387779083431
1 0.5941901408450704 0.5276145710928319 0.24119718309859156 0.05405405405405406
1 0.8653169014084507 0.5240893066980024 0.2517605633802817 0.05875440658049354
1 0.31514084507042256 0.6938895417156287 0.2323943661971831 0.055229142185663924
1 0.5827464788732394 0.6933019976498237 0.25704225352112675 0.05170387779083431
1 0.8565140845070423 0.6868390129259695 0.2623239436619718 0.03407755581668625
1 0.32130281690140844 0.8513513513513513 0.2482394366197183 0.036427732079905996
1 0.7015845070422535 0.9218566392479436 0.2306338028169014 0.052878965922444184
