0 0.36883802816901406 0.25323149236192716 0.17077464788732394 0.01527614571092832
0 0.7808098591549296 0.25440658049353704 0.17781690140845072 0.01527614571092832
2 0.36795774647887325 0.27320799059929496 0.0880281690140845 0.01762632197414806
2 0.7816901408450704 0.27497062279670975 0.0880281690140845 0.01645123384253819
0 0.36971830985915494 0.47767332549941244 0.24647887323943662 0.01527614571092832
0 0.7808098591549296 0.47767332549941244 0.31866197183098594 0.01527614571092832
2 0.36795774647887325 0.49588719153936545 0.0880281690140845 0.01645123384253819
2 0.7816901408450704 0.4970622796709753 0.0880281690140845 0.01645123384253819
0 0.7808098591549296 0.7215041128084606 0.31866197183098594 0.01645123384253819
0 0.36883802816901406 0.7215041128084606 0.31866197183098594 0.01645123384253819
2 0.36795774647887325 0.7403055229142186 0.0880281690140845 0.01645123384253819
2 0.7816901408450704 0.7403055229142186 0.0880281690140845 0.01645123384253819
0 0.7808098591549296 0.9253819036427732 0.3362676056338028 0.01527614571092832
0 0.36971830985915494 0.9253819036427732 0.3345070422535211 0.01527614571092832
2 0.7808098591549296 0.9447708578143361 0.0897887323943662 0.01880141010575793
2 0.36795774647887325 0.945358401880141 0.0880281690140845 0.01762632197414806
1 0.36971830985915494 0.26439482961222094 0.17253521126760563 0.03760282021151586
1 0.7816901408450704 0.26556991774383076 0.18309859154929578 0.03760282021151586
1 0.36971830985915494 0.48766157461809634 0.24647887323943662 0.03525264394829612
1 0.7808098591549296 0.4888366627497062 0.3221830985915493 0.03525264394829612
1 0.37059859154929575 0.7303172737955347 0.31866197183098594 0.03407755581668625
1 0.7808098591549296 0.7303172737955347 0.3221830985915493 0.03407755581668625
1 0.3714788732394366 0.935957696827262 0.3415492957746479 0.03407755581668625
1 0.7808098591549296 0.935957696827262 0.3362676056338028 0.03407755581668625
