0 0.289612676056338 0.2679200940070505 0.18485915492957747 0.023501762632197415
0 0.8274647887323944 0.2690951821386604 0.18661971830985916 0.021151586368977675
0 0.5801056338028169 0.2690951821386604 0.2306338028169014 0.021151586368977675
2 0.6558098591549296 0.28672150411280845 0.07570422535211267 0.01645123384253819
0 0.8089788732394366 0.46768507638072854 0.24471830985915494 0.021151586368977675
0 0.38028169014084506 0.4800235017626322 0.22887323943661972 0.038777908343125736
2 0.8943661971830986 0.48766157461809634 0.07746478873239436 0.01645123384253819
0 0.8327464788732394 0.6750881316098707 0.25704225352112675 0.024676850763807285
0 0.40580985915492956 0.6756756756756757 0.26936619718309857 0.023501762632197415
2 0.4903169014084507 0.6933019976498237 0.07922535211267606 0.01645123384253819
0 0.3996478873239437 0.8977673325499412 0.2605633802816901 0.025851938895417155
0 0.8116197183098591 0.8989424206815512 0.3345070422535211 0.023501762632197415
2 0.4903169014084507 0.9153936545240893 0.07922535211267606 0.01645123384253819
2 0.9383802816901409 0.28672150411280845 0.07394366197183098 0.01880141010575793
2 0.3899647887323944 0.28672150411280845 0.07570422535211267 0.01645123384253819
2 0.45422535211267606 0.4888366627497062 0.07394366197183098 0.01880141010575793
1 0.31338028169014087 0.2779083431257344 0.23591549295774647 0.041128084606345476
1 0.5809859154929577 0.27673325499412454 0.2323943661971831 0.036427732079905996
1 0.8556338028169014 0.2779083431257344 0.24647887323943662 0.038777908343125736
2 0.9251760563380281 0.6944770857814336 0.07922535211267606 0.01645123384253819
1 0.40492957746478875 0.6839012925969448 0.2711267605633803 0.0399529964747356
1 0.8362676056338029 0.6844888366627497 0.2676056338028169 0.043478260869565216
2 0.9005281690140845 0.9165687426556992 0.07922535211267606 0.01645123384253819
1 0.3987676056338028 0.9059929494712103 0.2623239436619718 0.04230317273795535
1 0.8142605633802817 0.9065804935370153 0.33274647887323944 0.041128084606345476
1 0.3767605633802817 0.4706227967097532 0.22887323943661972 0.022326674500587545
1 0.8089788732394366 0.47473560517038776 0.2517605633802817 0.0399529964747356
