0 0.3142605633802817 0.1692126909518214 0.13204225352112675 0.021151586368977675
0 0.5959507042253521 0.17038777908343125 0.2482394366197183 0.021151586368977675
0 0.8820422535211268 0.17038777908343125 0.2147887323943662 0.021151586368977675
0 0.7834507042253521 0.345475910693302 0.3380281690140845 0.01880141010575793
0 0.3890845070422535 0.34488836662749706 0.30985915492957744 0.0199764982373678
0 0.4084507042253521 0.5505287896592245 0.3485915492957746 0.0199764982373678
0 0.7922535211267606 0.5517038777908343 0.23943661971830985 0.022326674500587545
2 0.4859154929577465 0.5716803760282021 0.07746478873239436 0.01762632197414806
0 0.8688380281690141 0.754994124559342 0.17781690140845072 0.022326674500587545
0 0.31866197183098594 0.7567567567567568 0.25 0.021151586368977675
0 0.8327464788732394 0.9089306698002351 0.2007042253521127 0.022326674500587545
2 0.9022887323943662 0.9277320799059929 0.08626760563380281 0.01762632197414806
2 0.948943661971831 0.7737955346650999 0.08098591549295775 0.01762632197414806
2 0.6742957746478874 0.7749706227967098 0.08098591549295775 0.01762632197414806
2 0.3996478873239437 0.7749706227967098 0.08098591549295775 0.01762632197414806
0 0.5801056338028169 0.7573443008225617 0.22359154929577466 0.01762632197414806
1 0.31778169014084506 0.7649823736780259 0.25528169014084506 0.03525264394829612
1 0.590669014084507 0.7655699177438308 0.24471830985915494 0.03407755581668625
1 0.8415492957746479 0.917743830787309 0.2112676056338028 0.0399529964747356
1 0.8873239436619719 0.7626321974148061 0.2112676056338028 0.03760282021151586
2 0.8802816901408451 0.5716803760282021 0.07746478873239436 0.01762632197414806
2 0.4894366197183099 0.363689776733255 0.07746478873239436 0.01762632197414806
2 0.8697183098591549 0.36133960047003527 0.07746478873239436 0.01762632197414806
2 0.36795774647887325 0.1897767332549941 0.07746478873239436 0.01762632197414806
2 0.6980633802816901 0.1891891891891892 0.07570422535211267 0.01645123384253819
2 0.9612676056338029 0.18860164512338426 0.07746478873239436 0.01762632197414806
1 0.3274647887323944 0.1792009400705053 0.1619718309859155 0.043478260869565216
1 0.6029929577464789 0.1797884841363102 0.2658450704225352 0.04230317273795535
1 0.886443661971831 0.17861339600470036 0.22359154929577466 0.03760282021151586
1 0.3899647887323944 0.35311398354876616 0.31161971830985913 0.038777908343125736
1 0.7834507042253521 0.3537015276145711 0.3415492957746479 0.03760282021151586
1 0.40757042253521125 0.5611045828437132 0.34683098591549294 0.041128084606345476
1 0.795774647887324 0.5605170387779084 0.24647887323943662 0.04465334900117509
