0 0.25616197183098594 0.19388954171562867 0.12147887323943662 0.01880141010575793
0 0.8204225352112676 0.19506462984723855 0.3415492957746479 0.021151586368977675
0 0.6012323943661971 0.43537015276145713 0.20598591549295775 0.0199764982373678
0 0.858274647887324 0.41656874265569915 0.26936619718309857 0.024676850763807285
0 0.3248239436619718 0.43419506462984725 0.25528169014084506 0.0199764982373678
0 0.4295774647887324 0.6398354876615746 0.22535211267605634 0.02702702702702703
0 0.8054577464788732 0.6392479435957696 0.2482394366197183 0.021151586368977675
0 0.5994718309859155 0.8701527614571093 0.1742957746478873 0.0199764982373678
0 0.3274647887323944 0.8713278495887191 0.1795774647887324 0.022326674500587545
0 0.8714788732394366 0.8689776733254995 0.23591549295774647 0.024676850763807285
2 0.9419014084507042 0.8883666274970623 0.08098591549295775 0.01645123384253819
2 0.4119718309859155 0.8883666274970623 0.08098591549295775 0.01645123384253819
2 0.7059859154929577 0.8883666274970623 0.08098591549295775 0.01645123384253819
2 0.9119718309859155 0.6774383078730905 0.0880281690140845 0.01762632197414806
2 0.49735915492957744 0.6780258519388954 0.0897887323943662 0.01880141010575793
2 0.9225352112676056 0.45417156286721505 0.0880281690140845 0.01762632197414806
2 0.6971830985915493 0.45417156286721505 0.0880281690140845 0.01762632197414806
2 0.42077464788732394 0.45417156286721505 0.0880281690140845 0.01762632197414806
2 0.32922535211267606 0.21210340775558167 0.0880281690140845 0.01762632197414806
2 0.9295774647887324 0.21210340775558167 0.0880281690140845 0.01762632197414806
2 0.5950704225352113 0.21210340775558167 0.0880281690140845 0.01762632197414806
0 0.5352112676056338 0.19388954171562867 0.1936619718309859 0.01880141010575793
1 0.28433098591549294 0.20329024676850763 0.1813380281690141 0.0399529964747356
1 0.5360915492957746 0.2009400705052879 0.20950704225352113 0.03525264394829612
1 0.8204225352112676 0.2009400705052879 0.34507042253521125 0.03760282021151586
1 0.33186619718309857 0.44477085781433606 0.26936619718309857 0.038777908343125736
1 0.613556338028169 0.43478260869565216 0.24471830985915494 0.05875440658049354
1 0.8600352112676056 0.4336075205640423 0.2623239436619718 0.05875440658049354
1 0.42869718309859156 0.6609870740305523 0.2306338028169014 0.06227967097532315
1 0.8186619718309859 0.6580493537015276 0.2746478873239437 0.06345475910693302
1 0.3477112676056338 0.8678025851938895 0.22007042253521128 0.055229142185663924
1 0.6232394366197183 0.8666274970622797 0.22535211267605634 0.05992949471210341
1 0.8732394366197183 0.8760282021151586 0.23943661971830985 0.038777908343125736
0 0.5985915492957746 0.41480611045828436 0.18309859154929578 0.021151586368977675
0 0.8538732394366197 0.43478260869565216 0.17253521126760563 0.01880141010575793
0 0.43661971830985913 0.6592244418331374 0.15492957746478872 0.01880141010575793
0 0.8054577464788732 0.6592244418331374 0.2482394366197183 0.021151586368977675
0 0.3274647887323944 0.8501762632197415 0.1795774647887324 0.022326674500587545
0 0.5977112676056338 0.8466509988249119 0.1742957746478873 0.0199764982373678
