0 0.30985915492957744 0.19623971797884843 0.2323943661971831 0.01880141010575793
0 0.5466549295774648 0.19741480611045828 0.13204225352112675 0.01880141010575793
2 0.3996478873239437 0.2144535840188014 0.07746478873239436 0.01762632197414806
0 0.8204225352112676 0.19741480611045828 0.1936619718309859 0.01880141010575793
0 0.2755281690140845 0.3654524089306698 0.1637323943661972 0.01880141010575793
0 0.5501760563380281 0.36427732079905994 0.1637323943661972 0.01880141010575793
0 0.8327464788732394 0.36486486486486486 0.1443661971830986 0.022326674500587545
0 0.31338028169014087 0.5317273795534665 0.18309859154929578 0.022326674500587545
0 0.8204225352112676 0.5317273795534665 0.13028169014084506 0.0199764982373678
0 0.6056338028169014 0.5317273795534665 0.2323943661971831 0.0199764982373678
0 0.8274647887323944 0.700352526439483 0.14788732394366197 0.01880141010575793
0 0.579225352112676 0.699177438307873 0.18309859154929578 0.023501762632197415
0 0.2720070422535211 0.7021151586368978 0.11091549295774648 0.022326674500587545
2 0.397887323943662 0.699177438307873 0.07746478873239436 0.01645123384253819
0 0.5413732394366197 0.936545240893067 0.1637323943661972 0.021151586368977675
2 0.6725352112676056 0.19682726204465334 0.07746478873239436 0.01762632197414806
2 0.960387323943662 0.19682726204465334 0.07922535211267606 0.01762632197414806
2 0.40580985915492956 0.3836662749706228 0.07922535211267606 0.01762632197414806
2 0.9392605633802817 0.363689776733255 0.07922535211267606 0.01762632197414806
2 0.6839788732394366 0.36603995299647474 0.07922535211267606 0.01762632197414806
2 0.4375 0.5329024676850764 0.07922535211267606 0.01762632197414806
2 0.9410211267605634 0.5317273795534665 0.07922535211267606 0.01762632197414806
2 0.6804577464788732 0.5493537015276145 0.07922535211267606 0.01762632197414806
2 0.9419014084507042 0.700352526439483 0.07746478873239436 0.01645123384253819
2 0.7007042253521126 0.717978848413631 0.07746478873239436 0.01645123384253819
2 0.6734154929577465 0.9341950646298472 0.07922535211267606 0.01645123384253819
1 0.5862676056338029 0.9353701527614571 0.25704225352112675 0.023501762632197415
1 0.3274647887323944 0.700940070505288 0.22535211267605634 0.022326674500587545
1 0.6161971830985915 0.7074030552291422 0.25704225352112675 0.04465334900117509
1 0.8670774647887324 0.700352526439483 0.22711267605633803 0.01880141010575793
1 0.3512323943661972 0.5317273795534665 0.25880281690140844 0.022326674500587545
1 0.6047535211267606 0.5399529964747356 0.2306338028169014 0.038777908343125736
1 0.8705985915492958 0.5323149236192715 0.2306338028169014 0.021151586368977675
1 0.32130281690140844 0.37485311398354876 0.25528169014084506 0.04230317273795535
1 0.5959507042253521 0.36662749706227965 0.25528169014084506 0.023501762632197415
1 0.8705985915492958 0.363689776733255 0.22007042253521128 0.022326674500587545
1 0.31690140845070425 0.20740305522914218 0.2535211267605634 0.041128084606345476
1 0.5959507042253521 0.19623971797884843 0.2306338028169014 0.021151586368977675
1 0.8600352112676056 0.1956521739130435 0.27992957746478875 0.0199764982373678
