2 0.9630281690140845 0.15041128084606345 0.07394366197183098 0.01645123384253819
0 0.6012323943661971 0.15041128084606345 0.21654929577464788 0.021151586368977675
0 0.2878521126760563 0.1498237367802585 0.17781690140845072 0.022326674500587545
0 0.8318661971830986 0.15158636897767333 0.19190140845070422 0.023501762632197415
2 0.6610915492957746 0.33490011750881316 0.08274647887323944 0.01645123384253819
0 0.8653169014084507 0.3172737955346651 0.26936619718309857 0.021151586368977675
0 0.31954225352112675 0.31551116333725027 0.17781690140845072 0.022326674500587545
0 0.5977112676056338 0.31609870740305523 0.17781690140845072 0.021151586368977675
0 0.28433098591549294 0.4706227967097532 0.1742957746478873 0.022326674500587545
0 0.5977112676056338 0.47473560517038776 0.2130281690140845 0.021151586368977675
0 0.8538732394366197 0.47473560517038776 0.25 0.021151586368977675
0 0.8626760563380281 0.6269095182138661 0.20774647887323944 0.022326674500587545
0 0.6038732394366197 0.627497062279671 0.2535211267605634 0.021151586368977675
0 0.3107394366197183 0.6304347826086957 0.21654929577464788 0.0199764982373678
0 0.31690140845070425 0.781433607520564 0.22535211267605634 0.021151586368977675
0 0.579225352112676 0.782608695652174 0.20774647887323944 0.023501762632197415
0 0.8195422535211268 0.7831962397179788 0.1602112676056338 0.0199764982373678
0 0.3926056338028169 0.9171562867215041 0.27816901408450706 0.0199764982373678
0 0.7922535211267606 0.9171562867215041 0.22535211267605634 0.0199764982373678
2 0.8776408450704225 0.9341950646298472 0.07922535211267606 0.01645123384253819
2 0.6866197183098591 0.1692126909518214 0.07394366197183098 0.01645123384253819
2 0.41725352112676056 0.15041128084606345 0.07394366197183098 0.01645123384253819
2 0.9172535211267606 0.33490011750881316 0.08450704225352113 0.01645123384253819
2 0.3899647887323944 0.33607520564042304 0.08274647887323944 0.01645123384253819
2 0.6540492957746479 0.49236192714453586 0.08274647887323944 0.01645123384253819
2 0.9295774647887324 0.49236192714453586 0.08450704225352113 0.01645123384253819
2 0.414612676056338 0.4735605170387779 0.07922535211267606 0.01645123384253819
2 0.9383802816901409 0.782608695652174 0.08098591549295775 0.01645123384253819
2 0.4727112676056338 0.9353701527614571 0.07922535211267606 0.01645123384253819
2 0.4005281690140845 0.800235017626322 0.08274647887323944 0.01645123384253819
2 0.6857394366197183 0.800235017626322 0.07922535211267606 0.01645123384253819
2 0.39172535211267606 0.6498237367802585 0.08274647887323944 0.01645123384253819
2 0.9454225352112676 0.6474735605170387 0.08450704225352113 0.01645123384253819
2 0.6628521126760564 0.6462984723854289 0.08274647887323944 0.01645123384253819
1 0.39172535211267606 0.9253819036427732 0.2764084507042254 0.038777908343125736
1 0.8001760563380281 0.9247943595769683 0.24119718309859156 0.03525264394829612
1 0.3230633802816901 0.7896592244418331 0.24119718309859156 0.0399529964747356
1 0.6003521126760564 0.7896592244418331 0.25704225352112675 0.04230317273795535
1 0.8644366197183099 0.782608695652174 0.23943661971830985 0.021151586368977675
1 0.31778169014084506 0.6398354876615746 0.23415492957746478 0.041128084606345476
1 0.602112676056338 0.6345475910693302 0.25704225352112675 0.0399529964747356
1 0.8732394366197183 0.63572267920094 0.2323943661971831 0.0399529964747356
1 0.3274647887323944 0.46298472385428907 0.2605633802816901 0.0399529964747356
1 0.5977112676056338 0.48237367802585196 0.2130281690140845 0.038777908343125736
1 0.8529929577464789 0.48296122209165687 0.2482394366197183 0.03760282021151586
1 0.3230633802816901 0.31668625146886015 0.22711267605633803 0.05992949471210341
1 0.6065140845070423 0.318448883666275 0.198943661971831 0.05405405405405406
1 0.8653169014084507 0.32491186839012925 0.26936619718309857 0.038777908343125736
1 0.3274647887323944 0.1410105757931845 0.2605633802816901 0.0399529964747356
1 0.5994718309859155 0.1592244418331375 0.2482394366197183 0.038777908343125736
1 0.8679577464788732 0.14277320799059928 0.2640845070422535 0.043478260869565216
0 0.2869718309859155 0.12867215041128086 0.13028169014084506 0.01762632197414806
0 0.8345070422535211 0.1298472385428907 0.13028169014084506 0.01762632197414806
0 0.5959507042253521 0.2978848413631022 0.17077464788732394 0.01762632197414806
0 0.3230633802816901 0.29612220916568743 0.15669014084507044 0.01880141010575793
0 0.289612676056338 0.4518213866039953 0.13204225352112675 0.01762632197414806
