0 0.301056338028169 0.17215041128084607 0.2147887323943662 0.022326674500587545
2 0.9445422535211268 0.19153936545240893 0.07570422535211267 0.01645123384253819
0 0.8283450704225352 0.17215041128084607 0.1742957746478873 0.022326674500587545
0 0.5933098591549296 0.17215041128084607 0.22887323943661972 0.0199764982373678
0 0.31161971830985913 0.3401880141010576 0.22535211267605634 0.022326674500587545
0 0.852112676056338 0.3396004700352526 0.2640845070422535 0.01880141010575793
0 0.5466549295774648 0.3419506462984724 0.16725352112676056 0.01645123384253819
0 0.8714788732394366 0.5405405405405406 0.12323943661971831 0.01880141010575793
0 0.3380281690140845 0.5393654524089306 0.29225352112676056 0.021151586368977675
0 0.5809859154929577 0.7555816686251469 0.22887323943661972 0.01880141010575793
2 0.6786971830985915 0.7743830787309048 0.08274647887323944 0.01645123384253819
0 0.5695422535211268 0.8219741480611046 0.17077464788732394 0.036427732079905996
0 0.414612676056338 0.9195064629847238 0.10387323943661972 0.01527614571092832
0 0.727112676056338 0.9224441833137486 0.11267605633802817 0.021151586368977675
2 0.5695422535211268 0.8202115158636898 0.17077464788732394 0.03760282021151586
1 0.5748239436619719 0.8678025851938895 0.4278169014084507 0.13043478260869565
2 0.6470070422535211 0.5581668625146886 0.08274647887323944 0.01645123384253819
2 0.4110915492957746 0.5593419506462984 0.08274647887323944 0.01645123384253819
2 0.9463028169014085 0.5593419506462984 0.08274647887323944 0.01645123384253819
0 0.5977112676056338 0.5387779083431258 0.19190140845070422 0.022326674500587545
2 0.9586267605633803 0.3584018801410106 0.08274647887323944 0.01645123384253819
2 0.4005281690140845 0.3595769682726204 0.08274647887323944 0.01645123384253819
2 0.6716549295774648 0.3396004700352526 0.08274647887323944 0.01645123384253819
2 0.6910211267605634 0.19036427732079905 0.08274647887323944 0.01880141010575793
2 0.4216549295774648 0.19153936545240893 0.08274647887323944 0.01645123384253819
1 0.3283450704225352 0.1797884841363102 0.272887323943662 0.04230317273795535
1 0.6047535211267606 0.1809635722679201 0.25528169014084506 0.03760282021151586
1 0.8626760563380281 0.1809635722679201 0.24647887323943662 0.0399529964747356
1 0.31954225352112675 0.3484136310223267 0.24471830985915494 0.041128084606345476
1 0.5880281690140845 0.34136310223266747 0.2535211267605634 0.0199764982373678
1 0.8600352112676056 0.3484136310223267 0.27992957746478875 0.03407755581668625
1 0.8776408450704225 0.5393654524089306 0.21654929577464788 0.0564042303172738
1 0.3389084507042254 0.5487661574618097 0.2975352112676056 0.03760282021151586
1 0.6003521126760564 0.5487661574618097 0.2007042253521127 0.0399529964747356
1 0.5959507042253521 0.763219741480611 0.25880281690140844 0.03407755581668625
0 0.8679577464788732 0.5217391304347826 0.19718309859154928 0.01880141010575793
