0 0.24471830985915494 0.17332549941245592 0.07042253521126761 0.01762632197414806
0 0.5290492957746479 0.17215041128084607 0.2130281690140845 0.01527614571092832
0 0.875 0.17332549941245592 0.0528169014084507 0.01762632197414806
0 0.5915492957746479 0.29612220916568743 0.045774647887323945 0.01880141010575793
0 0.3001760563380282 0.3384253819036428 0.1813380281690141 0.023501762632197415
0 0.840669014084507 0.34136310223266747 0.14612676056338028 0.01762632197414806
0 0.5827464788732394 0.3407755581668625 0.14084507042253522 0.01645123384253819
0 0.3336267605633803 0.5323149236192715 0.23767605633802816 0.021151586368977675
0 0.9075704225352113 0.7138660399529965 0.061619718309859156 0.0199764982373678
0 0.3600352112676056 0.7156286721504113 0.2975352112676056 0.021151586368977675
0 0.6936619718309859 0.7156286721504113 0.2992957746478873 0.021151586368977675
2 0.909330985915493 0.7344300822561692 0.08274647887323944 0.01645123384253819
0 0.3609154929577465 0.9124559341950647 0.2992957746478873 0.0199764982373678
0 0.6945422535211268 0.9112808460634547 0.2975352112676056 0.01762632197414806
0 0.596830985915493 0.5329024676850764 0.24295774647887325 0.0199764982373678
2 0.38116197183098594 0.5511163337250293 0.08626760563380281 0.01880141010575793
2 0.6470070422535211 0.5511163337250293 0.08626760563380281 0.01880141010575793
2 0.9163732394366197 0.5522914218566393 0.08626760563380281 0.01880141010575793
0 0.8644366197183099 0.5323149236192715 0.23943661971830985 0.021151586368977675
2 0.7139084507042254 0.7344300822561692 0.08274647887323944 0.01645123384253819
2 0.386443661971831 0.7344300822561692 0.08274647887323944 0.01645123384253819
2 0.40757042253521125 0.9306698002350177 0.09683098591549295 0.01880141010575793
2 0.7420774647887324 0.9306698002350177 0.09683098591549295 0.01880141010575793
2 0.43661971830985913 0.3401880141010576 0.0880281690140845 0.01762632197414806
2 0.7024647887323944 0.3407755581668625 0.08098591549295775 0.01645123384253819
2 0.9577464788732394 0.3407755581668625 0.07746478873239436 0.01645123384253819
2 0.3257042253521127 0.172737955346651 0.07746478873239436 0.01645123384253819
2 0.6883802816901409 0.172737955346651 0.07746478873239436 0.01645123384253819
2 0.9524647887323944 0.172737955346651 0.07746478873239436 0.01645123384253819
1 0.5757042253521126 0.172737955346651 0.30633802816901406 0.01880141010575793
1 0.2878521126760563 0.17391304347826086 0.15669014084507044 0.01880141010575793
1 0.920774647887324 0.17332549941245592 0.1443661971830986 0.0199764982373678
1 0.6285211267605634 0.3407755581668625 0.2323943661971831 0.01645123384253819
1 0.8820422535211268 0.3407755581668625 0.2323943661971831 0.01880141010575793
1 0.9102112676056338 0.7220916568742656 0.08450704225352113 0.036427732079905996
1 0.3600352112676056 0.9218566392479436 0.2975352112676056 0.038777908343125736
1 0.6963028169014085 0.9218566392479436 0.2975352112676056 0.038777908343125736
1 0.3626760563380282 0.7244418331374853 0.3028169014084507 0.036427732079905996
1 0.6945422535211268 0.7262044653349001 0.3045774647887324 0.0399529964747356
1 0.33274647887323944 0.5423031727379554 0.24295774647887325 0.041128084606345476
1 0.5959507042253521 0.5428907168037603 0.24119718309859156 0.04230317273795535
1 0.8653169014084507 0.5434782608695652 0.24119718309859156 0.043478260869565216
1 0.34419014084507044 0.35135135135135137 0.272887323943662 0.04700352526439483
0 0.38116197183098594 0.36310223266745006 0.07570422535211267 0.021151586368977675
0 0.2913732394366197 0.5522914218566393 0.07570422535211267 0.021151586368977675
0 0.5572183098591549 0.5522914218566393 0.07570422535211267 0.021151586368977675
0 0.8248239436619719 0.5540540540540541 0.09330985915492958 0.0199764982373678
0 0.3019366197183099 0.7356051703877791 0.07922535211267606 0.01645123384253819
0 0.6329225352112676 0.736780258519389 0.07922535211267606 0.01645123384253819
0 0.30721830985915494 0.9330199764982373 0.07922535211267606 0.01645123384253819
0 0.6505281690140845 0.9330199764982373 0.0897887323943662 0.01880141010575793
0 0.2772887323943662 0.3619271445358402 0.12852112676056338 0.023501762632197415
