0 0.2159090909090909 0.3119858989424207 0.243006993006993 0.02937720329024677
2 0.5603146853146853 0.3119858989424207 0.1451048951048951 0.024676850763807285
0 0.23339160839160839 0.45299647473560517 0.270979020979021 0.02702702702702703
2 0.5603146853146853 0.4535840188014101 0.1451048951048951 0.025851938895417155
0 0.21416083916083917 0.5969447708578144 0.23251748251748253 0.03055229142185664
2 0.5603146853146853 0.5957696827262045 0.1451048951048951 0.025851938895417155
0 0.25 0.736780258519389 0.3041958041958042 0.025851938895417155
2 0.5603146853146853 0.7385428907168038 0.1451048951048951 0.02702702702702703
0 0.28583916083916083 0.8801410105757932 0.3758741258741259 0.0282021151586369
2 0.5603146853146853 0.8783783783783784 0.1451048951048951 0.02702702702702703
1 0.36276223776223776 0.3119858989424207 0.5402097902097902 0.03172737955346651
1 0.36451048951048953 0.5951821386603995 0.5402097902097902 0.03172737955346651
1 0.36451048951048953 0.45652173913043476 0.5402097902097902 0.03172737955346651
1 0.36451048951048953 0.736192714453584 0.5402097902097902 0.03172737955346651
1 0.36451048951048953 0.881903642773208 0.5402097902097902 0.03172737955346651
