0 0.09443631039531479 0.256103515625 0.11859443631039532 0.02783203125
2 0.44838945827232796 0.256103515625 0.15739385065885797 0.01904296875
2 0.4432650073206442 0.28076171875 0.16617862371888725 0.0185546875
0 0.08821376281112737 0.3056640625 0.10322108345534407 0.025390625
2 0.4952415812591508 0.306396484375 0.0636896046852123 0.02001953125
0 0.12920937042459738 0.33251953125 0.18667642752562225 0.0234375
2 0.4952415812591508 0.330810546875 0.0636896046852123 0.02001953125
0 0.5098828696925329 0.500244140625 0.11932650073206442 0.02685546875
2 0.8612737920937042 0.500244140625 0.15885797950219618 0.02001953125
2 0.8572474377745242 0.525146484375 0.16691068814055637 0.02001953125
0 0.5018301610541728 0.549072265625 0.10322108345534407 0.02587890625
2 0.9150805270863837 0.55029296875 0.05124450951683748 0.0185546875
0 0.5292825768667643 0.57568359375 0.1581259150805271 0.029296875
2 0.9150805270863837 0.5751953125 0.05124450951683748 0.0185546875
0 0.5450219619326501 0.601318359375 0.18667642752562225 0.02490234375
2 0.9092240117130308 0.599853515625 0.0629575402635432 0.01904296875
0 0.48938506588579794 0.625244140625 0.07540263543191801 0.02001953125
2 0.9150805270863837 0.62451171875 0.05124450951683748 0.0185546875
0 0.54099560761347 0.6513671875 0.17862371888726208 0.0224609375
2 0.9099560761346999 0.6494140625 0.06149341142020498 0.0185546875
0 0.4882869692532943 0.6728515625 0.07320644216691069 0.021484375
2 0.9092240117130308 0.674072265625 0.0629575402635432 0.01904296875
0 0.17789165446559296 0.792236328125 0.2840409956076135 0.02392578125
2 0.5519765739385066 0.7939453125 0.05124450951683748 0.0185546875
0 0.18740849194729137 0.8193359375 0.30307467057101023 0.0283203125
2 0.5519765739385066 0.818603515625 0.05124450951683748 0.01904296875
0 0.19619326500732065 0.84521484375 0.3206442166910688 0.0224609375
2 0.5461200585651538 0.84326171875 0.0629575402635432 0.0185546875
2 0.5519765739385066 0.868896484375 0.05124450951683748 0.02001953125
2 0.5519765739385066 0.892822265625 0.05124450951683748 0.01904296875
0 0.16068814055636896 0.91796875 0.24963396778916544 0.025390625
2 0.5519765739385066 0.918212890625 0.05124450951683748 0.02001953125
1 0.28038067349926793 0.266845703125 0.49194729136163984 0.04931640625
1 0.2800146412884334 0.30419921875 0.49267935578330896 0.0244140625
1 0.2836749633967789 0.3310546875 0.49267935578330896 0.0244140625
1 0.6954612005856515 0.5107421875 0.48755490483162517 0.048828125
1 0.695095168374817 0.54833984375 0.49267935578330896 0.0224609375
1 0.6972913616398243 0.600830078125 0.49414348462664714 0.02392578125
1 0.695095168374817 0.573974609375 0.49414348462664714 0.02685546875
1 0.6972913616398243 0.625244140625 0.49414348462664714 0.02392578125
1 0.6976573938506588 0.64892578125 0.4904831625183016 0.0224609375
1 0.6980234260614934 0.673583984375 0.49414348462664714 0.02392578125
1 0.3056368960468521 0.791748046875 0.5439238653001464 0.02392578125
1 0.3071010248901903 0.845458984375 0.5439238653001464 0.02392578125
1 0.3052708638360176 0.8193359375 0.5431918008784773 0.0283203125
1 0.30600292825768666 0.9169921875 0.5446559297218155 0.0244140625
0 0.33821376281112736 0.87060546875 0.20497803806734993 0.0244140625
0 0.2957540263543192 0.892578125 0.12884333821376281 0.0205078125
0 0.1233528550512445 0.869140625 0.17935578330893118 0.0224609375
1 0.4062957540263543 0.869873046875 0.3411420204978038 0.02294921875
1 0.40519765739385066 0.8935546875 0.34773060029282576 0.021484375
1 0.30636896046852125 0.881103515625 0.5483162518301611 0.04736328125
