0 0.11383601756954612 0.283203125 0.11493411420204978 0.0234375
2 0.4718155197657394 0.283447265625 0.0636896046852123 0.01904296875
0 0.11420204978038068 0.307861328125 0.1171303074670571 0.02783203125
2 0.42496339677891654 0.30810546875 0.15739385065885797 0.0185546875
2 0.42020497803806733 0.333740234375 0.16691068814055637 0.02001953125
0 0.13469985358711567 0.357666015625 0.1581259150805271 0.02587890625
2 0.47767203513909223 0.3583984375 0.05197657393850659 0.017578125
0 0.10724743777452415 0.382568359375 0.10322108345534407 0.02587890625
2 0.47767203513909223 0.383056640625 0.05197657393850659 0.01708984375
0 0.09407027818448023 0.408935546875 0.07686676427525622 0.02001953125
2 0.47767203513909223 0.408447265625 0.05197657393850659 0.01904296875
0 0.07723279648609077 0.43359375 0.04172767203513909 0.0185546875
2 0.47767203513909223 0.43310546875 0.05197657393850659 0.0185546875
0 0.11456808199121522 0.456787109375 0.11786237188872621 0.02783203125
2 0.47767203513909223 0.4580078125 0.05197657393850659 0.0185546875
0 0.14568081991215226 0.4814453125 0.1800878477306003 0.0224609375
2 0.47767203513909223 0.482666015625 0.05197657393850659 0.01904296875
0 0.5135431918008785 0.6142578125 0.10322108345534407 0.025390625
2 0.9293557833089312 0.6142578125 0.053440702781844804 0.0185546875
0 0.5197657393850659 0.639404296875 0.1171303074670571 0.02685546875
2 0.8766471449487555 0.639404296875 0.15885797950219618 0.02001953125
2 0.87298682284041 0.664306640625 0.16617862371888725 0.02001953125
0 0.5534407027818448 0.689208984375 0.17862371888726208 0.02294921875
2 0.9256954612005857 0.689208984375 0.06076134699853587 0.02001953125
0 0.09626647144948755 0.871337890625 0.07686676427525622 0.02001953125
2 0.38799414348462663 0.87060546875 0.05124450951683748 0.0185546875
0 0.10395314787701318 0.896240234375 0.09224011713030747 0.02001953125
2 0.38799414348462663 0.896240234375 0.05124450951683748 0.02001953125
0 0.14897510980966325 0.920654296875 0.1822840409956076 0.02001953125
2 0.386896046852123 0.920654296875 0.04904831625183016 0.02001953125
1 0.23535871156661786 0.871337890625 0.3579795021961933 0.02099609375
1 0.23535871156661786 0.895751953125 0.3579795021961933 0.02099609375
1 0.23462664714494877 0.919677734375 0.3579795021961933 0.02099609375
1 0.7104685212298683 0.614501953125 0.4970717423133236 0.02685546875
1 0.7097364568081991 0.64990234375 0.4970717423133236 0.0458984375
1 0.7097364568081991 0.68896484375 0.49414348462664714 0.0234375
1 0.27891654465592974 0.48095703125 0.4480234260614934 0.0224609375
1 0.2792825768667643 0.456787109375 0.44875549048316254 0.02685546875
1 0.2800146412884334 0.408935546875 0.44875549048316254 0.02099609375
1 0.2796486090775988 0.433349609375 0.4494875549048316 0.02197265625
1 0.2800146412884334 0.3828125 0.44875549048316254 0.0244140625
1 0.27855051244509516 0.35791015625 0.44875549048316254 0.0244140625
1 0.28074670571010246 0.283203125 0.44875549048316254 0.0244140625
1 0.28038067349926793 0.3193359375 0.4480234260614934 0.0498046875
