0 0.10468521229868229 0.26904296875 0.1171303074670571 0.02734375
2 0.42496339677891654 0.269775390625 0.15739385065885797 0.02001953125
2 0.4198389458272328 0.294677734375 0.16617862371888725 0.02001953125
0 0.12408491947291361 0.318603515625 0.15592972181551976 0.02490234375
2 0.47767203513909223 0.31982421875 0.05197657393850659 0.0185546875
0 0.09773060029282576 0.3427734375 0.10029282576866765 0.0224609375
2 0.47767203513909223 0.3447265625 0.05197657393850659 0.0185546875
0 0.1398243045387994 0.371337890625 0.18448023426061494 0.02294921875
2 0.4718155197657394 0.369384765625 0.0636896046852123 0.01904296875
0 0.07247437774524158 0.3955078125 0.04978038067349927 0.021484375
2 0.42496339677891654 0.39599609375 0.15739385065885797 0.0224609375
0 0.13616398243045388 0.4208984375 0.1800878477306003 0.0224609375
2 0.4740117130307467 0.4189453125 0.05929721815519766 0.0185546875
0 0.5647877013177159 0.582275390625 0.15592972181551976 0.02001953125
2 0.9070278184480234 0.5830078125 0.05124450951683748 0.0185546875
0 0.6094436310395315 0.63232421875 0.24084919472913616 0.021484375
2 0.9070278184480234 0.63232421875 0.05124450951683748 0.0185546875
0 0.6497071742313324 0.658447265625 0.04758418740849195 0.02099609375
2 0.9011713030746705 0.658447265625 0.0629575402635432 0.01904296875
0 0.677891654465593 0.681396484375 0.10834553440702782 0.02001953125
2 0.9011713030746705 0.682373046875 0.0629575402635432 0.02001953125
2 0.20461200585651537 0.842529296875 0.2144948755490483 0.11083984375
0 0.4816983894582723 0.83154296875 0.1259150805270864 0.029296875
0 0.5080527086383602 0.873291015625 0.1800878477306003 0.02880859375
0 0.5420937042459737 0.656494140625 0.11346998535871157 0.02490234375
1 0.7800146412884333 0.659912109375 0.3052708638360176 0.02197265625
1 0.7807467057101025 0.68212890625 0.3096632503660322 0.0224609375
1 0.7126647144948756 0.63232421875 0.44875549048316254 0.0244140625
1 0.7093704245973645 0.58349609375 0.4480234260614934 0.0205078125
1 0.2759882869692533 0.2802734375 0.45973645680819913 0.048828125
1 0.2759882869692533 0.31884765625 0.45973645680819913 0.0224609375
1 0.2774524158125915 0.3427734375 0.4582723279648609 0.0263671875
1 0.2752562225475842 0.36865234375 0.4568081991215227 0.0244140625
1 0.27415812591508054 0.39599609375 0.4560761346998536 0.0224609375
1 0.27635431918008785 0.420166015625 0.45900439238653 0.02197265625
1 0.3484626647144949 0.843017578125 0.5036603221083455 0.11181640625
1 0.712298682284041 0.668701171875 0.4480234260614934 0.05126953125
