0 0.12701317715959004 0.276611328125 0.11932650073206442 0.02783203125
2 0.3810395314787701 0.27685546875 0.15885797950219618 0.0185546875
2 0.37701317715959004 0.3017578125 0.16691068814055637 0.0185546875
0 0.14677891654465594 0.325927734375 0.15885797950219618 0.02685546875
2 0.4337481698389458 0.326416015625 0.053440702781844804 0.01904296875
0 0.11969253294289897 0.349853515625 0.10029282576866765 0.02099609375
2 0.43484626647144947 0.35107421875 0.05124450951683748 0.0185546875
0 0.10688140556368961 0.376953125 0.0746705710102489 0.0205078125
2 0.43484626647144947 0.3759765625 0.05124450951683748 0.0185546875
0 0.16142020497803808 0.402587890625 0.18374816983894582 0.02294921875
2 0.4289897510980966 0.400634765625 0.0629575402635432 0.01904296875
0 0.15849194729136165 0.427734375 0.17935578330893118 0.0244140625
2 0.42972181551976574 0.426025390625 0.06149341142020498 0.02001953125
0 0.5560029282576867 0.602294921875 0.0636896046852123 0.02490234375
2 0.8905563689604685 0.60302734375 0.15446559297218154 0.0224609375
0 0.6017569546120058 0.62890625 0.1581259150805271 0.025390625
2 0.9374084919472914 0.627197265625 0.06076134699853587 0.01904296875
0 0.6171303074670571 0.65380859375 0.18594436310395315 0.0224609375
2 0.9363103953147877 0.65185546875 0.0629575402635432 0.0185546875
0 0.6138360175695461 0.678955078125 0.1808199121522694 0.02392578125
2 0.9363103953147877 0.6767578125 0.0629575402635432 0.0185546875
2 0.4407027818448023 0.855712890625 0.15666178623718888 0.02294921875
0 0.06478770131771595 0.855712890625 0.04904831625183016 0.02001953125
0 0.1321376281112738 0.88037109375 0.18374816983894582 0.0224609375
2 0.48755490483162517 0.879150390625 0.0629575402635432 0.02001953125
0 0.1321376281112738 0.90625 0.18667642752562225 0.02734375
2 0.4882869692532943 0.904052734375 0.06149341142020498 0.02001953125
1 0.2642752562225476 0.28857421875 0.3923865300146413 0.048828125
1 0.2657393850658858 0.34912109375 0.3923865300146413 0.0244140625
1 0.2642752562225476 0.324951171875 0.3938506588579795 0.02197265625
1 0.26464128843338214 0.379150390625 0.3931185944363104 0.02294921875
1 0.2635431918008785 0.403076171875 0.3938506588579795 0.02490234375
1 0.26281112737920936 0.426513671875 0.3938506588579795 0.02490234375
1 0.746705710102489 0.603515625 0.445095168374817 0.02734375
1 0.7474377745241582 0.6298828125 0.445095168374817 0.02734375
1 0.746705710102489 0.654296875 0.445095168374817 0.02734375
1 0.746705710102489 0.67626953125 0.445095168374817 0.02734375
1 0.2767203513909224 0.853271484375 0.48462664714494874 0.02685546875
1 0.28111273792093705 0.880126953125 0.48462664714494874 0.02685546875
1 0.2796486090775988 0.904541015625 0.48462664714494874 0.02685546875
