0 0.290929203539823 0.2578125 0.3185840707964602 0.021875
2 0.8418141592920354 0.256640625 0.05309734513274336 0.01484375
0 0.28650442477876104 0.308203125 0.3008849557522124 0.02421875
2 0.838495575221239 0.30859375 0.05088495575221239 0.015625
0 0.24004424778761063 0.36328125 0.21902654867256638 0.0296875
2 0.8396017699115044 0.360546875 0.05309734513274336 0.01484375
0 0.22787610619469026 0.416796875 0.18805309734513273 0.02421875
2 0.8418141592920354 0.412890625 0.05309734513274336 0.01484375
0 0.230641592920354 0.46796875 0.20243362831858408 0.0265625
2 0.8390486725663717 0.465234375 0.05420353982300885 0.01640625
0 0.3180309734513274 0.52265625 0.36836283185840707 0.0265625
2 0.8335176991150443 0.518359375 0.06526548672566372 0.01796875
0 0.30807522123893805 0.573046875 0.3396017699115044 0.02734375
2 0.8346238938053098 0.5703125 0.06747787610619468 0.0171875
0 0.3235619469026549 0.6265625 0.372787610619469 0.0265625
2 0.8351769911504425 0.622265625 0.06637168141592921 0.01484375
0 0.34623893805309736 0.676953125 0.40707964601769914 0.02890625
2 0.8423672566371682 0.674609375 0.05420353982300885 0.01796875
0 0.3545353982300885 0.728515625 0.4192477876106195 0.02734375
2 0.8418141592920354 0.726953125 0.05309734513274336 0.01640625
0 0.25829646017699115 0.780859375 0.2179203539823009 0.02578125
2 0.8379424778761062 0.778515625 0.051991150442477874 0.01484375
0 0.3788716814159292 0.832421875 0.4502212389380531 0.02421875
2 0.8362831858407079 0.831640625 0.05309734513274336 0.01640625
1 0.49944690265486724 0.257421875 0.7378318584070797 0.02109375
1 0.5038716814159292 0.415625 0.7356194690265486 0.0234375
1 0.5 0.358984375 0.7389380530973452 0.02890625
1 0.5055309734513275 0.307421875 0.7389380530973452 0.02578125
1 0.5027654867256637 0.4671875 0.7444690265486725 0.0265625
1 0.5011061946902655 0.523046875 0.7300884955752213 0.02421875
1 0.5038716814159292 0.573046875 0.7311946902654868 0.02890625
1 0.5033185840707964 0.625390625 0.7345132743362832 0.02890625
1 0.5049778761061947 0.6765625 0.7311946902654868 0.0328125
1 0.5077433628318584 0.72890625 0.7278761061946902 0.028125
1 0.5088495575221239 0.78203125 0.7190265486725663 0.028125
1 0.5116150442477876 0.832421875 0.7179203539823009 0.02890625
