0 0.2870575221238938 0.2578125 0.2555309734513274 0.0296875
2 0.8362831858407079 0.256640625 0.05309734513274336 0.01484375
0 0.24834070796460178 0.31015625 0.16482300884955753 0.028125
2 0.8390486725663717 0.308984375 0.05420353982300885 0.01640625
0 0.26991150442477874 0.36484375 0.2234513274336283 0.0234375
2 0.8418141592920354 0.360546875 0.05309734513274336 0.01484375
0 0.2721238938053097 0.420703125 0.21238938053097345 0.03046875
2 0.8451327433628318 0.412890625 0.05309734513274336 0.01484375
0 0.25442477876106195 0.468359375 0.17035398230088494 0.02265625
2 0.8418141592920354 0.46484375 0.05309734513274336 0.015625
0 0.3573008849557522 0.519921875 0.39823008849557523 0.03046875
2 0.8379424778761062 0.517578125 0.06305309734513274 0.01640625
0 0.24280973451327434 0.660546875 0.18030973451327434 0.02578125
2 0.8368362831858407 0.655078125 0.05420353982300885 0.01484375
0 0.3174778761061947 0.710546875 0.33185840707964603 0.02734375
2 0.8396017699115044 0.70703125 0.05309734513274336 0.015625
0 0.30420353982300885 0.7609375 0.3053097345132743 0.028125
2 0.8418141592920354 0.758984375 0.05309734513274336 0.01484375
2 0.8407079646017699 0.812109375 0.05088495575221239 0.01640625
0 0.29922566371681414 0.815625 0.29535398230088494 0.021875
1 0.5127212389380531 0.256640625 0.702433628318584 0.02734375
1 0.5160398230088495 0.3125 0.702433628318584 0.028125
1 0.5143805309734514 0.365625 0.7123893805309734 0.0234375
1 0.5165929203539823 0.419140625 0.7035398230088495 0.02890625
1 0.5176991150442478 0.467578125 0.7035398230088495 0.02421875
1 0.5138274336283186 0.519921875 0.709070796460177 0.03046875
1 0.5077433628318584 0.658984375 0.7123893805309734 0.02578125
1 0.5121681415929203 0.8140625 0.7168141592920354 0.028125
1 0.5077433628318584 0.709765625 0.7123893805309734 0.03046875
1 0.5088495575221239 0.759765625 0.7168141592920354 0.02890625
