0 0.28373893805309736 0.259765625 0.2643805309734513 0.02734375
2 0.8346238938053098 0.2578125 0.06747787610619468 0.0171875
0 0.29701327433628316 0.310546875 0.27986725663716816 0.02890625
2 0.8390486725663717 0.309765625 0.05420353982300885 0.01796875
0 0.2560840707964602 0.451953125 0.22234513274336284 0.02890625
2 0.8390486725663717 0.444921875 0.05420353982300885 0.01640625
0 0.2853982300884956 0.501171875 0.27876106194690264 0.02578125
2 0.8351769911504425 0.49609375 0.061946902654867256 0.015625
0 0.23672566371681417 0.5515625 0.1836283185840708 0.021875
2 0.834070796460177 0.548046875 0.05309734513274336 0.01484375
0 0.2588495575221239 0.693359375 0.21902654867256638 0.02421875
2 0.8396017699115044 0.69140625 0.05309734513274336 0.015625
0 0.2560840707964602 0.74765625 0.22898230088495575 0.0265625
2 0.8324115044247787 0.743359375 0.06305309734513274 0.01484375
0 0.28263274336283184 0.8 0.27986725663716816 0.028125
2 0.8401548672566371 0.796484375 0.05641592920353982 0.01640625
0 0.27101769911504425 0.853515625 0.24778761061946902 0.02734375
2 0.8418141592920354 0.84765625 0.05309734513274336 0.015625
1 0.5077433628318584 0.694140625 0.7168141592920354 0.02421875
1 0.5027654867256637 0.74765625 0.7223451327433629 0.0265625
1 0.5071902654867256 0.7984375 0.7267699115044248 0.03125
1 0.5066371681415929 0.853125 0.7256637168141593 0.03125
1 0.5066371681415929 0.45 0.7212389380530974 0.0265625
1 0.5060840707964602 0.50078125 0.7245575221238938 0.025
1 0.5022123893805309 0.5484375 0.7168141592920354 0.025
1 0.5116150442477876 0.258984375 0.7179203539823009 0.02578125
1 0.5138274336283186 0.308984375 0.706858407079646 0.02578125
