0 0.3806629834254144 0.258203125 0.4740331491712707 0.02890625
2 0.8342541436464088 0.256640625 0.06629834254143646 0.01484375
0 0.3364640883977901 0.309375 0.3856353591160221 0.028125
2 0.8348066298342541 0.308984375 0.06740331491712707 0.01640625
0 0.3116022099447514 0.362890625 0.33591160220994476 0.02734375
2 0.8303867403314917 0.361328125 0.06519337016574586 0.01640625
0 0.35911602209944754 0.415625 0.430939226519337 0.028125
2 0.8314917127071824 0.413671875 0.06740331491712707 0.01640625
0 0.23535911602209944 0.467578125 0.17900552486187846 0.02578125
2 0.8314917127071824 0.465234375 0.06740331491712707 0.01640625
0 0.30441988950276244 0.519921875 0.3281767955801105 0.02578125
2 0.8314917127071824 0.518359375 0.06740331491712707 0.01796875
0 0.3298342541436464 0.57265625 0.37458563535911604 0.028125
2 0.8359116022099448 0.5703125 0.06519337016574586 0.0171875
0 0.292817679558011 0.62421875 0.2983425414364641 0.021875
2 0.8303867403314917 0.622265625 0.06519337016574586 0.01796875
0 0.2740331491712707 0.67890625 0.2541436464088398 0.0234375
2 0.8325966850828729 0.674609375 0.06519337016574586 0.01484375
0 0.2972375690607735 0.7234375 0.2850828729281768 0.0140625
2 0.8303867403314917 0.7265625 0.06519337016574586 0.0171875
0 0.32265193370165746 0.777734375 0.33591160220994476 0.02265625
2 0.8337016574585635 0.77890625 0.06740331491712707 0.01875
1 0.5121546961325967 0.779296875 0.7149171270718232 0.02421875
1 0.5132596685082873 0.727734375 0.7104972375690608 0.02890625
1 0.5082872928176796 0.676953125 0.7204419889502762 0.02265625
1 0.5060773480662983 0.6234375 0.7248618784530386 0.0234375
1 0.505524861878453 0.571484375 0.7237569060773481 0.02578125
1 0.505524861878453 0.518359375 0.7237569060773481 0.02734375
1 0.505524861878453 0.466796875 0.7193370165745856 0.02421875
1 0.5060773480662983 0.415625 0.7248618784530386 0.0265625
1 0.5049723756906077 0.362109375 0.7204419889502762 0.03046875
1 0.5082872928176796 0.309375 0.7204419889502762 0.0265625
1 0.5049723756906077 0.258203125 0.7226519337016575 0.02890625
