2 0.19723756906077347 0.290625 0.16685082872928178 0.025
0 0.23314917127071824 0.31484375 0.23646408839779007 0.0203125
0 0.23259668508287293 0.37109375 0.23093922651933702 0.0296875
0 0.26850828729281767 0.420703125 0.30497237569060776 0.02265625
0 0.31933701657458563 0.54765625 0.4088397790055249 0.021875
0 0.2110497237569061 0.573046875 0.19226519337016573 0.02578125
0 0.23646408839779007 0.625 0.23867403314917127 0.0234375
0 0.22099447513812154 0.678515625 0.2165745856353591 0.02578125
2 0.6143646408839779 0.547265625 0.17900552486187846 0.02265625
1 0.26574585635359116 0.35390625 0.3237569060773481 0.1625
1 0.40276243093922653 0.608203125 0.6044198895027625 0.16796875
