0 0.22707182320441988 0.258203125 0.16464088397790055 0.02421875
2 0.8370165745856354 0.256640625 0.051933701657458566 0.01484375
0 0.2574585635359116 0.309375 0.2276243093922652 0.0265625
2 0.8303867403314917 0.309765625 0.06519337016574586 0.01796875
0 0.27900552486187846 0.443359375 0.2640883977900553 0.02421875
2 0.8160220994475138 0.4421875 0.10276243093922652 0.01875
2 0.5828729281767956 0.442578125 0.12265193370165746 0.01796875
0 0.3370165745856354 0.49765625 0.3712707182320442 0.0265625
2 0.8348066298342541 0.494921875 0.06740331491712707 0.01796875
0 0.2447513812154696 0.548046875 0.20662983425414364 0.02578125
2 0.8337016574585635 0.546875 0.06740331491712707 0.0171875
0 0.26850828729281767 0.599609375 0.26298342541436465 0.02421875
2 0.8359116022099448 0.598828125 0.06961325966850829 0.01796875
0 0.22209944751381216 0.741015625 0.1856353591160221 0.02578125
0 0.24530386740331492 0.793359375 0.22983425414364642 0.02578125
1 0.5082872928176796 0.442578125 0.7248618784530386 0.02421875
1 0.5099447513812154 0.49609375 0.7193370165745856 0.0265625
1 0.5033149171270718 0.54921875 0.7259668508287292 0.028125
1 0.5077348066298343 0.5984375 0.7348066298342542 0.028125
1 0.5066298342541437 0.258203125 0.7237569060773481 0.02890625
1 0.5027624309392266 0.308984375 0.7248618784530386 0.02734375
