0 0.18141592920353983 0.28177083333333336 0.25073746312684364 0.017708333333333333
2 0.49262536873156343 0.28125 0.06489675516224189 0.014583333333333334
0 0.5877581120943953 0.284375 0.08702064896755163 0.016666666666666666
2 0.918141592920354 0.2838541666666667 0.06342182890855458 0.015625
0 0.18289085545722714 0.303125 0.25073746312684364 0.014583333333333334
2 0.49336283185840707 0.3026041666666667 0.06342182890855458 0.013541666666666667
2 0.918141592920354 0.3046875 0.06342182890855458 0.015625
0 0.5848082595870207 0.3067708333333333 0.08112094395280237 0.015625
0 0.20575221238938052 0.32447916666666665 0.3023598820058997 0.021875
2 0.4948377581120944 0.32760416666666664 0.06932153392330384 0.023958333333333335
2 0.918141592920354 0.32708333333333334 0.06342182890855458 0.014583333333333334
0 0.23967551622418878 0.346875 0.37315634218289084 0.016666666666666666
2 0.4963126843657817 0.3458333333333333 0.06932153392330384 0.01875
2 0.918141592920354 0.34791666666666665 0.06342182890855458 0.014583333333333334
0 0.612094395280236 0.37083333333333335 0.13569321533923304 0.016666666666666666
2 0.918141592920354 0.3692708333333333 0.06342182890855458 0.013541666666666667
2 0.918141592920354 0.390625 0.06342182890855458 0.014583333333333334
0 0.21386430678466076 0.3932291666666667 0.3185840707964602 0.017708333333333333
2 0.4948377581120944 0.39010416666666664 0.06342182890855458 0.019791666666666666
2 0.5 0.4140625 0.07374631268436578 0.021875
2 0.918141592920354 0.4119791666666667 0.06342182890855458 0.013541666666666667
0 0.1430678466076696 0.41510416666666666 0.17699115044247787 0.015625
0 0.1541297935103245 0.4354166666666667 0.19911504424778761 0.014583333333333334
2 0.497787610619469 0.4348958333333333 0.06637168141592921 0.015625
0 0.1747787610619469 0.4583333333333333 0.24041297935103245 0.020833333333333332
0 0.15191740412979352 0.478125 0.19469026548672566 0.014583333333333334
2 0.497787610619469 0.478125 0.06637168141592921 0.014583333333333334
2 0.918141592920354 0.47760416666666666 0.06342182890855458 0.013541666666666667
2 0.4963126843657817 0.49947916666666664 0.06637168141592921 0.015625
2 0.918141592920354 0.4984375 0.06342182890855458 0.013541666666666667
0 0.10766961651917405 0.5005208333333333 0.10619469026548672 0.015625
2 0.918141592920354 0.5197916666666667 0.06342182890855458 0.014583333333333334
0 0.5766961651917404 0.5213541666666667 0.06784660766961652 0.015625
2 0.918141592920354 0.540625 0.06342182890855458 0.014583333333333334
0 0.21460176991150443 0.5442708333333334 0.32595870206489674 0.019791666666666666
0 0.6902654867256637 0.5427083333333333 0.29793510324483774 0.016666666666666666
2 0.4896755162241888 0.5453125 0.061946902654867256 0.013541666666666667
0 0.2558997050147493 0.565625 0.4056047197640118 0.020833333333333332
0 0.22787610619469026 0.5885416666666666 0.3495575221238938 0.016666666666666666
2 0.4896755162241888 0.5880208333333333 0.061946902654867256 0.015625
2 0.918141592920354 0.59375 0.06342182890855458 0.014583333333333334
0 0.5796460176991151 0.5942708333333333 0.08259587020648967 0.015625
2 0.4941002949852507 0.6317708333333333 0.07374631268436578 0.023958333333333335
2 0.918141592920354 0.6307291666666667 0.06342182890855458 0.013541666666666667
0 0.1172566371681416 0.6369791666666667 0.12831858407079647 0.015625
0 0.5929203539823009 0.6307291666666667 0.10914454277286136 0.013541666666666667
2 0.49041297935103245 0.6697916666666667 0.06342182890855458 0.020833333333333332
2 0.918141592920354 0.6671875 0.06342182890855458 0.015625
0 0.12020648967551623 0.6739583333333333 0.13421828908554573 0.016666666666666666
0 0.5943952802359882 0.6661458333333333 0.09734513274336283 0.019791666666666666
2 0.49041297935103245 0.7052083333333333 0.07817109144542773 0.014583333333333334
2 0.918141592920354 0.7026041666666667 0.06342182890855458 0.013541666666666667
0 0.12094395280235988 0.7098958333333333 0.1415929203539823 0.017708333333333333
0 0.6305309734513275 0.7026041666666667 0.17846607669616518 0.015625
2 0.4918879056047198 0.7375 0.08997050147492626 0.020833333333333332
2 0.918141592920354 0.7369791666666666 0.06342182890855458 0.013541666666666667
0 0.12463126843657817 0.7416666666666667 0.1430678466076696 0.016666666666666666
0 0.5966076696165191 0.7364583333333333 0.11651917404129794 0.01875
2 0.918141592920354 0.7734375 0.06342182890855458 0.013541666666666667
0 0.616519174041298 0.7744791666666667 0.15339233038348082 0.013541666666666667
0 0.11283185840707964 0.8052083333333333 0.11946902654867257 0.016666666666666666
2 0.4896755162241888 0.8046875 0.061946902654867256 0.015625
0 0.6061946902654868 0.8072916666666666 0.13569321533923304 0.014583333333333334
2 0.918141592920354 0.8072916666666666 0.06342182890855458 0.014583333333333334
0 0.13053097345132744 0.8421875 0.15191740412979352 0.013541666666666667
2 0.4918879056047198 0.8427083333333333 0.07227138643067847 0.016666666666666666
2 0.918141592920354 0.8421875 0.06342182890855458 0.015625
0 0.5929203539823009 0.8427083333333333 0.11504424778761062 0.01875
0 0.09070796460176991 0.875 0.0752212389380531 0.016666666666666666
2 0.4882005899705015 0.8765625 0.06489675516224189 0.013541666666666667
0 0.10324483775811209 0.9109375 0.09734513274336283 0.015625
2 0.4882005899705015 0.9098958333333333 0.06489675516224189 0.013541666666666667
2 0.5007374631268436 0.4578125 0.07227138643067847 0.013541666666666667
2 0.4896755162241888 0.5661458333333333 0.05604719764011799 0.015625
0 0.5936578171091446 0.4109375 0.11061946902654868 0.023958333333333335
0 0.5870206489675516 0.3463541666666667 0.0943952802359882 0.021875
0 0.6312684365781711 0.32760416666666664 0.17699115044247787 0.021875
0 0.5966076696165191 0.39375 0.10176991150442478 0.01875
0 0.5995575221238938 0.47604166666666664 0.1224188790560472 0.025
0 0.6025073746312685 0.49947916666666664 0.1224188790560472 0.021875
1 0.29129793510324486 0.28125 0.47050147492625366 0.016666666666666666
1 0.28982300884955753 0.30104166666666665 0.47640117994100295 0.020833333333333332
1 0.2883480825958702 0.3229166666666667 0.4646017699115044 0.01875
1 0.29277286135693215 0.34427083333333336 0.47935103244837757 0.019791666666666666
1 0.29277286135693215 0.39114583333333336 0.47935103244837757 0.021875
1 0.2942477876106195 0.41510416666666666 0.47640117994100295 0.019791666666666666
1 0.2920353982300885 0.434375 0.471976401179941 0.022916666666666665
1 0.2942477876106195 0.45677083333333335 0.47345132743362833 0.023958333333333335
1 0.2935103244837758 0.47760416666666666 0.4749262536873156 0.021875
1 0.2920353982300885 0.5010416666666667 0.4837758112094395 0.020833333333333332
1 0.28761061946902655 0.5453125 0.4690265486725664 0.015625
1 0.2868731563421829 0.5671875 0.47050147492625366 0.017708333333333333
1 0.2853982300884956 0.5864583333333333 0.47345132743362833 0.01875
1 0.2935103244837758 0.6354166666666666 0.4749262536873156 0.035416666666666666
1 0.29129793510324486 0.6317708333333333 0.47640117994100295 0.026041666666666668
1 0.2868731563421829 0.7098958333333333 0.47345132743362833 0.023958333333333335
1 0.2890855457227139 0.7375 0.4749262536873156 0.020833333333333332
1 0.2868731563421829 0.8046875 0.4646017699115044 0.021875
1 0.2868731563421829 0.8411458333333334 0.47640117994100295 0.015625
1 0.2861356932153392 0.8744791666666667 0.4749262536873156 0.017708333333333333
1 0.2868731563421829 0.9125 0.46755162241887904 0.01875
1 0.7485250737463127 0.28177083333333336 0.41150442477876104 0.019791666666666666
1 0.7485250737463127 0.3067708333333333 0.4056047197640118 0.017708333333333333
1 0.7485250737463127 0.325 0.4026548672566372 0.01875
1 0.7470501474926253 0.3489583333333333 0.4026548672566372 0.01875
1 0.7485250737463127 0.36822916666666666 0.4056047197640118 0.017708333333333333
1 0.7470501474926253 0.39010416666666664 0.4056047197640118 0.017708333333333333
1 0.7470501474926253 0.4109375 0.4085545722713864 0.019791666666666666
1 0.7485250737463127 0.47708333333333336 0.4056047197640118 0.020833333333333332
1 0.7441002949852508 0.49895833333333334 0.4085545722713864 0.01875
1 0.745575221238938 0.5192708333333333 0.4144542772861357 0.019791666666666666
1 0.7448377581120944 0.5411458333333333 0.40412979351032446 0.019791666666666666
1 0.7441002949852508 0.5942708333333333 0.41150442477876104 0.017708333333333333
1 0.7463126843657817 0.6296875 0.41297935103244837 0.017708333333333333
1 0.7441002949852508 0.6682291666666667 0.41150442477876104 0.019791666666666666
1 0.7463126843657817 0.7015625 0.41297935103244837 0.017708333333333333
1 0.7441002949852508 0.7354166666666667 0.41150442477876104 0.01875
1 0.7448377581120944 0.7755208333333333 0.41297935103244837 0.017708333333333333
1 0.7470501474926253 0.8072916666666666 0.41150442477876104 0.016666666666666666
1 0.745575221238938 0.8416666666666667 0.4085545722713864 0.01875
