0 0.275811209439528 0.2635416666666667 0.3274336283185841 0.016666666666666666
2 0.8303834808259587 0.26197916666666665 0.06489675516224189 0.013541666666666667
0 0.28982300884955753 0.2864583333333333 0.3554572271386431 0.014583333333333334
2 0.8311209439528023 0.2859375 0.06047197640117994 0.013541666666666667
0 0.27359882005899705 0.3104166666666667 0.3230088495575221 0.014583333333333334
2 0.8311209439528023 0.3098958333333333 0.06047197640117994 0.013541666666666667
0 0.24631268436578171 0.3338541666666667 0.26843657817109146 0.015625
2 0.831858407079646 0.3338541666666667 0.061946902654867256 0.015625
0 0.29277286135693215 0.396875 0.36430678466076694 0.01875
2 0.8259587020648967 0.3953125 0.07374631268436578 0.013541666666666667
0 0.31563421828908556 0.42083333333333334 0.40707964601769914 0.016666666666666666
2 0.8266961651917404 0.4192708333333333 0.07227138643067847 0.013541666666666667
0 0.2750737463126844 0.484375 0.32595870206489674 0.016666666666666666
2 0.8259587020648967 0.48385416666666664 0.07079646017699115 0.015625
0 0.3001474926253687 0.5078125 0.37610619469026546 0.015625
2 0.8259587020648967 0.5072916666666667 0.07374631268436578 0.014583333333333334
0 0.2691740412979351 0.5322916666666667 0.31710914454277284 0.01875
2 0.8259587020648967 0.53125 0.07374631268436578 0.014583333333333334
0 0.3694690265486726 0.5557291666666667 0.5147492625368731 0.017708333333333333
2 0.8259587020648967 0.5546875 0.07374631268436578 0.015625
2 0.8259587020648967 0.5786458333333333 0.07374631268436578 0.013541666666666667
0 0.3421828908554572 0.5802083333333333 0.46017699115044247 0.016666666666666666
0 0.27728613569321536 0.603125 0.3303834808259587 0.014583333333333334
2 0.8259587020648967 0.6026041666666667 0.07079646017699115 0.013541666666666667
0 0.35766961651917406 0.6276041666666666 0.4911504424778761 0.015625
2 0.8259587020648967 0.6265625 0.07374631268436578 0.013541666666666667
0 0.33997050147492625 0.6510416666666666 0.4557522123893805 0.016666666666666666
2 0.8259587020648967 0.6505208333333333 0.07374631268436578 0.015625
0 0.2994100294985251 0.675 0.3746312684365782 0.016666666666666666
2 0.8259587020648967 0.6739583333333333 0.07374631268436578 0.014583333333333334
1 0.4882005899705015 0.26197916666666665 0.7551622418879056 0.017708333333333333
1 0.4882005899705015 0.28489583333333335 0.7551622418879056 0.017708333333333333
1 0.48672566371681414 0.30885416666666665 0.7551622418879056 0.017708333333333333
1 0.4896755162241888 0.3328125 0.7551622418879056 0.017708333333333333
1 0.48525073746312686 0.3953125 0.7551622418879056 0.017708333333333333
1 0.4882005899705015 0.41822916666666665 0.7551622418879056 0.017708333333333333
1 0.48525073746312686 0.48385416666666664 0.7551622418879056 0.017708333333333333
1 0.48672566371681414 0.5067708333333333 0.7551622418879056 0.017708333333333333
1 0.4882005899705015 0.5317708333333333 0.7551622418879056 0.017708333333333333
1 0.4882005899705015 0.5546875 0.7551622418879056 0.017708333333333333
1 0.4882005899705015 0.5786458333333333 0.7551622418879056 0.017708333333333333
1 0.48672566371681414 0.6046875 0.7551622418879056 0.017708333333333333
1 0.4896755162241888 0.6265625 0.7551622418879056 0.017708333333333333
1 0.4882005899705015 0.6494791666666667 0.7551622418879056 0.017708333333333333
1 0.4882005899705015 0.6744791666666666 0.7551622418879056 0.017708333333333333
