0 0.2169327251995439 0.16612903225806452 0.13854047890535917 0.0467741935483871
0 0.24230330672748004 0.2911290322580645 0.06955530216647662 0.020967741935483872
0 0.38740022805017105 0.4532258064516129 0.10205245153933866 0.035483870967741936
0 0.8819840364880274 0.4592741935483871 0.10832383124287344 0.03790322580645161
2 0.41334093500570124 0.5459677419354839 0.07069555302166476 0.01935483870967742
2 0.9070695553021665 0.5483870967741935 0.07069555302166476 0.01935483870967742
0 0.8962371721778791 0.6463709677419355 0.13340935005701254 0.036290322580645164
0 0.40051311288483465 0.6584677419354839 0.12713797035347776 0.03467741935483871
2 0.9082098061573546 0.7330645161290322 0.07069555302166476 0.020967741935483872
2 0.42132269099201825 0.7475806451612903 0.07183580387685291 0.024193548387096774
0 0.3936716077537058 0.8564516129032258 0.12029646522234892 0.04032258064516129
0 0.8959521094640821 0.8661290322580645 0.12713797035347776 0.037096774193548385
2 0.4161915621436716 0.9443548387096774 0.07069555302166476 0.01935483870967742
2 0.9096351197263398 0.9516129032258065 0.07126567844925884 0.01935483870967742
2 0.2411630558722919 0.28951612903225804 0.06955530216647662 0.020967741935483872
1 0.2169327251995439 0.2245967741935484 0.1419612314709236 0.1620967741935484
1 0.3939566704675028 0.49556451612903224 0.11516533637400228 0.1217741935483871
1 0.4013683010262258 0.7016129032258065 0.12884834663625996 0.12258064516129032
1 0.39310148232611175 0.8943548387096775 0.12143671607753706 0.11935483870967742
1 0.8856898517673888 0.5012096774193548 0.11231470923603193 0.11693548387096774
1 0.8988027366020525 0.6862903225806452 0.1362599771949829 0.11129032258064517
1 0.8931014823261118 0.907258064516129 0.12827822120866592 0.11612903225806452
