0 0.6798745724059293 0.06774193548387097 0.23204104903078676 0.04032258064516129
2 0.6413911060433295 0.1592741935483871 0.08209806157354618 0.025
0 0.0652793614595211 0.3403225806451613 0.08494868871151653 0.03387096774193549
0 0.8531927023945268 0.3758064516129032 0.27194982896237174 0.0467741935483871
0 0.36088939566704675 0.3782258064516129 0.18814139110604333 0.037096774193548385
2 0.11402508551881414 0.43024193548387096 0.07183580387685291 0.02338709677419355
2 0.7941847206385405 0.4685483870967742 0.07183580387685291 0.024193548387096774
2 0.3500570125427594 0.4693548387096774 0.07183580387685291 0.024193548387096774
0 0.7143671607753705 0.582258064516129 0.217787913340935 0.043548387096774194
0 0.3845496009122007 0.619758064516129 0.28335233751425315 0.029838709677419355
2 0.677594070695553 0.677016129032258 0.0701254275940707 0.02338709677419355
2 0.3198403648802737 0.7120967741935483 0.07753705815279362 0.020967741935483872
0 0.3540478905359179 0.8508064516129032 0.20980615735461802 0.037096774193548385
2 0.3332383124287343 0.9455645161290323 0.0701254275940707 0.02338709677419355
1 0.08694412770809579 0.3814516129032258 0.13283922462941847 0.11935483870967742
1 0.6798745724059293 0.11008064516129032 0.22862029646522236 0.125
1 0.3620296465222349 0.42258064516129035 0.1904218928164196 0.12741935483870967
1 0.8520524515393386 0.41451612903225804 0.2708095781071836 0.13225806451612904
1 0.3839794754846066 0.6633064516129032 0.28107183580387685 0.12016129032258065
1 0.35518814139110605 0.8955645161290322 0.21094640820980615 0.12661290322580646
1 0.7135119726339795 0.6262096774193548 0.2217787913340935 0.12983870967741937
