0 0.6901368301026226 0.21491935483870966 0.12143671607753706 0.049193548387096775
2 0.7320410490307868 0.3463709677419355 0.07753705815279362 0.021774193548387097
0 0.8802736602052451 0.5483870967741935 0.10376282782212087 0.03870967741935484
0 0.4170467502850627 0.5487903225806452 0.15906499429874574 0.036290322580645164
2 0.9082098061573546 0.635483870967742 0.07639680729760548 0.020967741935483872
2 0.42474344355758265 0.6370967741935484 0.07981755986316989 0.020967741935483872
0 0.4210376282782212 0.8205645161290323 0.19555302166476624 0.04112903225806452
0 0.8765678449258837 0.8189516129032258 0.0974914481185861 0.03790322580645161
2 0.9076396807297605 0.9080645161290323 0.06955530216647662 0.020967741935483872
2 0.40022805017103763 0.9120967741935484 0.07867730900798175 0.020967741935483872
1 0.701824401368301 0.2725806451612903 0.14367160775370583 0.16774193548387098
1 0.4170467502850627 0.5866935483870968 0.16248574686431014 0.11693548387096774
1 0.887400228050171 0.5883064516129032 0.11915621436716077 0.11693548387096774
1 0.42331812998859747 0.8633064516129032 0.20011402508551882 0.125
1 0.8879703534777651 0.8588709677419355 0.1168757126567845 0.12580645161290321
