0 0.82212086659065 0.392741935483871 0.2896237172177879 0.043548387096774194
0 0.45581527936145955 0.41169354838709676 0.20125427594070697 0.03790322580645161
0 0.14737742303306728 0.41008064516129034 0.23660205245153934 0.03306451612903226
2 0.7605473204104903 0.4830645161290323 0.07753705815279362 0.020967741935483872
2 0.43500570125427596 0.4991935483870968 0.07753705815279362 0.020967741935483872
2 0.10176738882554162 0.4975806451612903 0.07126567844925884 0.020967741935483872
0 0.6661915621436716 0.5866935483870968 0.21835803876852908 0.03467741935483871
2 0.6259977194982896 0.667741935483871 0.07069555302166476 0.01935483870967742
0 0.3349486887115165 0.8633064516129032 0.17160775370581527 0.03467741935483871
0 0.6767388825541619 0.8927419354838709 0.28164196123147095 0.035483870967741936
2 0.33209806157354615 0.9516129032258065 0.07696693272519954 0.020967741935483872
2 0.6140250855188142 0.9709677419354839 0.06955530216647662 0.020967741935483872
1 0.33580387685290763 0.9044354838709677 0.17103762827822122 0.11854838709677419
1 0.6755986316989738 0.9298387096774193 0.2805017103762828 0.1064516129032258
1 0.6667616875712656 0.6205645161290323 0.22063854047890535 0.11209677419354838
1 0.14737742303306728 0.45120967741935486 0.23660205245153934 0.11370967741935484
1 0.45781071835803877 0.45161290322580644 0.20524515393386544 0.12258064516129032
1 0.8232611174458381 0.43266129032258066 0.28506271379703535 0.12016129032258065
