0 0.8167046750285063 0.34153225806451615 0.3072976054732041 0.04112903225806452
0 0.2403078677309008 0.3633064516129032 0.3392246294184721 0.03306451612903226
2 0.7514253135689852 0.432258064516129 0.07753705815279362 0.01935483870967742
2 0.1419612314709236 0.44516129032258067 0.07753705815279362 0.01935483870967742
0 0.8469213226909921 0.8560483870967742 0.0895096921322691 0.042741935483870966
0 0.4814709236031927 0.8600806451612903 0.1168757126567845 0.04596774193548387
0 0.11573546180159636 0.8637096774193549 0.12884834663625996 0.035483870967741936
2 0.8848346636259977 0.9443548387096774 0.07069555302166476 0.01935483870967742
2 0.13027366020524517 0.9475806451612904 0.07696693272519954 0.01935483870967742
2 0.5099771949828963 0.9495967741935484 0.0758266818700114 0.018548387096774192
1 0.11488027366020524 0.9048387096774193 0.12827822120866592 0.11290322580645161
1 0.2394526795895097 0.4028225806451613 0.34321550741163054 0.10887096774193548
1 0.8181299885974914 0.38467741935483873 0.30672748004561 0.12741935483870967
1 0.4868871151653364 0.9 0.12200684150513112 0.12258064516129032
1 0.8608893956670467 0.8963709677419355 0.11858608893956671 0.12016129032258065
