0 0.17360319270239452 0.2806451612903226 0.11801596351197263 0.02903225806451613
0 0.48603192702394526 0.2862903225806452 0.07468643101482327 0.03225806451612903
0 0.8856898517673888 0.2923387096774194 0.169327251995439 0.031451612903225803
2 0.17445838084378562 0.3443548387096774 0.07981755986316989 0.020967741935483872
2 0.5019954389965793 0.3512096774193548 0.06556442417331813 0.012096774193548387
2 0.8606043329532497 0.36129032258064514 0.07240592930444698 0.017741935483870968
0 0.11431014823261118 0.5241935483870968 0.13283922462941847 0.0467741935483871
0 0.8757126567844926 0.5334677419354839 0.19384264538198404 0.03306451612903226
2 0.8443557582668187 0.6080645161290322 0.07069555302166476 0.017741935483870968
2 0.13825541619156215 0.6338709677419355 0.07240592930444698 0.017741935483870968
1 0.11402508551881414 0.572983870967742 0.1345496009122007 0.14274193548387096
1 0.17274800456100342 0.3165322580645161 0.11174458380843785 0.09596774193548387
1 0.4925883694412771 0.31411290322580643 0.09122006841505131 0.08951612903225807
1 0.8742873432155074 0.5657258064516129 0.19213226909920184 0.10403225806451613
1 0.8879703534777651 0.32741935483870965 0.17046750285062715 0.0967741935483871
