0 0.7958950969213227 0.16975806451612904 0.1322690992018244 0.05725806451612903
2 0.8397947548460661 0.2645161290322581 0.07069555302166476 0.025806451612903226
0 0.8905359179019384 0.4467741935483871 0.21892816419612315 0.035483870967741936
0 0.3611744583808438 0.4366935483870968 0.10661345496009123 0.03951612903225806
2 0.8472063854047891 0.5060483870967742 0.06385404789053592 0.02338709677419355
2 0.38683010262257694 0.49959677419354837 0.0701254275940707 0.025
0 0.8577537058152793 0.6584677419354839 0.13397947548460662 0.04112903225806452
0 0.36060433295324973 0.6471774193548387 0.11117445838084379 0.04112903225806452
2 0.8694412770809579 0.7209677419354839 0.07069555302166476 0.025806451612903226
2 0.38768529076396807 0.709274193548387 0.07069555302166476 0.025
0 0.8372291904218928 0.8758064516129033 0.09635119726339794 0.041935483870967745
0 0.3671607753705815 0.8665322580645162 0.11402508551881414 0.036290322580645164
2 0.8745724059293044 0.9383064516129033 0.07069555302166476 0.02661290322580645
2 0.38768529076396807 0.930241935483871 0.07183580387685291 0.025
1 0.36431014823261115 0.4657258064516129 0.11516533637400228 0.09596774193548387
1 0.3614595210946408 0.6754032258064516 0.12086659064994298 0.09919354838709678
1 0.3671607753705815 0.8971774193548387 0.11402508551881414 0.09596774193548387
1 0.8597491448118586 0.6862903225806452 0.13568985176738882 0.09838709677419355
1 0.8509122006841505 0.9048387096774193 0.12371721778791334 0.09516129032258064
1 0.8908209806157354 0.4721774193548387 0.21835803876852908 0.08951612903225807
1 0.8024515393386545 0.20967741935483872 0.1499429874572406 0.13709677419354838
