0 0.3717217787913341 0.08911290322580645 0.10832383124287344 0.03467741935483871
2 0.3979475484606613 0.17540322580645162 0.07069555302166476 0.025
0 0.38597491448118587 0.28024193548387094 0.15621436716077536 0.036290322580645164
0 0.8677309007981756 0.32298387096774195 0.15507411630558723 0.04758064516129032
2 0.3922462941847206 0.36935483870967745 0.06385404789053592 0.02258064516129032
2 0.879418472063854 0.43629032258064515 0.06328392246294184 0.02258064516129032
0 0.8825541619156214 0.530241935483871 0.1790193842645382 0.04435483870967742
0 0.38597491448118587 0.5157258064516129 0.14709236031927023 0.03790322580645161
2 0.8757126567844926 0.619758064516129 0.07183580387685291 0.025
2 0.38768529076396807 0.6040322580645161 0.07069555302166476 0.020967741935483872
0 0.8725769669327252 0.8064516129032258 0.11231470923603193 0.0467741935483871
0 0.38911060433295325 0.8189516129032258 0.19099201824401368 0.04112903225806452
2 0.8965222348916762 0.8923387096774194 0.07126567844925884 0.02338709677419355
2 0.37457240592930446 0.9040322580645161 0.07069555302166476 0.024193548387096774
1 0.3751425313568985 0.12903225806451613 0.12086659064994298 0.11612903225806452
1 0.8700114025085519 0.3725806451612903 0.15279361459521096 0.15
1 0.8811288483466363 0.5721774193548387 0.17844925883694412 0.12661290322580646
1 0.8762827822120867 0.8443548387096774 0.11858608893956671 0.12096774193548387
1 0.38911060433295325 0.8580645161290322 0.19099201824401368 0.11774193548387096
1 0.3848346636259977 0.5588709677419355 0.14937286202964653 0.12419354838709677
1 0.38740022805017105 0.31733870967741934 0.1556442417331813 0.11693548387096774
