0 0.11830102622576967 0.025 0.1499429874572406 0.041935483870967745
2 0.13882554161915622 0.13064516129032258 0.07126567844925884 0.020967741935483872
0 0.8905359179019384 0.24153225806451614 0.10262257696693272 0.03306451612903226
2 0.8999429874572406 0.3096774193548387 0.07240592930444698 0.020967741935483872
0 0.9042189281641961 0.4754032258064516 0.12542759407069556 0.028225806451612902
2 0.9019384264538198 0.540725806451613 0.06841505131128849 0.018548387096774192
0 0.5017103762827823 0.5975806451612903 0.10832383124287344 0.027419354838709678
2 0.5048460661345496 0.6633064516129032 0.07354618015963511 0.018548387096774192
0 0.8990877993158495 0.7133064516129032 0.12770809578107184 0.029838709677419355
2 0.8985176738882554 0.7887096774193548 0.07981755986316989 0.020967741935483872
0 0.1274230330672748 0.8495967741935484 0.1419612314709236 0.03306451612903226
0 0.5125427594070695 0.847983870967742 0.13911060433295325 0.029838709677419355
2 0.11174458380843785 0.9173387096774194 0.07525655644241733 0.021774193548387097
2 0.5054161915621437 0.917741935483871 0.0701254275940707 0.02258064516129032
1 0.1225769669327252 0.07338709677419354 0.16419612314709237 0.14193548387096774
1 0.8919612314709237 0.2754032258064516 0.10433295324971494 0.09758064516129032
1 0.12856328392246294 0.8842741935483871 0.14880273660205245 0.10080645161290322
1 0.5148232611174458 0.8798387096774194 0.13911060433295325 0.0967741935483871
1 0.5017103762827823 0.6282258064516129 0.10946408209806158 0.0935483870967742
1 0.9036488027366021 0.5040322580645161 0.13112884834663627 0.09032258064516129
1 0.9022234891676169 0.7508064516129033 0.13397947548460662 0.1032258064516129
