0 0.36630558722919043 0.24435483870967742 0.15108323831242873 0.03387096774193549
0 0.7793614595210946 0.26895161290322583 0.13340935005701254 0.03306451612903226
2 0.36830102622576966 0.3362903225806452 0.06955530216647662 0.01935483870967742
2 0.7936145952109465 0.3564516129032258 0.07069555302166476 0.01935483870967742
0 0.07554161915621437 0.5245967741935483 0.07696693272519954 0.031451612903225803
0 0.7411630558722919 0.5318548387096774 0.322690992018244 0.04596774193548387
2 0.10148232611174458 0.5951612903225807 0.07981755986316989 0.020967741935483872
2 0.669327251995439 0.6346774193548387 0.06955530216647662 0.01935483870967742
0 0.1031927023945268 0.7580645161290323 0.1379703534777651 0.02903225806451613
2 0.0952109464082098 0.8274193548387097 0.06955530216647662 0.020967741935483872
1 0.7408779931584949 0.5794354838709678 0.3221208665906499 0.13629032258064516
1 0.7790763968072976 0.31088709677419357 0.13397947548460662 0.12338709677419354
1 0.1040478905359179 0.7915322580645161 0.13283922462941847 0.09435483870967742
1 0.09064994298745724 0.5540322580645162 0.10604332953249715 0.10161290322580645
1 0.3677309007981756 0.2879032258064516 0.15051311288483465 0.11935483870967742
