0 0.15193842645381983 0.1528225806451613 0.21835803876852908 0.050806451612903224
2 0.14794754846066135 0.27983870967741936 0.07126567844925884 0.020967741935483872
0 0.3899657924743444 0.4657258064516129 0.14709236031927023 0.03790322580645161
2 0.39652223489167615 0.5536290322580645 0.07126567844925884 0.018548387096774192
0 0.765963511972634 0.6221774193548387 0.1145952109464082 0.03467741935483871
0 0.3879703534777651 0.6608870967741935 0.1419612314709236 0.036290322580645164
2 0.7919042189281642 0.7104838709677419 0.07069555302166476 0.020967741935483872
2 0.395096921322691 0.7467741935483871 0.07069555302166476 0.01935483870967742
0 0.40250855188141393 0.8572580645161291 0.15963511972633979 0.03870967741935484
0 0.8979475484606614 0.8564516129032258 0.1379703534777651 0.037096774193548385
2 0.4047890535917902 0.9451612903225807 0.06955530216647662 0.020967741935483872
2 0.9076396807297605 0.9475806451612904 0.06955530216647662 0.01935483870967742
1 0.15136830102622578 0.2068548387096774 0.21493728620296465 0.16370967741935483
1 0.7688141391106044 0.6645161290322581 0.12143671607753706 0.11612903225806452
1 0.8976624857468644 0.9024193548387097 0.1362599771949829 0.12258064516129032
1 0.40992018244013684 0.507258064516129 0.18358038768529075 0.11774193548387096
1 0.3879703534777651 0.7020161290322581 0.14652223489167618 0.11693548387096774
1 0.4050741163055872 0.8963709677419355 0.16248574686431014 0.11854838709677419
