0 0.6322690992018244 0.10080645161290322 0.10490307867730901 0.035483870967741936
2 0.6433865450399088 0.17580645161290323 0.07126567844925884 0.020967741935483872
0 0.16875712656784492 0.17903225806451614 0.09920182440136831 0.025806451612903226
2 0.6416761687571265 0.2 0.07126567844925884 0.01935483870967742
2 0.17787913340935005 0.2536290322580645 0.07297605473204105 0.025
2 0.1781641961231471 0.2806451612903226 0.07696693272519954 0.020967741935483872
0 0.8568985176738882 0.44233870967741934 0.15279361459521096 0.050806451612903224
0 0.27537058152793614 0.45806451612903226 0.12884834663625996 0.03064516129032258
2 0.2693842645381984 0.5286290322580646 0.0701254275940707 0.02661290322580645
2 0.8797035347776511 0.5620967741935484 0.07639680729760548 0.020967741935483872
2 0.2728050171037628 0.5516129032258065 0.08608893956670467 0.020967741935483872
2 0.8797035347776511 0.605241935483871 0.07753705815279362 0.021774193548387097
0 0.06670467502850627 0.7524193548387097 0.10034207525655645 0.03225806451612903
2 0.08124287343215507 0.8225806451612904 0.0815279361459521 0.020967741935483872
1 0.17075256556442417 0.22903225806451613 0.10091220068415051 0.12096774193548387
1 0.2767958950969213 0.5060483870967742 0.12827822120866592 0.12338709677419354
1 0.6325541619156214 0.14677419354838708 0.11003420752565564 0.12741935483870967
1 0.8583238312428735 0.5165322580645161 0.153363740022805 0.19919354838709677
1 0.0709806157354618 0.7846774193548387 0.10661345496009123 0.0967741935483871
