0 0.5604332953249715 0.06814516129032258 0.16875712656784492 0.04758064516129032
2 0.5709806157354618 0.17419354838709677 0.07126567844925884 0.01935483870967742
2 0.572405929304447 0.21370967741935484 0.07069555302166476 0.020967741935483872
0 0.8816989737742303 0.37983870967741934 0.15108323831242873 0.03870967741935484
2 0.8879703534777651 0.47580645161290325 0.07126567844925884 0.01935483870967742
2 0.887400228050171 0.5137096774193548 0.07126567844925884 0.01935483870967742
0 0.22519954389965793 0.6512096774193549 0.15963511972633979 0.042741935483870966
2 0.23517673888255416 0.7443548387096774 0.0758266818700114 0.020967741935483872
2 0.23631698973774232 0.7810483870967742 0.0758266818700114 0.021774193548387097
0 0.6465222348916762 0.8161290322580645 0.10148232611174458 0.035483870967741936
2 0.6793044469783353 0.9145161290322581 0.0815279361459521 0.025806451612903226
1 0.22776510832383123 0.7125 0.16590649942987457 0.1685483870967742
1 0.6590649942987458 0.8616935483870968 0.1265678449258837 0.13629032258064516
1 0.8805587229190421 0.4435483870967742 0.1499429874572406 0.1596774193548387
1 0.5612884834663626 0.13306451612903225 0.17160775370581527 0.18064516129032257
