0 0.86345496009122 0.3370967741935484 0.11915621436716077 0.0467741935483871
0 0.6034777651083238 0.3419354838709677 0.14424173318129987 0.041935483870967745
0 0.36659064994298746 0.34153225806451615 0.17559863169897377 0.03467741935483871
0 0.11088939566704675 0.34274193548387094 0.153363740022805 0.03870967741935484
2 0.8925313568985177 0.4383064516129032 0.07468643101482327 0.02338709677419355
2 0.6183010262257697 0.43588709677419357 0.07468643101482327 0.021774193548387097
2 0.36630558722919043 0.43629032258064515 0.07126567844925884 0.024193548387096774
2 0.12314709236031927 0.4346774193548387 0.06955530216647662 0.020967741935483872
2 0.8911060433295325 0.47016129032258064 0.07753705815279362 0.020967741935483872
0 0.8811288483466363 0.8306451612903226 0.1807297605473204 0.03870967741935484
0 0.6106043329532497 0.8241935483870968 0.1630558722919042 0.03870967741935484
0 0.37542759407069554 0.8254032258064516 0.17730900798175597 0.04758064516129032
0 0.11830102622576967 0.8290322580645161 0.13854047890535917 0.043548387096774194
2 0.8745724059293044 0.9201612903225806 0.08551881413911061 0.025806451612903226
2 0.6168757126567845 0.9213709677419355 0.08779931584948689 0.031451612903225803
2 0.37058152793614596 0.9193548387096774 0.06955530216647662 0.020967741935483872
0 0.13511972633979474 0.9189516129032258 0.08323831242873432 0.025
2 0.3731470923603193 0.9524193548387097 0.0758266818700114 0.020967741935483872
1 0.12086659064994298 0.8681451612903226 0.13911060433295325 0.1217741935483871
1 0.3751425313568985 0.8806451612903226 0.17787913340935005 0.15483870967741936
1 0.6103192702394526 0.8705645161290323 0.16590649942987457 0.1346774193548387
1 0.8814139110604333 0.8701612903225806 0.18015963511972635 0.12741935483870967
1 0.11088939566704675 0.3883064516129032 0.15450399087799316 0.1282258064516129
1 0.36830102622576966 0.3842741935483871 0.17673888255416192 0.12016129032258065
1 0.6066134549600912 0.38387096774193546 0.14823261117445838 0.12741935483870967
1 0.8671607753705816 0.39919354838709675 0.12998859749144812 0.17096774193548386
