0 0.13369441277080957 0.32661290322580644 0.12371721778791334 0.03064516129032258
0 0.7702394526795895 0.3318548387096774 0.11516533637400228 0.028225806451612902
0 0.4122006841505131 0.3375 0.10946408209806158 0.029838709677419355
2 0.13027366020524517 0.39314516129032256 0.056442417331812995 0.012096774193548387
2 0.4090649942987457 0.3971774193548387 0.056442417331812995 0.012096774193548387
2 0.765678449258837 0.3987903225806452 0.05701254275940707 0.012096774193548387
0 0.43814139110604333 0.9044354838709677 0.11801596351197263 0.028225806451612902
0 0.7762257696693272 0.9044354838709677 0.1145952109464082 0.028225806451612902
0 0.10689851767388825 0.9048387096774193 0.1088939566704675 0.025806451612903226
2 0.10547320410490307 0.9649193548387097 0.04903078677309008 0.01532258064516129
2 0.435290763968073 0.9653225806451613 0.05758266818700114 0.014516129032258065
2 0.7787913340935005 0.9673387096774193 0.059293044469783354 0.013709677419354839
1 0.7699543899657925 0.3620967741935484 0.1145952109464082 0.08870967741935484
1 0.411060433295325 0.3629032258064516 0.10946408209806158 0.08225806451612903
1 0.13312428734321552 0.35604838709677417 0.12485746864310149 0.08790322580645162
1 0.10689851767388825 0.9326612903225806 0.11117445838084379 0.08306451612903226
1 0.4375712656784493 0.9346774193548387 0.12029646522234892 0.08870967741935484
1 0.7748004561003421 0.9326612903225806 0.11402508551881414 0.0846774193548387
