0 0.091552734375 0.1326883206634416 0.16455078125 0.0304077401520387
0 0.89990234375 0.16655148583275742 0.1279296875 0.0304077401520387
2 0.07958984375 0.16413268832066344 0.0625 0.018659295093296474
2 0.905029296875 0.19557705597788527 0.05517578125 0.01520387007601935
0 0.89990234375 0.5905321354526607 0.126953125 0.026952315134761574
2 0.9072265625 0.6226675881133379 0.060546875 0.019350380096751902
0 0.492431640625 0.6161022805805114 0.14501953125 0.028334485141672427
0 0.115234375 0.625086385625432 0.1337890625 0.031098825155494125
2 0.49365234375 0.6482377332411887 0.0693359375 0.019350380096751902
2 0.114501953125 0.6579129232895646 0.05419921875 0.019350380096751902
0 0.899169921875 0.8648928818244644 0.12744140625 0.03800967519004837
2 0.909423828125 0.89426399447132 0.05908203125 0.02073255010366275
0 0.08447265625 0.8838977194194886 0.1484375 0.03731859018659295
2 0.08203125 0.9167242570836213 0.056640625 0.021423635107118175
1 0.091796875 0.1461644782308224 0.166015625 0.05874222529371113
1 0.1142578125 0.640635798203179 0.134765625 0.0608154803040774
1 0.08349609375 0.8953006219765031 0.1494140625 0.06427090532135453
1 0.492919921875 0.6326883206634416 0.14990234375 0.060124395300621976
1 0.899169921875 0.8762957843814789 0.12841796875 0.0635798203178991
1 0.900390625 0.60573600552868 0.1279296875 0.05597788527988943
1 0.900390625 0.1762266758811334 0.12890625 0.0497581202487906
