0 0.4658203125 0.36869384934346927 0.0849609375 0.036627505183137524
0 0.82177734375 0.36903939184519696 0.126953125 0.0359364201796821
0 0.13525390625 0.3762957843814789 0.1064453125 0.03800967519004837
2 0.502197265625 0.4536973047684865 0.06787109375 0.017277125086385625
2 0.838134765625 0.4536973047684865 0.06884765625 0.021423635107118175
2 0.1591796875 0.46026261230131305 0.0615234375 0.019350380096751902
0 0.89013671875 0.8417415342087077 0.1962890625 0.03455425017277125
0 0.091552734375 0.848652384243262 0.06982421875 0.02902557014512785
0 0.356201171875 0.8489979267449896 0.09228515625 0.03248099516240498
0 0.600341796875 0.8493434692467173 0.08056640625 0.03178991015894955
2 0.117431640625 0.917069799585349 0.06982421875 0.019350380096751902
2 0.37646484375 0.9174153420870768 0.0537109375 0.011748445058742226
2 0.85693359375 0.9181064270905321 0.0537109375 0.013130615065653075
2 0.625244140625 0.9198341395991707 0.05419921875 0.013821700069108501
1 0.479248046875 0.4060124395300622 0.11572265625 0.11679336558396683
1 0.82470703125 0.40704906703524535 0.1298828125 0.11333794056668971
1 0.6064453125 0.88217000691085 0.09375 0.09744298548721493
1 0.890380859375 0.873876986869385 0.19873046875 0.10158949550794748
1 0.357666015625 0.8766413268832066 0.09423828125 0.09467864547339323
1 0.10498046875 0.8818244644091223 0.0986328125 0.09398756046993781
1 0.13623046875 0.41292328956461644 0.1103515625 0.11126468555632343
