0 0.889404296875 0.08638562543192813 0.09130859375 0.02902557014512785
0 0.902587890625 0.16447823082239116 0.04833984375 0.013821700069108501
0 0.14697265625 0.22218382861091915 0.1298828125 0.03800967519004837
2 0.1494140625 0.3071872840359364 0.060546875 0.018659295093296474
0 0.84619140625 0.4585348997926745 0.099609375 0.033863165169315826
0 0.5126953125 0.47926744989633724 0.107421875 0.028334485141672427
2 0.86865234375 0.5559778852798894 0.0615234375 0.015894955079474776
2 0.51708984375 0.5587422252937111 0.048828125 0.013130615065653075
0 0.101318359375 0.7850725639253628 0.09912109375 0.03731859018659295
0 0.864990234375 0.8607463718037318 0.10205078125 0.03248099516240498
0 0.524169921875 0.8645473393227368 0.10693359375 0.0359364201796821
2 0.1279296875 0.874913614374568 0.0693359375 0.019350380096751902
2 0.88037109375 0.9467864547339323 0.0537109375 0.01520387007601935
2 0.539306640625 0.9568071872840359 0.04833984375 0.013130615065653075
1 0.148193359375 0.2601935038009675 0.13330078125 0.10988251554941257
1 0.108642578125 0.8255010366275052 0.11474609375 0.12093987560469938
1 0.512939453125 0.5158949550794748 0.10791015625 0.10573600552868002
1 0.52392578125 0.9049758120248791 0.107421875 0.11679336558396683
1 0.85009765625 0.504837595024188 0.1044921875 0.12370421561852107
1 0.865966796875 0.9032480995162405 0.10595703125 0.11333794056668971
1 0.8896484375 0.12370421561852107 0.095703125 0.10366275051831375
