0 0.864990234375 0.26364892881824464 0.14599609375 0.028334485141672427
0 0.162841796875 0.27159640635798205 0.07080078125 0.0248790601243953
0 0.5048828125 0.28023496890117483 0.0673828125 0.028334485141672427
2 0.8486328125 0.3237733241188666 0.0498046875 0.011748445058742226
2 0.185791015625 0.338977194194886 0.05224609375 0.011748445058742226
2 0.529541015625 0.3396682791983414 0.04736328125 0.011748445058742226
0 0.159912109375 0.8168624740843123 0.16845703125 0.03731859018659295
0 0.85791015625 0.8410504492052523 0.1298828125 0.038700760193503804
2 0.1572265625 0.9080856945404284 0.068359375 0.019350380096751902
2 0.8798828125 0.9319281271596407 0.0732421875 0.018659295093296474
1 0.17041015625 0.3033863165169316 0.091796875 0.08707671043538355
1 0.515625 0.3075328265376641 0.083984375 0.08154803040774015
1 0.15966796875 0.8576364892881825 0.1689453125 0.1216309606081548
1 0.857666015625 0.8807878369039391 0.13037109375 0.12232204561161023
1 0.863037109375 0.28921907394609536 0.14892578125 0.08085694540428473
