0 0.91357421875 0.12266758811333794 0.138671875 0.035245335176226675
2 0.910888671875 0.19937802349689013 0.05908203125 0.017277125086385625
0 0.121337890625 0.32584657912923287 0.19873046875 0.035245335176226675
0 0.449951171875 0.3313752591568763 0.06982421875 0.03248099516240498
2 0.0966796875 0.4029025570145128 0.0615234375 0.01520387007601935
2 0.4853515625 0.4060124395300622 0.060546875 0.017277125086385625
0 0.358642578125 0.7014512785072564 0.12060546875 0.0331720801658604
2 0.37841796875 0.7909467864547339 0.068359375 0.017277125086385625
0 0.12841796875 0.84139599170698 0.15625 0.04768486523842433
0 0.866455078125 0.8648928818244644 0.19873046875 0.035245335176226675
0 0.5888671875 0.8697304768486523 0.1533203125 0.042156185210780926
2 0.13818359375 0.9319281271596407 0.072265625 0.018659295093296474
2 0.5908203125 0.9485141672425709 0.0654296875 0.018659295093296474
2 0.850341796875 0.9512785072563925 0.06689453125 0.017277125086385625
1 0.123046875 0.36247408431237044 0.2041015625 0.11402902557014513
1 0.12841796875 0.8818244644091223 0.1533203125 0.1271596406357982
1 0.46728515625 0.36351071181755357 0.1044921875 0.10089841050449205
1 0.358154296875 0.7422252937111264 0.12255859375 0.11748445058742225
1 0.587890625 0.9039391845196959 0.1533203125 0.11333794056668971
1 0.86669921875 0.9042847270214236 0.2001953125 0.11817553559087768
1 0.9140625 0.1579129232895646 0.140625 0.10711817553559087
