0 0.1201171875 0.39322736696613686 0.1669921875 0.03731859018659295
0 0.361572265625 0.4039391845196959 0.15185546875 0.036627505183137524
2 0.35693359375 0.48721492743607464 0.068359375 0.019350380096751902
2 0.122802734375 0.48479612992398063 0.06982421875 0.022805805114029024
0 0.765380859375 0.7688320663441603 0.30029296875 0.061506565307532825
0 0.22119140625 0.856945404284727 0.1728515625 0.04284727021423635
2 0.7744140625 0.9391845196959226 0.1005859375 0.03178991015894955
0 0.21142578125 0.9443676572218382 0.0556640625 0.017277125086385625
1 0.12255859375 0.43711126468555633 0.1728515625 0.12508638562543192
1 0.361083984375 0.4419488597097443 0.15478515625 0.11679336558396683
1 0.768310546875 0.8489979267449896 0.31005859375 0.22322045611610228
1 0.220458984375 0.8970283344851416 0.17138671875 0.1243953006219765
