0 0.201416015625 0.05079474775397374 0.34033203125 0.06427090532135453
0 0.86083984375 0.20283344851416724 0.0400390625 0.13061506565307532
2 0.189697265625 0.20525224602626124 0.09228515625 0.027643400138217002
0 0.83349609375 0.4105044920525225 0.119140625 0.0442294402211472
0 0.585205078125 0.41395991706979957 0.16943359375 0.03731859018659295
2 0.853271484375 0.5041465100207325 0.06689453125 0.021423635107118175
2 0.582763671875 0.5017277125086386 0.08447265625 0.027643400138217002
0 0.7333984375 0.8686938493434693 0.171875 0.04837595024187975
2 0.7314453125 0.9574982722874914 0.083984375 0.024187975120939877
1 0.20166015625 0.11990324809951625 0.3349609375 0.20248790601243952
1 0.5859375 0.4557705597788528 0.173828125 0.12093987560469938
1 0.83642578125 0.44782308223911543 0.12109375 0.1271596406357982
1 0.7333984375 0.907394609536973 0.1787109375 0.1271596406357982
