0 0.84912109375 0.1793365583966828 0.1025390625 0.03939184519695923
0 0.368408203125 0.17519004837595023 0.12353515625 0.036627505183137524
2 0.865966796875 0.28023496890117483 0.06591796875 0.018659295093296474
2 0.3720703125 0.2753973738769869 0.0546875 0.020041465100207326
0 0.84423828125 0.6751900483759502 0.08203125 0.04008293020041465
0 0.35009765625 0.6738078783690394 0.08203125 0.038700760193503804
0 0.869873046875 0.7743607463718037 0.06591796875 0.018659295093296474
2 0.38232421875 0.7681409813407049 0.060546875 0.018659295093296474
1 0.36083984375 0.716309606081548 0.103515625 0.12646855563234277
1 0.85302734375 0.7204561161022806 0.099609375 0.12923289564616447
1 0.368408203125 0.21907394609536973 0.12158203125 0.1299239806496199
1 0.849365234375 0.22322045611610228 0.10400390625 0.1326883206634416
