0 0.132568359375 0.26053904630269525 0.10205078125 0.02626123013130615
0 0.383544921875 0.26123013130615064 0.10107421875 0.02902557014512785
2 0.396728515625 0.3251554941257775 0.05224609375 0.011748445058742226
2 0.140869140625 0.3255010366275052 0.05419921875 0.01520387007601935
0 0.12158203125 0.6147201105736005 0.0859375 0.033863165169315826
0 0.392578125 0.6202487906012439 0.1328125 0.025570145127850726
2 0.1455078125 0.6803731859018659 0.060546875 0.017277125086385625
2 0.385009765625 0.6831375259156877 0.06005859375 0.018659295093296474
0 0.755859375 0.8113337940566689 0.1875 0.055286800276434005
0 0.18798828125 0.8503800967519005 0.1875 0.03248099516240498
2 0.170166015625 0.9291637871458189 0.06298828125 0.017277125086385625
2 0.775634765625 0.9419488597097443 0.07373046875 0.02073255010366275
1 0.187255859375 0.8863165169315825 0.18505859375 0.10158949550794748
1 0.75732421875 0.8680027643400138 0.19140625 0.1713890808569454
1 0.12939453125 0.6440912232204561 0.099609375 0.09536973047684866
1 0.392578125 0.6499654457498272 0.130859375 0.08638562543192813
1 0.132080078125 0.2895646164478231 0.10205078125 0.0912232204561161
1 0.385986328125 0.2923289564616448 0.10888671875 0.08707671043538355
