0 0.285400390625 0.47650310988251554 0.20068359375 0.04630269523151347
0 0.845703125 0.5425017277125086 0.15625 0.03178991015894955
2 0.27685546875 0.5891499654457498 0.060546875 0.018659295093296474
2 0.842041015625 0.6205943331029716 0.06005859375 0.019350380096751902
0 0.176513671875 0.8355217691776089 0.20361328125 0.038700760193503804
0 0.668212890625 0.8375950241879752 0.17626953125 0.03455425017277125
2 0.154541015625 0.9215618521078093 0.06787109375 0.017277125086385625
2 0.658447265625 0.9270905321354527 0.06787109375 0.017277125086385625
1 0.17626953125 0.8721492743607464 0.2021484375 0.11472011057360056
1 0.66796875 0.8780234968901175 0.1806640625 0.11817553559087768
1 0.287841796875 0.525224602626123 0.20263671875 0.14236351071181755
1 0.844970703125 0.5767104353835522 0.16162109375 0.10850034554250172
