0 0.19986979166666666 0.4990234375 0.23046875 0.0205078125
0 0.7080078125 0.4990234375 0.23763020833333334 0.0224609375
0 0.4635416666666667 0.50244140625 0.24348958333333334 0.01953125
2 0.18880208333333334 0.521484375 0.11848958333333333 0.0146484375
2 0.7327473958333334 0.518310546875 0.12044270833333333 0.01513671875
2 0.4599609375 0.52197265625 0.12044270833333333 0.0146484375
0 0.4661458333333333 0.7177734375 0.2552083333333333 0.01953125
0 0.19954427083333334 0.719970703125 0.275390625 0.02294921875
0 0.72265625 0.7177734375 0.16927083333333334 0.017578125
2 0.19694010416666666 0.73779296875 0.10091145833333333 0.013671875
2 0.4622395833333333 0.737548828125 0.10677083333333333 0.01318359375
2 0.7259114583333334 0.7373046875 0.11328125 0.0146484375
0 0.1943359375 0.92919921875 0.13997395833333334 0.0146484375
0 0.47265625 0.9326171875 0.15234375 0.015625
0 0.7216796875 0.929443359375 0.17252604166666666 0.01611328125
2 0.1982421875 0.9462890625 0.11653645833333333 0.013671875
2 0.4765625 0.947509765625 0.10286458333333333 0.01318359375
2 0.72265625 0.947265625 0.10807291666666667 0.013671875
1 0.19954427083333334 0.508056640625 0.236328125 0.03857421875
1 0.4625651041666667 0.511474609375 0.24544270833333334 0.03759765625
1 0.7093098958333334 0.5068359375 0.23893229166666666 0.037109375
1 0.19921875 0.7265625 0.27734375 0.03515625
1 0.4658203125 0.72607421875 0.255859375 0.037109375
1 0.7242838541666666 0.7265625 0.166015625 0.0380859375
1 0.19401041666666666 0.936767578125 0.13802083333333334 0.02783203125
1 0.4755859375 0.939697265625 0.150390625 0.03076171875
1 0.7229817708333334 0.938232421875 0.162109375 0.03271484375
