0 0.5494791666666666 0.481201171875 0.11979166666666667 0.01904296875
2 0.5465494791666666 0.499267578125 0.10481770833333333 0.01318359375
0 0.8382161458333334 0.696533203125 0.17122395833333334 0.02294921875
0 0.5400390625 0.69580078125 0.17903645833333334 0.021484375
0 0.25390625 0.69580078125 0.13802083333333334 0.01953125
2 0.24934895833333334 0.71435546875 0.11197916666666667 0.013671875
2 0.8414713541666666 0.71533203125 0.10091145833333333 0.013671875
2 0.5367838541666666 0.715087890625 0.10611979166666667 0.01220703125
0 0.5354817708333334 0.90966796875 0.193359375 0.01953125
2 0.5436197916666666 0.928466796875 0.11328125 0.01318359375
1 0.5524088541666666 0.48876953125 0.12434895833333333 0.0322265625
1 0.2526041666666667 0.70556640625 0.13020833333333334 0.037109375
1 0.5367838541666666 0.91796875 0.18815104166666666 0.037109375
1 0.8408203125 0.703857421875 0.17252604166666666 0.04052734375
1 0.5397135416666666 0.70556640625 0.17578125 0.037109375
