0 0.16634114583333334 0.484375 0.158203125 0.02734375
0 0.7330729166666666 0.482421875 0.1484375 0.02734375
0 0.4622395833333333 0.483154296875 0.15364583333333334 0.02783203125
2 0.7320963541666666 0.501953125 0.111328125 0.0146484375
2 0.4612630208333333 0.504150390625 0.119140625 0.01611328125
2 0.16438802083333334 0.50439453125 0.10872395833333333 0.013671875
0 0.16829427083333334 0.6953125 0.236328125 0.021484375
0 0.7330729166666666 0.69580078125 0.15364583333333334 0.02734375
0 0.4602864583333333 0.696533203125 0.20833333333333334 0.02783203125
2 0.17317708333333334 0.71630859375 0.09765625 0.013671875
2 0.736328125 0.717041015625 0.10677083333333333 0.01318359375
2 0.4596354166666667 0.71875 0.10807291666666667 0.013671875
0 0.16731770833333334 0.906494140625 0.11979166666666667 0.02490234375
0 0.4596354166666667 0.912841796875 0.13411458333333334 0.02294921875
0 0.736328125 0.91064453125 0.11197916666666667 0.02734375
2 0.16861979166666666 0.92529296875 0.10677083333333333 0.013671875
2 0.4622395833333333 0.931884765625 0.10286458333333333 0.01318359375
2 0.7408854166666666 0.931884765625 0.10807291666666667 0.01318359375
1 0.16634114583333334 0.4912109375 0.16080729166666666 0.0419921875
1 0.4622395833333333 0.4912109375 0.15364583333333334 0.04296875
1 0.7330729166666666 0.489990234375 0.14713541666666666 0.04052734375
1 0.16829427083333334 0.702880859375 0.23502604166666666 0.03857421875
1 0.4599609375 0.705078125 0.208984375 0.04296875
1 0.7330729166666666 0.70361328125 0.15364583333333334 0.0400390625
1 0.1669921875 0.913818359375 0.115234375 0.04150390625
1 0.4596354166666667 0.92041015625 0.13541666666666666 0.03515625
1 0.7379557291666666 0.919677734375 0.11393229166666667 0.03955078125
