0 0.2610677083333333 0.5556640625 0.15364583333333334 0.0244140625
0 0.5478515625 0.55224609375 0.17252604166666666 0.037109375
0 0.8180338541666666 0.558837890625 0.126953125 0.02978515625
2 0.2659505208333333 0.594482421875 0.14127604166666666 0.01611328125
2 0.55078125 0.595947265625 0.13411458333333334 0.01611328125
2 0.8352864583333334 0.59912109375 0.13802083333333334 0.017578125
0 0.8294270833333334 0.867919921875 0.15364583333333334 0.02978515625
0 0.5406901041666666 0.86669921875 0.15299479166666666 0.0341796875
0 0.2565104166666667 0.867919921875 0.22005208333333334 0.03857421875
2 0.5498046875 0.9091796875 0.146484375 0.017578125
2 0.83984375 0.9091796875 0.13932291666666666 0.017578125
2 0.2613932291666667 0.910888671875 0.14388020833333334 0.01904296875
1 0.2610677083333333 0.573974609375 0.16015625 0.06396484375
1 0.5481770833333334 0.5703125 0.17708333333333334 0.0673828125
1 0.8313802083333334 0.574951171875 0.14453125 0.06494140625
1 0.255859375 0.88623046875 0.22005208333333334 0.0703125
1 0.5455729166666666 0.885009765625 0.15494791666666666 0.06787109375
1 0.8323567708333334 0.88623046875 0.16341145833333334 0.0673828125
