0 0.1689453125 0.564697265625 0.22200520833333334 0.03173828125
0 0.435546875 0.562744140625 0.24088541666666666 0.03955078125
0 0.7164713541666666 0.557373046875 0.23502604166666666 0.04345703125
2 0.16764322916666666 0.611083984375 0.150390625 0.02099609375
2 0.4397786458333333 0.609619140625 0.15169270833333334 0.01708984375
2 0.7138671875 0.6103515625 0.15169270833333334 0.0185546875
0 0.4443359375 0.88623046875 0.21940104166666666 0.0361328125
0 0.7239583333333334 0.884765625 0.2578125 0.0390625
0 0.169921875 0.88427734375 0.2630208333333333 0.0400390625
2 0.17122395833333334 0.93017578125 0.15104166666666666 0.021484375
2 0.4440104166666667 0.93310546875 0.14973958333333334 0.0185546875
2 0.7200520833333334 0.9345703125 0.14973958333333334 0.0185546875
1 0.17024739583333334 0.58349609375 0.21940104166666666 0.07421875
1 0.435546875 0.58154296875 0.24088541666666666 0.076171875
1 0.7190755208333334 0.57763671875 0.228515625 0.083984375
1 0.17350260416666666 0.903076171875 0.263671875 0.07861328125
1 0.4485677083333333 0.90576171875 0.22526041666666666 0.0751953125
1 0.7268880208333334 0.90478515625 0.2610677083333333 0.0751953125
