0 0.306640625 0.48779296875 0.20833333333333334 0.0283203125
0 0.5602213541666666 0.4892578125 0.13997395833333334 0.0224609375
0 0.8118489583333334 0.492919921875 0.2877604166666667 0.02490234375
2 0.3102213541666667 0.50927734375 0.12565104166666666 0.0146484375
2 0.56640625 0.5107421875 0.12369791666666667 0.0146484375
2 0.8336588541666666 0.51318359375 0.12434895833333333 0.0146484375
0 0.3001302083333333 0.713134765625 0.18489583333333334 0.02392578125
0 0.5579427083333334 0.71240234375 0.1640625 0.025390625
0 0.8264973958333334 0.71484375 0.16341145833333334 0.0263671875
2 0.3020833333333333 0.736328125 0.12109375 0.0185546875
2 0.5582682291666666 0.73583984375 0.12565104166666666 0.0146484375
2 0.830078125 0.738525390625 0.1171875 0.01513671875
0 0.5641276041666666 0.943603515625 0.22200520833333334 0.02392578125
0 0.8284505208333334 0.947265625 0.14518229166666666 0.0224609375
0 0.30859375 0.94189453125 0.2669270833333333 0.025390625
2 0.2874348958333333 0.9638671875 0.12565104166666666 0.0146484375
2 0.5592447916666666 0.96435546875 0.12369791666666667 0.013671875
2 0.830078125 0.968994140625 0.12369791666666667 0.01513671875
1 0.3063151041666667 0.948974609375 0.2727864583333333 0.04248046875
1 0.5654296875 0.950439453125 0.22721354166666666 0.04052734375
1 0.8304036458333334 0.956787109375 0.150390625 0.04150390625
1 0.3024088541666667 0.723388671875 0.185546875 0.04638671875
1 0.5582682291666666 0.721435546875 0.16341145833333334 0.04443359375
1 0.8255208333333334 0.7236328125 0.16145833333333334 0.0478515625
1 0.3076171875 0.497314453125 0.21028645833333334 0.04345703125
1 0.5608723958333334 0.49951171875 0.14388020833333334 0.0390625
1 0.8125 0.501220703125 0.2877604166666667 0.04150390625
