0 0.4453125 0.4697265625 0.23567708333333334 0.044921875
2 0.447265625 0.502197265625 0.12890625 0.01611328125
0 0.7184244791666666 0.7041015625 0.24544270833333334 0.02734375
0 0.18326822916666666 0.703857421875 0.2740885416666667 0.02685546875
0 0.4482421875 0.699951171875 0.2545572916666667 0.02392578125
2 0.44921875 0.722900390625 0.1328125 0.01513671875
2 0.181640625 0.724853515625 0.1328125 0.01611328125
2 0.7164713541666666 0.726318359375 0.13606770833333334 0.01611328125
0 0.4475911458333333 0.922607421875 0.208984375 0.02392578125
2 0.4544270833333333 0.94189453125 0.12630208333333334 0.017578125
1 0.4449869791666667 0.478759765625 0.23763020833333334 0.06494140625
1 0.18359375 0.712646484375 0.2721354166666667 0.04150390625
1 0.7180989583333334 0.714111328125 0.24609375 0.04443359375
1 0.4498697916666667 0.708984375 0.2578125 0.0400390625
1 0.447265625 0.92919921875 0.20833333333333334 0.0419921875
