0 0.19270833333333334 0.487060546875 0.15104166666666666 0.02099609375
0 0.4560546875 0.48681640625 0.115234375 0.0185546875
0 0.7340494791666666 0.485107421875 0.22200520833333334 0.01904296875
2 0.4606119791666667 0.513916015625 0.099609375 0.01318359375
2 0.7392578125 0.513916015625 0.10481770833333333 0.01318359375
2 0.19661458333333334 0.51513671875 0.10286458333333333 0.013671875
0 0.19563802083333334 0.69775390625 0.142578125 0.0205078125
0 0.4527994791666667 0.69580078125 0.11783854166666667 0.021484375
0 0.7347005208333334 0.705078125 0.166015625 0.0244140625
2 0.4544270833333333 0.724853515625 0.1015625 0.01318359375
2 0.19303385416666666 0.7275390625 0.11002604166666667 0.013671875
2 0.7340494791666666 0.7353515625 0.10481770833333333 0.013671875
0 0.1826171875 0.9169921875 0.087890625 0.0185546875
0 0.4622395833333333 0.91845703125 0.21875 0.0234375
0 0.7314453125 0.922119140625 0.150390625 0.02099609375
2 0.19921875 0.9423828125 0.1015625 0.013671875
2 0.4700520833333333 0.94091796875 0.1015625 0.013671875
2 0.7340494791666666 0.94482421875 0.10481770833333333 0.013671875
1 0.19596354166666666 0.928466796875 0.11328125 0.04052734375
1 0.4638671875 0.929443359375 0.22330729166666666 0.04541015625
1 0.7340494791666666 0.931640625 0.14778645833333334 0.041015625
1 0.197265625 0.710205078125 0.14192708333333334 0.04541015625
1 0.4544270833333333 0.709716796875 0.11848958333333333 0.04931640625
1 0.736328125 0.71826171875 0.1640625 0.05078125
1 0.19466145833333334 0.498779296875 0.15104166666666666 0.04345703125
1 0.4583333333333333 0.499267578125 0.11458333333333333 0.04541015625
1 0.7330729166666666 0.496826171875 0.22395833333333334 0.04541015625
