0 0.3011067708333333 0.48291015625 0.2819010416666667 0.021484375
0 0.55859375 0.48388671875 0.22005208333333334 0.021484375
0 0.83203125 0.483642578125 0.2526041666666667 0.02392578125
2 0.2952473958333333 0.50146484375 0.12434895833333333 0.0146484375
2 0.5618489583333334 0.5029296875 0.12239583333333333 0.0146484375
2 0.8326822916666666 0.502685546875 0.12239583333333333 0.01513671875
0 0.8333333333333334 0.700927734375 0.22135416666666666 0.02197265625
0 0.2965494791666667 0.700439453125 0.2571614583333333 0.02392578125
0 0.5631510416666666 0.697021484375 0.23177083333333334 0.02294921875
2 0.5602213541666666 0.7177734375 0.12174479166666667 0.0146484375
2 0.2926432291666667 0.718994140625 0.12565104166666666 0.01513671875
2 0.8356119791666666 0.718994140625 0.12044270833333333 0.01513671875
0 0.8359375 0.91259765625 0.171875 0.025390625
0 0.5641276041666666 0.91455078125 0.138671875 0.025390625
0 0.2900390625 0.917236328125 0.22200520833333334 0.02685546875
2 0.8372395833333334 0.932373046875 0.11328125 0.01513671875
2 0.5592447916666666 0.93505859375 0.12369791666666667 0.0146484375
2 0.2890625 0.9384765625 0.12630208333333334 0.017578125
1 0.3020833333333333 0.49072265625 0.28125 0.0361328125
1 0.5595703125 0.49169921875 0.22200520833333334 0.0361328125
1 0.8356119791666666 0.491943359375 0.2532552083333333 0.03857421875
1 0.2965494791666667 0.70654296875 0.255859375 0.0400390625
1 0.5651041666666666 0.705810546875 0.23697916666666666 0.04150390625
1 0.8330078125 0.709228515625 0.228515625 0.03662109375
1 0.291015625 0.927490234375 0.22526041666666666 0.04443359375
1 0.5647786458333334 0.924072265625 0.13997395833333334 0.04150390625
1 0.837890625 0.919921875 0.17447916666666666 0.041015625
