0 0.447265625 0.5087890625 0.3111979166666667 0.021484375
2 0.4332682291666667 0.529541015625 0.146484375 0.01904296875
0 0.18424479166666666 0.707763671875 0.24348958333333334 0.02783203125
0 0.7200520833333334 0.71044921875 0.2760416666666667 0.0283203125
2 0.1884765625 0.735107421875 0.142578125 0.01904296875
2 0.7203776041666666 0.739013671875 0.15169270833333334 0.01904296875
0 0.4423828125 0.90869140625 0.2571614583333333 0.0302734375
2 0.4430338541666667 0.9365234375 0.14908854166666666 0.021484375
1 0.18522135416666666 0.72021484375 0.244140625 0.0517578125
1 0.4440104166666667 0.921142578125 0.25390625 0.05224609375
1 0.72265625 0.721923828125 0.2747395833333333 0.05517578125
1 0.4482421875 0.51904296875 0.3131510416666667 0.0419921875
