0 0.2747395833333333 0.463134765625 0.17317708333333334 0.02197265625
0 0.5618489583333334 0.458984375 0.203125 0.0263671875
0 0.8313802083333334 0.457275390625 0.19010416666666666 0.02294921875
2 0.8343098958333334 0.47802734375 0.13606770833333334 0.0146484375
2 0.2763671875 0.481201171875 0.14127604166666666 0.01611328125
2 0.5611979166666666 0.48193359375 0.12369791666666667 0.0146484375
0 0.8330078125 0.673828125 0.14388020833333334 0.025390625
0 0.5576171875 0.68310546875 0.20638020833333334 0.0283203125
0 0.2766927083333333 0.685791015625 0.15104166666666666 0.03076171875
2 0.8352864583333334 0.702880859375 0.13802083333333334 0.01611328125
2 0.5625 0.714111328125 0.12760416666666666 0.01611328125
2 0.2770182291666667 0.716552734375 0.14388020833333334 0.02001953125
0 0.8391927083333334 0.915771484375 0.23046875 0.02880859375
0 0.5572916666666666 0.9169921875 0.20572916666666666 0.0390625
0 0.2779947916666667 0.927734375 0.20572916666666666 0.0302734375
2 0.8404947916666666 0.951904296875 0.12760416666666666 0.01806640625
2 0.5602213541666666 0.959228515625 0.12565104166666666 0.01611328125
2 0.2779947916666667 0.968505859375 0.13541666666666666 0.02001953125
1 0.275390625 0.470458984375 0.17838541666666666 0.03857421875
1 0.5602213541666666 0.468505859375 0.20768229166666666 0.04248046875
1 0.8323567708333334 0.466552734375 0.19205729166666666 0.03857421875
1 0.2779947916666667 0.6982421875 0.14973958333333334 0.052734375
1 0.5576171875 0.697265625 0.20768229166666666 0.0546875
1 0.8333333333333334 0.6865234375 0.1484375 0.046875
1 0.2770182291666667 0.9462890625 0.20768229166666666 0.06640625
1 0.5582682291666666 0.93310546875 0.208984375 0.068359375
1 0.8404947916666666 0.930419921875 0.23307291666666666 0.06298828125
