0 0.4482421875 0.473388671875 0.228515625 0.02001953125
2 0.4684244791666667 0.494873046875 0.115234375 0.01513671875
0 0.744140625 0.711669921875 0.19661458333333334 0.02587890625
0 0.16243489583333334 0.708740234375 0.212890625 0.02880859375
0 0.4723307291666667 0.698486328125 0.158203125 0.02880859375
2 0.4716796875 0.72412109375 0.12174479166666667 0.0146484375
2 0.16959635416666666 0.748291015625 0.13216145833333334 0.01611328125
2 0.7555338541666666 0.750244140625 0.130859375 0.01708984375
0 0.4775390625 0.921142578125 0.2858072916666667 0.03271484375
2 0.4768880208333333 0.949462890625 0.119140625 0.01513671875
1 0.4475911458333333 0.4833984375 0.22721354166666666 0.041015625
1 0.16536458333333334 0.726318359375 0.20963541666666666 0.06396484375
1 0.47265625 0.70947265625 0.16145833333333334 0.044921875
1 0.7483723958333334 0.727783203125 0.197265625 0.05908203125
1 0.478515625 0.93115234375 0.28515625 0.052734375