0 0.546875 0.55078125 0.20703125 0.03515625
2 0.5524088541666666 0.595947265625 0.162109375 0.01904296875
0 0.8121744791666666 0.7548828125 0.15299479166666666 0.0419921875
0 0.2805989583333333 0.7646484375 0.2604166666666667 0.0322265625
2 0.822265625 0.80615234375 0.16145833333333334 0.0224609375
2 0.275390625 0.812744140625 0.16796875 0.02197265625
0 0.5556640625 0.93994140625 0.212890625 0.033203125
1 0.2805989583333333 0.786865234375 0.2604166666666667 0.07568359375
1 0.5465494791666666 0.569580078125 0.205078125 0.07275390625
1 0.8219401041666666 0.7763671875 0.166015625 0.080078125
