0 0.4674479166666667 0.468505859375 0.1796875 0.02783203125
2 0.4713541666666667 0.489990234375 0.12630208333333334 0.01708984375
0 0.7532552083333334 0.71484375 0.21614583333333334 0.0263671875
0 0.4557291666666667 0.711181640625 0.13932291666666666 0.02294921875
0 0.171875 0.71630859375 0.15364583333333334 0.0244140625
2 0.4612630208333333 0.734130859375 0.14388020833333334 0.01904296875
2 0.17024739583333334 0.73974609375 0.130859375 0.017578125
2 0.7574869791666666 0.73974609375 0.14127604166666666 0.017578125
0 0.4625651041666667 0.947265625 0.19856770833333334 0.029296875
2 0.4593098958333333 0.9716796875 0.13606770833333334 0.017578125
1 0.17317708333333334 0.7265625 0.15625 0.044921875
1 0.4602864583333333 0.7216796875 0.1484375 0.0458984375
1 0.4651692708333333 0.95849609375 0.19466145833333334 0.0498046875
1 0.7561848958333334 0.7265625 0.21549479166666666 0.044921875
1 0.4690755208333333 0.477294921875 0.17643229166666666 0.04345703125
