0 0.5458984375 0.54052734375 0.17252604166666666 0.029296875
2 0.5472005208333334 0.577880859375 0.126953125 0.01611328125
0 0.8154296875 0.721923828125 0.16341145833333334 0.02783203125
0 0.2776692708333333 0.72119140625 0.22330729166666666 0.03515625
2 0.8203125 0.759033203125 0.12630208333333334 0.01708984375
2 0.2737630208333333 0.76123046875 0.13346354166666666 0.01953125
0 0.5654296875 0.915771484375 0.166015625 0.02783203125
2 0.5699869791666666 0.946533203125 0.138671875 0.02001953125
1 0.27734375 0.73876953125 0.22395833333333334 0.0673828125
1 0.56640625 0.92919921875 0.1640625 0.05078125
1 0.8190104166666666 0.738525390625 0.1640625 0.06103515625
1 0.546875 0.55615234375 0.17447916666666666 0.0595703125
