0 0.767578125 0.48291015625 0.1953125 0.03125
0 0.4869791666666667 0.484375 0.22526041666666666 0.02734375
0 0.17708333333333334 0.488525390625 0.1953125 0.02685546875
2 0.4899088541666667 0.510986328125 0.12434895833333333 0.01611328125
2 0.7721354166666666 0.5107421875 0.12239583333333333 0.0146484375
2 0.1845703125 0.515380859375 0.12044270833333333 0.01611328125
0 0.18196614583333334 0.709716796875 0.2923177083333333 0.02978515625
0 0.4775390625 0.704345703125 0.15690104166666666 0.02685546875
0 0.7620442708333334 0.706298828125 0.16080729166666666 0.02392578125
2 0.4827473958333333 0.730224609375 0.12044270833333333 0.01611328125
2 0.7669270833333334 0.7294921875 0.12239583333333333 0.0146484375
2 0.18098958333333334 0.734130859375 0.1171875 0.01611328125
0 0.17350260416666666 0.925048828125 0.115234375 0.02783203125
0 0.4892578125 0.929931640625 0.201171875 0.03076171875
0 0.7711588541666666 0.932373046875 0.169921875 0.02783203125
2 0.17838541666666666 0.95458984375 0.12239583333333333 0.0146484375
2 0.4837239583333333 0.960205078125 0.13020833333333334 0.01904296875
2 0.7711588541666666 0.959228515625 0.130859375 0.01611328125
1 0.17740885416666666 0.499267578125 0.19466145833333334 0.04931640625
1 0.48828125 0.495361328125 0.22395833333333334 0.04638671875
1 0.7708333333333334 0.492919921875 0.19270833333333334 0.04931640625
1 0.18587239583333334 0.718017578125 0.294921875 0.04833984375
1 0.4781901041666667 0.715576171875 0.158203125 0.04541015625
1 0.7626953125 0.71728515625 0.158203125 0.044921875
1 0.17805989583333334 0.93798828125 0.126953125 0.046875
1 0.4895833333333333 0.94384765625 0.20182291666666666 0.0517578125
1 0.7721354166666666 0.943359375 0.16927083333333334 0.0498046875
