0 0.5777994791666666 0.510009765625 0.12825520833333334 0.01904296875
2 0.578125 0.525634765625 0.10677083333333333 0.01220703125
0 0.5517578125 0.72412109375 0.189453125 0.025390625
0 0.828125 0.7236328125 0.11979166666666667 0.0234375
0 0.2815755208333333 0.732421875 0.16861979166666666 0.0263671875
2 0.5452473958333334 0.752197265625 0.12044270833333333 0.01611328125
2 0.8277994791666666 0.748291015625 0.111328125 0.01513671875
2 0.2711588541666667 0.755859375 0.12434895833333333 0.0185546875
0 0.5524088541666666 0.949462890625 0.138671875 0.02099609375
2 0.556640625 0.968505859375 0.11588541666666667 0.01708984375
1 0.2805989583333333 0.742919921875 0.16796875 0.04736328125
1 0.5791015625 0.51611328125 0.130859375 0.0302734375
1 0.5530598958333334 0.736083984375 0.18684895833333334 0.04638671875
1 0.8277994791666666 0.736328125 0.12044270833333333 0.0439453125
1 0.5543619791666666 0.96044921875 0.13736979166666666 0.041015625
