0 0.4505208333333333 0.5185546875 0.24609375 0.0283203125
2 0.4498697916666667 0.5517578125 0.13802083333333334 0.013671875
0 0.7037760416666666 0.722412109375 0.3046875 0.02783203125
0 0.19368489583333334 0.724609375 0.298828125 0.0361328125
2 0.705078125 0.758056640625 0.13411458333333334 0.01513671875
2 0.19108072916666666 0.7587890625 0.134765625 0.0166015625
0 0.4462890625 0.918212890625 0.244140625 0.02978515625
2 0.4456380208333333 0.952880859375 0.13216145833333334 0.01611328125
1 0.4508463541666667 0.533203125 0.24934895833333334 0.0537109375
1 0.19173177083333334 0.73779296875 0.298828125 0.0625
1 0.7057291666666666 0.738525390625 0.3059895833333333 0.05615234375
1 0.4475911458333333 0.9326171875 0.24544270833333334 0.05859375
