2 0.751953125 0.41748046875 0.1484375 0.013671875
0 0.4733072916666667 0.42333984375 0.2890625 0.0224609375
2 0.7405598958333334 0.45849609375 0.123046875 0.015625
0 0.4778645833333333 0.463134765625 0.2421875 0.02099609375
0 0.4723307291666667 0.6064453125 0.2975260416666667 0.021484375
2 0.74609375 0.6064453125 0.12890625 0.013671875
0 0.478515625 0.6455078125 0.2682291666666667 0.0185546875
2 0.7399088541666666 0.642822265625 0.11653645833333333 0.01318359375
0 0.4765625 0.80810546875 0.20703125 0.0283203125
2 0.7545572916666666 0.8115234375 0.140625 0.0166015625
0 0.4873046875 0.841796875 0.17513020833333334 0.0224609375
2 0.7415364583333334 0.841064453125 0.12109375 0.01611328125
1 0.5768229166666666 0.423095703125 0.4973958333333333 0.02392578125
1 0.5794270833333334 0.462646484375 0.44921875 0.02197265625
1 0.5670572916666666 0.60693359375 0.48828125 0.0224609375
1 0.5712890625 0.645751953125 0.4537760416666667 0.02197265625
1 0.5989583333333334 0.80859375 0.44921875 0.029296875
1 0.6015625 0.841796875 0.4049479166666667 0.0205078125
