0 0.7200520833333334 0.422607421875 0.2747395833333333 0.02783203125
2 0.7200520833333334 0.459716796875 0.14322916666666666 0.01708984375
0 0.720703125 0.507080078125 0.2630208333333333 0.02392578125
2 0.720703125 0.541748046875 0.12109375 0.01708984375
0 0.7526041666666666 0.697509765625 0.3359375 0.03076171875
2 0.755859375 0.729736328125 0.15755208333333334 0.02001953125
0 0.7509765625 0.769287109375 0.3313802083333333 0.03173828125
2 0.7418619791666666 0.806640625 0.14908854166666666 0.01953125
1 0.7513020833333334 0.78515625 0.3372395833333333 0.0654296875
1 0.755859375 0.7109375 0.3359375 0.0556640625
1 0.720703125 0.4375 0.2799479166666667 0.0625
1 0.7216796875 0.523193359375 0.2662760416666667 0.05615234375
