2 0.5367838541666666 0.506103515625 0.09309895833333333 0.01318359375
0 0.5358072916666666 0.684326171875 0.16145833333333334 0.02685546875
0 0.2535807291666667 0.689453125 0.15690104166666666 0.0244140625
0 0.8121744791666666 0.68505859375 0.13216145833333334 0.025390625
2 0.8180338541666666 0.713623046875 0.09309895833333333 0.01220703125
2 0.5367838541666666 0.715087890625 0.09309895833333333 0.01220703125
2 0.24967447916666666 0.71826171875 0.09440104166666667 0.013671875
0 0.537109375 0.9140625 0.11848958333333333 0.0244140625
2 0.5367838541666666 0.94140625 0.09309895833333333 0.0146484375
0 0.5354817708333334 0.478759765625 0.12044270833333333 0.02392578125
1 0.2548828125 0.700439453125 0.16080729166666666 0.04931640625
1 0.5361328125 0.490966796875 0.123046875 0.04736328125
1 0.537109375 0.697021484375 0.16276041666666666 0.04833984375
1 0.8138020833333334 0.696044921875 0.13151041666666666 0.04638671875
1 0.5380859375 0.92578125 0.12044270833333333 0.0498046875
