0 0.7301401869158879 0.5063853414769572 0.08800623052959501 0.018878400888395337
0 0.19976635514018692 0.505552470849528 0.20171339563862928 0.016102165463631316
0 0.4766355140186916 0.5047196002220988 0.1277258566978193 0.01776790671848973
0 0.8169781931464174 0.50694058856191 0.08411214953271028 0.023320377568017768
0 0.3177570093457944 0.5080510827318157 0.04361370716510903 0.023320377568017768
0 0.5623052959501558 0.5074958356468628 0.04672897196261682 0.018878400888395337
2 0.21573208722741433 0.5285952248750694 0.11526479750778816 0.012215435868961688
2 0.4968847352024922 0.5285952248750694 0.11526479750778816 0.012215435868961688
2 0.7772585669781932 0.5285952248750694 0.11370716510903427 0.012215435868961688
0 0.47313084112149534 0.6807329261521377 0.13473520249221183 0.026651860077734593
0 0.7445482866043613 0.7018323153803443 0.11214953271028037 0.01665741254858412
0 0.17367601246105918 0.7032204330927263 0.08255451713395638 0.018323153803442533
0 0.5661993769470405 0.6840644086618545 0.05451713395638629 0.02109938922820655
0 0.8399532710280374 0.7048861743475847 0.08021806853582554 0.02609661299278179
0 0.25934579439252337 0.7054414214325375 0.08722741433021806 0.01943364797334814
2 0.21573208722741433 0.7307051637978901 0.10124610591900311 0.012215435868961688
2 0.7772585669781932 0.7298722931704609 0.102803738317757 0.0138811771238201
2 0.4968847352024922 0.7307051637978901 0.11526479750778816 0.012215435868961688
0 0.4575545171339564 0.9125485841199333 0.10358255451713395 0.017212659633536923
0 0.5478971962616822 0.9133814547473625 0.07554517133956386 0.018878400888395337
2 0.4961059190031153 0.9322598556357579 0.11370716510903427 0.012215435868961688
1 0.4945482866043614 0.9114380899500277 0.1838006230529595 0.054969461410327596
1 0.2176791277258567 0.7032204330927263 0.1705607476635514 0.06718489727928928
1 0.5007788161993769 0.7018323153803443 0.19003115264797507 0.06662965019433648
1 0.7846573208722741 0.7051637978900611 0.1954828660436137 0.06440866185452526
1 0.2192367601246106 0.5038867295946696 0.24221183800623053 0.06274292059966685
1 0.5 0.5033314825097168 0.17601246105919002 0.06052193225985564
1 0.7729750778816199 0.5058300943920044 0.17523364485981308 0.059966685174902834
0 0.2207943925233645 0.4850083287062743 0.18146417445482865 0.014991671293725709
0 0.4992211838006231 0.4852859522487507 0.13239875389408098 0.01665741254858412
0 0.7760903426791277 0.4850083287062743 0.15031152647975077 0.017212659633536923
0 0.7881619937694704 0.6812881732370905 0.1542056074766355 0.01665741254858412
0 0.21845794392523366 0.6818434203220433 0.1440809968847352 0.01776790671848973
0 0.49338006230529596 0.8906163242642976 0.15031152647975077 0.015546918378678512
