0 0.7414330218068536 0.4848401323042999 0.11993769470404984 0.021499448732083794
0 0.18691588785046728 0.503858875413451 0.1277258566978193 0.017640573318632856
0 0.4583333333333333 0.5049614112458655 0.11448598130841121 0.019845644983461964
0 0.8282710280373832 0.48676957001102533 0.053738317757009345 0.022050716648291068
0 0.2757009345794392 0.5066152149944874 0.048286604361370715 0.019845644983461964
0 0.5541277258566978 0.5057883131201764 0.07554517133956386 0.018191841234840134
2 0.21651090342679127 0.5275633958103638 0.11838006230529595 0.012127894156560088
2 0.4968847352024922 0.5275633958103638 0.11682242990654206 0.012127894156560088
2 0.7760903426791277 0.5275633958103638 0.09890965732087227 0.012127894156560088
0 0.7464953271028038 0.6775082690187431 0.12383177570093458 0.023153252480705624
0 0.18613707165109034 0.6819184123484013 0.1277258566978193 0.020948180815876516
0 0.4583333333333333 0.6802646085997794 0.1378504672897196 0.020948180815876516
0 0.2702492211838006 0.6827453142227122 0.040498442367601244 0.024807056229327454
0 0.5708722741433022 0.6821940463065049 0.08566978193146417 0.022601984564498346
0 0.852803738317757 0.6797133406835723 0.08255451713395638 0.019845644983461964
2 0.2161214953271028 0.7136163175303197 0.10358255451713395 0.012679162072767364
2 0.49649532710280375 0.7127894156560088 0.11292834890965732 0.011025358324145534
2 0.7760903426791277 0.7136163175303197 0.10202492211838006 0.012679162072767364
0 0.4968847352024922 0.88561190738699 0.12461059190031153 0.02701212789415656
2 0.4968847352024922 0.9272326350606395 0.09501557632398754 0.012127894156560088
1 0.21261682242990654 0.5044101433296582 0.1806853582554517 0.06063947078280044
1 0.4976635514018692 0.5019294377067255 0.19314641744548286 0.06670341786108049
1 0.20677570093457945 0.6962513781697905 0.1690031152647975 0.04961411245865491
1 0.4992211838006231 0.6948732083792724 0.22897196261682243 0.046857772877618525
1 0.7908878504672897 0.6937706725468578 0.21105919003115264 0.05237045203969129
1 0.7683021806853583 0.5027563395810364 0.17990654205607476 0.06063947078280044
1 0.49727414330218067 0.9040793825799338 0.12694704049844235 0.05953693495038589
0 0.21845794392523366 0.48456449834619625 0.15965732087227413 0.018743109151047408
0 0.49727414330218067 0.4848401323042999 0.16277258566978192 0.017089305402425578
