0 0.7760903426791277 0.4844530816213215 0.04750778816199377 0.01943364797334814
0 0.2161214953271028 0.4827873403664631 0.0630841121495327 0.018323153803442533
0 0.49727414330218067 0.4844530816213215 0.05841121495327103 0.01943364797334814
2 0.21573208722741433 0.5080510827318157 0.09345794392523364 0.012215435868961688
2 0.7772585669781932 0.5080510827318157 0.09190031152647975 0.012215435868961688
2 0.4968847352024922 0.5080510827318157 0.09345794392523364 0.012215435868961688
0 0.7764797507788161 0.679622431982232 0.1059190031152648 0.026651860077734593
0 0.21222741433021808 0.679622431982232 0.0926791277258567 0.019988895058300944
0 0.5241433021806854 0.6787895613548028 0.10903426791277258 0.021654636313159357
0 0.21573208722741433 0.7057190449750139 0.09345794392523364 0.012215435868961688
0 0.4968847352024922 0.7046085508051083 0.09034267912772585 0.012215435868961688
2 0.7760903426791277 0.7051637978900611 0.08333333333333333 0.01110494169905608
1 0.21339563862928349 0.6918378678511938 0.09501557632398754 0.041088284286507494
1 0.5151869158878505 0.6890616324264298 0.13317757009345793 0.043309272626318715
1 0.7768691588785047 0.6893392559689062 0.10669781931464174 0.042754025541365905
1 0.2118380062305296 0.49528039977790117 0.09968847352024922 0.036646307606885066
1 0.4941588785046729 0.49389228206551916 0.10046728971962617 0.03720155469183787
1 0.7792056074766355 0.49361465852304276 0.09579439252336448 0.041088284286507494
