0 0.18914473684210525 0.4112903225806452 0.08552631578947369 0.018433179723502304
0 0.49835526315789475 0.4118663594470046 0.11842105263157894 0.021889400921658985
0 0.8100328947368421 0.4107142857142857 0.17598684210526316 0.024193548387096774
2 0.19407894736842105 0.44930875576036866 0.14144736842105263 0.016129032258064516
2 0.5016447368421053 0.44873271889400923 0.14802631578947367 0.01728110599078341
2 0.8001644736842105 0.44873271889400923 0.14309210526315788 0.01728110599078341
0 0.8026315789473685 0.6538018433179723 0.23355263157894737 0.024193548387096774
0 0.4967105263157895 0.6561059907834101 0.17105263157894737 0.024193548387096774
0 0.19572368421052633 0.6566820276497696 0.10197368421052631 0.02304147465437788
2 0.49506578947368424 0.6923963133640553 0.14144736842105263 0.018433179723502304
2 0.796875 0.6918202764976958 0.0805921052631579 0.01728110599078341
2 0.19572368421052633 0.6935483870967742 0.07236842105263158 0.016129032258064516
0 0.36101973684210525 0.9130184331797235 0.10032894736842106 0.024193548387096774
0 0.662828947368421 0.9130184331797235 0.2236842105263158 0.024193548387096774
2 0.3626644736842105 0.9493087557603687 0.14309210526315788 0.018433179723502304
2 0.6620065789473685 0.9498847926267281 0.14309210526315788 0.01728110599078341
1 0.19407894736842105 0.42857142857142855 0.1513157894736842 0.0576036866359447
1 0.5008223684210527 0.4308755760368664 0.14638157894736842 0.0576036866359447
1 0.805921052631579 0.4279953917050691 0.19407894736842105 0.06105990783410138
1 0.19654605263157895 0.6733870967741935 0.10361842105263158 0.0587557603686636
1 0.4975328947368421 0.673963133640553 0.16940789473684212 0.0576036866359447
1 0.8018092105263158 0.6710829493087558 0.23519736842105263 0.0587557603686636
1 0.3569078947368421 0.929147465437788 0.14144736842105263 0.06105990783410138
1 0.6611842105263158 0.9285714285714286 0.22697368421052633 0.06221198156682028
