0 0.19820554649265906 0.43137254901960786 0.17781402936378465 0.020761245674740483
0 0.49184339314845027 0.43079584775086505 0.19738988580750408 0.0196078431372549
0 0.799347471451876 0.43079584775086505 0.21533442088091354 0.0196078431372549
2 0.19412724306688417 0.4682814302191465 0.048939641109298535 0.016147635524798153
0 0.4910277324632953 0.4682814302191465 0.04241435562805873 0.016147635524798153
0 0.7936378466557912 0.4682814302191465 0.04404567699836868 0.016147635524798153
0 0.1965742251223491 0.6528258362168397 0.2137030995106036 0.02306805074971165
0 0.799347471451876 0.6522491349480969 0.25774877650897227 0.02422145328719723
0 0.49429037520391517 0.654555940023068 0.23491027732463296 0.02422145328719723
2 0.19412724306688417 0.6897347174163783 0.048939641109298535 0.016147635524798153
2 0.4934747145187602 0.6903114186851211 0.10929853181076672 0.01730103806228374
2 0.7936378466557912 0.6897347174163783 0.04730831973898858 0.016147635524798153
0 0.3360522022838499 0.8737024221453287 0.19902120717781402 0.02422145328719723
2 0.34910277324632955 0.9123414071510957 0.04241435562805873 0.020761245674740483
0 0.6443719412724307 0.8713956170703575 0.18923327895595432 0.02422145328719723
2 0.6435562805872757 0.9331026528258363 0.04730831973898858 0.01845444059976932
1 0.19494290375203915 0.4486735870818916 0.17455138662316477 0.05536332179930796
1 0.4910277324632953 0.4469434832756632 0.20228384991843393 0.05420991926182238
1 0.7969004893964111 0.44925028835063435 0.2137030995106036 0.05651672433679354
1 0.19820554649265906 0.6701268742791234 0.22022838499184338 0.05767012687427912
1 0.4967373572593801 0.6701268742791234 0.2398042414355628 0.05767012687427912
1 0.7985318107667211 0.668396770472895 0.2561174551386623 0.058823529411764705
1 0.34910277324632955 0.8915801614763552 0.26753670473083196 0.06228373702422145
1 0.6443719412724307 0.9025374855824683 0.19575856443719414 0.08419838523644751
0 0.6460032626427407 0.8956170703575548 0.10766721044045677 0.02191464821222607
