0 0.2876712328767123 0.2534207525655644 0.3416599516518936 0.037058152793614595
2 0.8759065269943593 0.2542759407069555 0.1514907332796132 0.0330672748004561
2 0.6559226430298146 0.25456100342075255 0.14826752618855762 0.029076396807297605
0 0.2687348912167607 0.3169897377423033 0.29572925060435135 0.036488027366020526
2 0.6579371474617244 0.3201254275940707 0.14746172441579372 0.027936145952109463
2 0.8763094278807413 0.3209806157354618 0.14585012087026591 0.029646522234891677
0 0.33521353746978244 0.3885404789053592 0.43190975020145045 0.03933865450399088
2 0.6579371474617244 0.3885404789053592 0.14746172441579372 0.029076396807297605
2 0.878323932312651 0.3879703534777651 0.1498791297340854 0.027936145952109463
0 0.2800161160354553 0.4532497149372862 0.3182917002417405 0.03876852907639681
2 0.8831587429492345 0.4532497149372862 0.16599516518936341 0.0330672748004561
2 0.6567284448025785 0.45381984036488027 0.1498791297340854 0.029646522234891677
0 0.16277195809830783 0.7822120866590649 0.12248186946011282 0.03534777651083238
0 0.5781627719580983 0.7810718358038768 0.23448831587429492 0.029646522234891677
0 0.5370668815471394 0.8195553021664767 0.1522965350523771 0.03135689851767389
0 0.20145044319097502 0.8241163055872291 0.1998388396454472 0.03819840364880274
0 0.5269943593875906 0.862599771949829 0.1385979049153908 0.03192702394526796
0 0.18694601128122482 0.8594640820980616 0.17405318291700242 0.030216647662485746
0 0.17848509266720386 0.8993728620296465 0.15390813859790492 0.03249714937286203
0 0.6063658340048348 0.8976624857468644 0.29572925060435135 0.03591790193842646
0 0.16760676873489122 0.9384264538198404 0.13215149073327961 0.0330672748004561
2 0.26672038678485094 0.7819270239452679 0.06124093473005641 0.029076396807297605
2 0.3114423851732474 0.8985176738882554 0.08299758259468171 0.028506271379703536
2 0.32997582594681707 0.8600342075256556 0.07655116841257051 0.029076396807297605
2 0.34971796937953264 0.8206955530216647 0.06124093473005641 0.029076396807297605
2 0.2912973408541499 0.9384264538198404 0.08299758259468171 0.029646522234891677
2 0.8037872683319903 0.8990877993158495 0.08299758259468171 0.028506271379703536
2 0.6659951651893634 0.8209806157354618 0.08299758259468171 0.028506271379703536
2 0.6506849315068494 0.8603192702394526 0.08299758259468171 0.028506271379703536
2 0.7481869460112812 0.7816419612314709 0.08299758259468171 0.028506271379703536
1 0.19943593875906526 0.7807867730900798 0.20064464141821112 0.03249714937286203
1 0.23972602739726026 0.82212086659065 0.27961321514907334 0.036488027366020526
1 0.23327961321514906 0.8594640820980616 0.26672038678485094 0.03249714937286203
1 0.22804190169218372 0.8990877993158495 0.25302175664786464 0.028506271379703536
1 0.21676067687348913 0.9372862029646523 0.23045930701047543 0.03078677309007982
1 0.6240934730056407 0.7816419612314709 0.3295729250604351 0.03078677309007982
1 0.5838033843674456 0.8209806157354618 0.24738114423851731 0.0330672748004561
1 0.6514907332796133 0.8970923603192702 0.38759065269943593 0.03819840364880274
1 0.5753424657534246 0.8606043329532497 0.23690572119258663 0.03135689851767389
1 0.5330378726833199 0.25114025085518815 0.8452860596293312 0.03477765108323831
1 0.5366639806607575 0.31727480045610035 0.8251410153102336 0.03135689851767389
1 0.5378726833199033 0.3862599771949829 0.8340048348106366 0.037058152793614595
1 0.547945205479452 0.4506841505131129 0.8444802578565673 0.03933865450399088
