0 0.2997582594681708 0.233751425313569 0.314262691377921 0.03420752565564424
2 0.5108783239323127 0.23175598631698974 0.08058017727639001 0.033637400228050174
0 0.27598710717163577 0.2853477765108324 0.26833199033037874 0.030216647662485746
2 0.5463336019339242 0.28677309007981755 0.1643835616438356 0.0330672748004561
0 0.2695406929895246 0.3215507411630559 0.25543916196615635 0.03420752565564424
2 0.541095890410959 0.322690992018244 0.17647058823529413 0.036488027366020526
0 0.24174053182917002 0.3554732041049031 0.1917808219178082 0.03249714937286203
2 0.5036261079774376 0.3566134549600912 0.08702659145850121 0.027936145952109463
0 0.24697824335213536 0.6587799315849487 0.24093473005640612 0.030216647662485746
0 0.5145044319097501 0.6556442417331813 0.06365834004834811 0.026225769669327253
0 0.18090249798549557 0.6918472063854048 0.10717163577759871 0.026795895096921322
0 0.5181305398871877 0.6921322690992018 0.07091055600322321 0.026225769669327253
0 0.233682514101531 0.7286202964652223 0.21595487510072522 0.03078677309007982
0 0.5141015310233682 0.7280501710376283 0.06285253827558421 0.02508551881413911
0 0.27880741337630943 0.7631128848346637 0.30620467365028203 0.033637400228050174
0 0.5128928283642225 0.7645381984036488 0.06365834004834811 0.02508551881413911
0 0.21958098307816276 0.79903078677309 0.1861402095084609 0.03477765108323831
0 0.5128928283642225 0.8001710376282782 0.0652699435938759 0.026795895096921322
0 0.23489121676067687 0.8343785632839225 0.2199838839645447 0.03135689851767389
0 0.5165189363416599 0.8360889395667047 0.07091055600322321 0.02565564424173318
0 0.2618855761482675 0.871436716077537 0.26913779210314265 0.03135689851767389
0 0.5173247381144238 0.8720068415051311 0.07091055600322321 0.026795895096921322
0 0.19137792103142626 0.9084948688711516 0.1361804995970991 0.029076396807297605
0 0.5177276390008058 0.9082098061573546 0.07010475423045931 0.026225769669327253
1 0.34810636583400484 0.2331812998859749 0.40773569701853346 0.03420752565564424
1 0.38477034649476227 0.2836374002280502 0.48912167606768736 0.030216647662485746
1 0.3896051571313457 0.3209806157354618 0.48589846897663175 0.0330672748004561
1 0.346897663174859 0.3540478905359179 0.40209508460918614 0.0330672748004561
1 0.34045124899274776 0.6915621436716077 0.42788074133763093 0.028506271379703536
1 0.33601933924254634 0.6584948688711516 0.4238517324738114 0.03078677309007982
1 0.33601933924254634 0.7291904218928165 0.41901692183722805 0.03078677309007982
1 0.3356164383561644 0.7628278221208666 0.42143432715551976 0.0330672748004561
1 0.33601933924254634 0.7998859749144812 0.4238517324738114 0.03420752565564424
1 0.33924254633360196 0.8355188141391106 0.42868654311039484 0.030216647662485746
1 0.3396454472199839 0.870581527936146 0.42788074133763093 0.03078677309007982
1 0.3380338436744561 0.9082098061573546 0.42788074133763093 0.029646522234891677
