0 0.4161966156325544 0.23346636259977194 0.5487510072522159 0.03249714937286203
2 0.5999194198227236 0.23118586088939566 0.17002417405318293 0.037058152793614595
0 0.2510072522159549 0.34007981755986316 0.20225624496373892 0.03591790193842646
2 0.42788074133763093 0.33836944127708096 0.048348106365834004 0.027936145952109463
2 0.4290894439967768 0.3742873432155074 0.0652699435938759 0.026795895096921322
0 0.23851732473811443 0.3757126567844926 0.177276390008058 0.026225769669327253
0 0.22280419016921837 0.41191562143671606 0.16035455278001612 0.029076396807297605
2 0.42224012892828366 0.4107753705815279 0.07091055600322321 0.026795895096921322
0 0.2558420628525383 0.44726339794754844 0.22320709105560033 0.029076396807297605
0 0.2191780821917808 0.48261117445838086 0.15310233682514102 0.026795895096921322
2 0.41579371474617244 0.48375142531356896 0.072522159548751 0.026795895096921322
2 0.4081385979049154 0.5185290763968073 0.07332796132151491 0.027936145952109463
0 0.24133763094278807 0.5210946408209807 0.20064464141821112 0.03534777651083238
2 0.40934730056406127 0.5550171037628279 0.07091055600322321 0.027936145952109463
0 0.2191780821917808 0.5555872291904219 0.15310233682514102 0.026795895096921322
0 0.38759065269943593 0.6194412770809579 0.45447219983883963 0.03477765108323831
2 0.5249798549556809 0.620866590649943 0.16841257050765512 0.0330672748004561
1 0.3879935535858179 0.6197263397947549 0.45044319097502017 0.03534777651083238
1 0.41659951651893634 0.23118586088939566 0.5447219983883964 0.037058152793614595
2 0.42062852538275586 0.4466932725199544 0.07091055600322321 0.026795895096921322
1 0.3029814665592264 0.33979475484606614 0.3045930701047542 0.03876852907639681
1 0.3058017727639001 0.3751425313568985 0.3134568896051571 0.026225769669327253
1 0.30016116035455276 0.4475484606613455 0.3166800966962127 0.03192702394526796
1 0.2997582594681708 0.41163055872291904 0.3158742949234488 0.029646522234891677
1 0.2977437550362611 0.48261117445838086 0.31023368251410155 0.030216647662485746
1 0.2921031426269138 0.5188141391106044 0.30539887187751813 0.0330672748004561
1 0.2937147461724416 0.5550171037628279 0.2989524576954069 0.029076396807297605
