0 0.21112006446414183 0.23118586088939566 0.15471394037066882 0.03249714937286203
2 0.4879129734085415 0.22947548460661346 0.06365834004834811 0.026795895096921322
0 0.2127316680096696 0.2671037628278221 0.1434327155519742 0.029076396807297605
2 0.4887187751813054 0.26567844925883694 0.06365834004834811 0.02508551881413911
0 0.2586623690572119 0.3047320410490308 0.233682514101531 0.030216647662485746
2 0.4895245769540693 0.30216647662485746 0.0652699435938759 0.02508551881413911
0 0.2054794520547945 0.3395096921322691 0.1305398871877518 0.029076396807297605
2 0.4903303787268332 0.3377993158494869 0.06688154713940371 0.026795895096921322
0 0.28283642224012895 0.3734321550741163 0.28364222401289285 0.028506271379703536
2 0.4879129734085415 0.3748574686431015 0.06365834004834811 0.026795895096921322
0 0.22038678485092666 0.41334093500570124 0.1522965350523771 0.029646522234891677
2 0.4879129734085415 0.4107753705815279 0.0652699435938759 0.02565564424173318
0 0.2586623690572119 0.4475484606613455 0.23851732473811443 0.027366020524515394
2 0.48912167606768736 0.44726339794754844 0.072522159548751 0.026795895096921322
0 0.2775987107171636 0.4848916761687571 0.26833199033037874 0.029076396807297605
2 0.4879129734085415 0.48261117445838086 0.0652699435938759 0.026795895096921322
0 0.22360999194198228 0.5199543899657925 0.1587429492344883 0.026225769669327253
2 0.4794520547945205 0.5199543899657925 0.048348106365834004 0.02508551881413911
0 0.24133763094278807 0.5590079817559863 0.1571313456889605 0.03477765108323831
2 0.4846897663174859 0.5558722919042189 0.06365834004834811 0.026225769669327253
1 0.32554391619661566 0.23118586088939566 0.3835616438356164 0.030216647662485746
1 0.33924254633360196 0.5595781071835804 0.354552780016116 0.03249714937286203
1 0.3331990330378727 0.2668187001140251 0.3827558420628525 0.029646522234891677
1 0.3315874294923449 0.3030216647662486 0.3827558420628525 0.03249714937286203
1 0.33279613215149073 0.338939566704675 0.3835616438356164 0.027936145952109463
1 0.3315874294923449 0.3748574686431015 0.38114423851732476 0.029076396807297605
1 0.33360193392425463 0.4136259977194983 0.37550362610797744 0.03135689851767389
1 0.33279613215149073 0.44811858608893956 0.3851732473811442 0.029646522234891677
1 0.33682514101531025 0.4846066134549601 0.37872683319903305 0.028506271379703536
1 0.3251410153102337 0.5196693272519954 0.3585817888799355 0.026795895096921322
