0 0.6552734375 0.13017955801104972 0.0380859375 0.015883977900552487
0 0.191650390625 0.1319060773480663 0.14990234375 0.019337016574585635
2 0.83935546875 0.13156077348066297 0.013671875 0.013121546961325966
2 0.32275390625 0.1319060773480663 0.01171875 0.012430939226519336
0 0.675537109375 0.1529696132596685 0.07861328125 0.017265193370165747
0 0.193603515625 0.15538674033149172 0.15673828125 0.019337016574585635
2 0.8388671875 0.1550414364640884 0.0126953125 0.014502762430939226
2 0.323486328125 0.15607734806629833 0.01318359375 0.012430939226519336
0 0.6728515625 0.17714088397790057 0.0732421875 0.017265193370165747
0 0.146484375 0.17921270718232044 0.0634765625 0.021408839779005526
2 0.83935546875 0.17886740331491713 0.013671875 0.013812154696132596
2 0.32373046875 0.18093922651933703 0.013671875 0.013812154696132596
0 0.655029296875 0.20165745856353592 0.03662109375 0.016574585635359115
0 0.160888671875 0.2058011049723757 0.08642578125 0.015193370165745856
2 0.3232421875 0.20441988950276244 0.0126953125 0.012430939226519336
2 0.85498046875 0.2037292817679558 0.013671875 0.015193370165745856
0 0.654541015625 0.22582872928176795 0.03466796875 0.015193370165745856
0 0.16162109375 0.2289364640883978 0.0927734375 0.017265193370165747
2 0.855712890625 0.2285911602209945 0.01220703125 0.013812154696132596
0 0.41015625 0.25172651933701656 0.0673828125 0.020027624309392266
0 0.679443359375 0.25103591160220995 0.08642578125 0.017265193370165747
0 0.152099609375 0.25172651933701656 0.07080078125 0.017265193370165747
2 0.323486328125 0.2534530386740331 0.01318359375 0.011049723756906077
2 0.599365234375 0.2527624309392265 0.01220703125 0.013812154696132596
2 0.85498046875 0.25172651933701656 0.013671875 0.015883977900552487
0 0.685302734375 0.2745165745856354 0.09814453125 0.017265193370165747
0 0.151123046875 0.2772790055248619 0.06689453125 0.015883977900552487
0 0.40576171875 0.27658839779005523 0.060546875 0.017265193370165747
2 0.599365234375 0.27658839779005523 0.01220703125 0.013121546961325966
2 0.855712890625 0.2776243093922652 0.01220703125 0.015193370165745856
2 0.330322265625 0.27831491712707185 0.02685546875 0.013812154696132596
0 0.674072265625 0.29799723756906077 0.07666015625 0.022790055248618785
0 0.151123046875 0.3011049723756906 0.06982421875 0.019337016574585635
0 0.414794921875 0.3007596685082873 0.07861328125 0.017265193370165747
2 0.32373046875 0.30179558011049723 0.013671875 0.013812154696132596
2 0.599365234375 0.3007596685082873 0.01220703125 0.011740331491712707
2 0.85498046875 0.3007596685082873 0.013671875 0.015883977900552487
0 0.6748046875 0.32285911602209943 0.0771484375 0.017265193370165747
0 0.15380859375 0.32527624309392267 0.0693359375 0.015193370165745856
0 0.416259765625 0.3242403314917127 0.07861328125 0.017265193370165747
2 0.3232421875 0.3259668508287293 0.0126953125 0.012430939226519336
2 0.599365234375 0.32562154696132595 0.01220703125 0.011740331491712707
2 0.8564453125 0.32562154696132595 0.013671875 0.011740331491712707
0 0.667724609375 0.3463397790055249 0.06298828125 0.017265193370165747
0 0.153076171875 0.34841160220994477 0.07080078125 0.017265193370165747
0 0.41552734375 0.3494475138121547 0.080078125 0.020718232044198894
2 0.8564453125 0.34841160220994477 0.013671875 0.017265193370165747
2 0.3232421875 0.349792817679558 0.0126953125 0.013121546961325966
2 0.599365234375 0.35013812154696133 0.01220703125 0.013812154696132596
0 0.659912109375 0.3705110497237569 0.04736328125 0.017265193370165747
2 0.3232421875 0.3736187845303867 0.0126953125 0.012430939226519336
0 0.41552734375 0.3725828729281768 0.0771484375 0.017265193370165747
0 0.162841796875 0.37396408839779005 0.09033203125 0.017265193370165747
2 0.599365234375 0.3743093922651934 0.01220703125 0.013812154696132596
2 0.83984375 0.3743093922651934 0.0146484375 0.012430939226519336
0 0.655029296875 0.394682320441989 0.03564453125 0.017265193370165747
0 0.154541015625 0.3981353591160221 0.07568359375 0.017265193370165747
2 0.32373046875 0.3981353591160221 0.013671875 0.013121546961325966
0 0.416748046875 0.3981353591160221 0.07958984375 0.017265193370165747
2 0.599365234375 0.3988259668508287 0.01220703125 0.013121546961325966
2 0.83935546875 0.3981353591160221 0.013671875 0.013121546961325966
0 0.674072265625 0.42023480662983426 0.07373046875 0.017265193370165747
0 0.16015625 0.42230662983425415 0.087890625 0.017265193370165747
2 0.3232421875 0.4233425414364641 0.0126953125 0.012430939226519336
0 0.4228515625 0.42230662983425415 0.091796875 0.017265193370165747
2 0.599365234375 0.4219613259668508 0.01220703125 0.013812154696132596
2 0.839111328125 0.42161602209944754 0.01318359375 0.013121546961325966
0 0.418701171875 0.4464779005524862 0.07861328125 0.018646408839779006
0 0.6611328125 0.4444060773480663 0.0498046875 0.017265193370165747
0 0.160888671875 0.4468232044198895 0.08642578125 0.019337016574585635
2 0.32373046875 0.44751381215469616 0.013671875 0.012430939226519336
2 0.83935546875 0.44578729281767954 0.013671875 0.013121546961325966
2 0.599365234375 0.44613259668508287 0.01220703125 0.013812154696132596
0 0.443603515625 0.4696132596685083 0.13037109375 0.015193370165745856
0 0.68115234375 0.4678867403314917 0.087890625 0.017265193370165747
0 0.15966796875 0.4699585635359116 0.083984375 0.017265193370165747
2 0.3232421875 0.4713397790055249 0.0126953125 0.013121546961325966
2 0.599365234375 0.4699585635359116 0.01220703125 0.013121546961325966
2 0.8388671875 0.47064917127071826 0.0126953125 0.014502762430939226
0 0.1533203125 0.4930939226519337 0.068359375 0.015193370165745856
2 0.3232421875 0.49620165745856354 0.0126953125 0.013121546961325966
0 0.161376953125 0.5148480662983426 0.09033203125 0.017265193370165747
0 0.672607421875 0.518646408839779 0.07080078125 0.019337016574585635
2 0.3232421875 0.5196823204419889 0.0126953125 0.013121546961325966
2 0.83984375 0.5196823204419889 0.0146484375 0.013121546961325966
0 0.667236328125 0.5421270718232044 0.06005859375 0.019337016574585635
0 0.15380859375 0.5428176795580111 0.0703125 0.019337016574585635
2 0.323486328125 0.5428176795580111 0.01318359375 0.013812154696132596
2 0.839599609375 0.5431629834254144 0.01416015625 0.013121546961325966
0 0.660888671875 0.5659530386740331 0.04736328125 0.017265193370165747
0 0.18115234375 0.5676795580110497 0.126953125 0.019337016574585635
2 0.323974609375 0.5676795580110497 0.01416015625 0.013812154696132596
2 0.8388671875 0.5676795580110497 0.0126953125 0.013812154696132596
0 0.172119140625 0.5925414364640884 0.10888671875 0.019337016574585635
2 0.323974609375 0.5928867403314917 0.01416015625 0.014502762430939226
0 0.66357421875 0.5925414364640884 0.0498046875 0.015193370165745856
2 0.83935546875 0.5925414364640884 0.013671875 0.012430939226519336
0 0.17529296875 0.6163674033149171 0.1123046875 0.018646408839779006
2 0.323486328125 0.6167127071823204 0.01318359375 0.015193370165745856
0 0.66162109375 0.6156767955801105 0.048828125 0.017265193370165747
2 0.839111328125 0.6170580110497238 0.01318359375 0.013121546961325966
0 0.4169921875 0.6367403314917127 0.080078125 0.019337016574585635
0 0.178466796875 0.6408839779005525 0.12158203125 0.020718232044198894
2 0.3232421875 0.6408839779005525 0.0126953125 0.013812154696132596
2 0.58447265625 0.6412292817679558 0.013671875 0.013121546961325966
0 0.4052734375 0.6591850828729282 0.056640625 0.017265193370165747
0 0.181884765625 0.664364640883978 0.12548828125 0.019337016574585635
2 0.584228515625 0.664364640883978 0.01318359375 0.015193370165745856
0 0.7080078125 0.6650552486187845 0.1416015625 0.017955801104972375
2 0.8388671875 0.6636740331491713 0.0126953125 0.012430939226519336
2 0.322998046875 0.6650552486187845 0.01220703125 0.013812154696132596
0 0.406494140625 0.6833563535911602 0.05908203125 0.017265193370165747
0 0.1865234375 0.68853591160221 0.134765625 0.020718232044198894
2 0.32275390625 0.6899171270718232 0.0126953125 0.015193370165745856
2 0.583984375 0.6892265193370166 0.0126953125 0.013812154696132596
0 0.71044921875 0.6899171270718232 0.1435546875 0.019337016574585635
2 0.840087890625 0.6881906077348067 0.01513671875 0.011740331491712707
0 0.406494140625 0.7085635359116023 0.05908203125 0.015193370165745856
0 0.179931640625 0.7130524861878453 0.12158203125 0.017265193370165747
2 0.32275390625 0.7130524861878453 0.013671875 0.013121546961325966
2 0.583984375 0.7130524861878453 0.0126953125 0.013121546961325966
0 0.7255859375 0.7151243093922652 0.173828125 0.018646408839779006
2 0.83935546875 0.7144337016574586 0.013671875 0.013121546961325966
0 0.4052734375 0.7330801104972375 0.056640625 0.017265193370165747
0 0.17529296875 0.7361878453038674 0.1123046875 0.019337016574585635
2 0.322998046875 0.7361878453038674 0.01416015625 0.012430939226519336
2 0.583740234375 0.736878453038674 0.01220703125 0.013812154696132596
0 0.705322265625 0.737914364640884 0.13330078125 0.018646408839779006
2 0.83935546875 0.7375690607734806 0.013671875 0.011049723756906077
0 0.172119140625 0.7617403314917127 0.10595703125 0.019337016574585635
2 0.32275390625 0.761049723756906 0.013671875 0.013812154696132596
0 0.699951171875 0.7617403314917127 0.12255859375 0.015193370165745856
2 0.839599609375 0.7613950276243094 0.01416015625 0.014502762430939226
0 0.201416015625 0.7838397790055248 0.16455078125 0.019337016574585635
2 0.3232421875 0.7831491712707183 0.0126953125 0.013812154696132596
0 0.72021484375 0.7862569060773481 0.166015625 0.018646408839779006
2 0.83984375 0.7862569060773481 0.0146484375 0.013121546961325966
0 0.714599609375 0.8076657458563536 0.14892578125 0.015883977900552487
2 0.838134765625 0.806975138121547 0.01318359375 0.013121546961325966
0 0.1494140625 0.8435773480662984 0.0576171875 0.017265193370165747
0 0.7060546875 0.8435773480662984 0.134765625 0.017265193370165747
0 0.4091796875 0.8435773480662984 0.064453125 0.017265193370165747
2 0.840576171875 0.8435773480662984 0.01318359375 0.013121546961325966
0 0.322021484375 0.8449585635359116 0.01220703125 0.011740331491712707
2 0.587646484375 0.8449585635359116 0.01220703125 0.011740331491712707
0 0.1494140625 0.8677486187845304 0.0576171875 0.017265193370165747
0 0.427734375 0.8677486187845304 0.099609375 0.017265193370165747
2 0.588134765625 0.8677486187845304 0.01318359375 0.013121546961325966
0 0.67138671875 0.8687845303867403 0.0654296875 0.015193370165745856
2 0.83935546875 0.8680939226519337 0.013671875 0.013812154696132596
0 0.322021484375 0.868439226519337 0.01220703125 0.011740331491712707
0 0.170166015625 0.892610497237569 0.09912109375 0.018646408839779006
0 0.429931640625 0.892610497237569 0.10302734375 0.018646408839779006
0 0.678466796875 0.8919198895027625 0.08251953125 0.017265193370165747
2 0.83935546875 0.893646408839779 0.013671875 0.013812154696132596
0 0.322998046875 0.892610497237569 0.01220703125 0.011740331491712707
2 0.588623046875 0.893646408839779 0.01220703125 0.013812154696132596
0 0.137451171875 0.9164364640883977 0.03173828125 0.015193370165745856
0 0.441650390625 0.9160911602209945 0.12451171875 0.020027624309392266
0 0.651123046875 0.9154005524861878 0.02783203125 0.017265193370165747
0 0.322021484375 0.9174723756906077 0.01220703125 0.013121546961325966
2 0.58984375 0.9181629834254144 0.0146484375 0.014502762430939226
2 0.840087890625 0.9174723756906077 0.01220703125 0.013121546961325966
0 0.158203125 0.9395718232044199 0.0732421875 0.017265193370165747
0 0.410888671875 0.9395718232044199 0.06298828125 0.017265193370165747
0 0.657958984375 0.9412983425414365 0.03955078125 0.017955801104972375
0 0.3212890625 0.9406077348066298 0.013671875 0.015193370165745856
2 0.58935546875 0.9412983425414365 0.013671875 0.013812154696132596
2 0.840087890625 0.9412983425414365 0.01220703125 0.013812154696132596
2 0.323486328125 0.2285911602209945 0.01220703125 0.012430939226519336
1 0.230712890625 0.7838397790055248 0.22412109375 0.020718232044198894
1 0.2314453125 0.7617403314917127 0.2255859375 0.020718232044198894
1 0.2314453125 0.7361878453038674 0.2236328125 0.019337016574585635
1 0.2314453125 0.712707182320442 0.2255859375 0.019337016574585635
1 0.2314453125 0.6881906077348067 0.2265625 0.021408839779005526
1 0.230712890625 0.664364640883978 0.22509765625 0.017955801104972375
1 0.2314453125 0.6170580110497238 0.2255859375 0.020027624309392266
1 0.23046875 0.6405386740331491 0.2265625 0.020027624309392266
1 0.23095703125 0.5928867403314917 0.2275390625 0.020027624309392266
1 0.230712890625 0.5669889502762431 0.22705078125 0.020718232044198894
1 0.2314453125 0.5431629834254144 0.2265625 0.020027624309392266
1 0.230712890625 0.5148480662983426 0.22802734375 0.021408839779005526
1 0.2314453125 0.493439226519337 0.2265625 0.018646408839779006
1 0.2314453125 0.469267955801105 0.2265625 0.018646408839779006
1 0.23095703125 0.4471685082872928 0.2265625 0.018646408839779006
1 0.23095703125 0.42299723756906077 0.2265625 0.018646408839779006
1 0.23095703125 0.3974447513812155 0.2265625 0.018646408839779006
1 0.23046875 0.37327348066298344 0.2265625 0.018646408839779006
1 0.231689453125 0.32562154696132595 0.22607421875 0.015883977900552487
1 0.23095703125 0.34875690607734805 0.2265625 0.016574585635359115
1 0.231201171875 0.3014502762430939 0.22802734375 0.018646408839779006
1 0.230712890625 0.2779696132596685 0.22802734375 0.018646408839779006
1 0.230712890625 0.2520718232044199 0.22802734375 0.016574585635359115
1 0.22998046875 0.22824585635359115 0.2265625 0.017265193370165747
1 0.22998046875 0.13294198895027623 0.2265625 0.017265193370165747
1 0.22998046875 0.15538674033149172 0.2294921875 0.019337016574585635
1 0.229736328125 0.17921270718232044 0.22900390625 0.022790055248618785
1 0.231201171875 0.20511049723756905 0.22705078125 0.016574585635359115
1 0.490478515625 0.25172651933701656 0.22900390625 0.020027624309392266
1 0.491455078125 0.3491022099447514 0.23193359375 0.020027624309392266
1 0.492919921875 0.44578729281767954 0.22900390625 0.020027624309392266
1 0.490966796875 0.2755524861878453 0.23193359375 0.017955801104972375
1 0.490966796875 0.30006906077348067 0.23193359375 0.017265193370165747
1 0.491455078125 0.32493093922651933 0.23095703125 0.018646408839779006
1 0.491455078125 0.3729281767955801 0.23095703125 0.019337016574585635
1 0.491455078125 0.42299723756906077 0.22900390625 0.018646408839779006
1 0.491455078125 0.39709944751381215 0.23095703125 0.019337016574585635
1 0.49169921875 0.4703038674033149 0.228515625 0.017955801104972375
1 0.4921875 0.637085635359116 0.23046875 0.021408839779005526
1 0.4921875 0.6616022099447514 0.2294921875 0.020718232044198894
1 0.4921875 0.6850828729281768 0.23046875 0.020718232044198894
1 0.4921875 0.710635359116022 0.2294921875 0.019337016574585635
1 0.491943359375 0.7351519337016574 0.22998046875 0.021408839779005526
1 0.48486328125 0.8428867403314917 0.216796875 0.017265193370165747
1 0.48681640625 0.8677486187845304 0.216796875 0.017265193370165747
1 0.48681640625 0.892610497237569 0.216796875 0.017265193370165747
1 0.494384765625 0.9164364640883977 0.23193359375 0.020718232044198894
1 0.494873046875 0.9395718232044199 0.23193359375 0.018646408839779006
1 0.74951171875 0.8435773480662984 0.2236328125 0.018646408839779006
1 0.748291015625 0.8919198895027625 0.22412109375 0.018646408839779006
1 0.74169921875 0.9154005524861878 0.2119140625 0.018646408839779006
1 0.7431640625 0.9409530386740331 0.208984375 0.017265193370165747
1 0.74951171875 0.868439226519337 0.2216796875 0.017265193370165747
1 0.750732421875 0.6654005524861878 0.22705078125 0.018646408839779006
1 0.751220703125 0.6902624309392266 0.22607421875 0.020027624309392266
1 0.7509765625 0.7154696132596685 0.2255859375 0.019337016574585635
1 0.751220703125 0.737914364640884 0.22607421875 0.018646408839779006
1 0.75048828125 0.7866022099447514 0.2265625 0.019337016574585635
1 0.7421875 0.8083563535911602 0.205078125 0.015883977900552487
1 0.7509765625 0.7617403314917127 0.2255859375 0.016574585635359115
1 0.750244140625 0.5189917127071824 0.22705078125 0.021408839779005526
1 0.751220703125 0.5921961325966851 0.22509765625 0.017265193370165747
1 0.75 0.5662983425414365 0.2275390625 0.017955801104972375
1 0.750732421875 0.5421270718232044 0.22802734375 0.017955801104972375
1 0.75048828125 0.6167127071823204 0.2275390625 0.016574585635359115
1 0.7490234375 0.13052486187845305 0.2275390625 0.017955801104972375
1 0.749755859375 0.15366022099447513 0.22705078125 0.017265193370165747
1 0.749267578125 0.17748618784530387 0.22705078125 0.019337016574585635
1 0.75 0.2013121546961326 0.2275390625 0.017265193370165747
1 0.7509765625 0.22617403314917128 0.2275390625 0.017265193370165747
1 0.7490234375 0.25103591160220995 0.2275390625 0.017265193370165747
1 0.7490234375 0.2738259668508287 0.2275390625 0.017265193370165747
1 0.74951171875 0.32285911602209943 0.2275390625 0.017265193370165747
1 0.748779296875 0.29765193370165743 0.22607421875 0.023480662983425413
1 0.75 0.3470303867403315 0.228515625 0.021408839779005526
1 0.7509765625 0.3701657458563536 0.228515625 0.019337016574585635
1 0.7509765625 0.3953729281767956 0.2275390625 0.020027624309392266
1 0.751220703125 0.4198895027624309 0.22705078125 0.019337016574585635
1 0.75 0.4437154696132597 0.2275390625 0.018646408839779006
1 0.750732421875 0.46857734806629836 0.22607421875 0.020027624309392266
2 0.33740234375 0.13259668508287292 0.01171875 0.012430939226519336
2 0.336669921875 0.15607734806629833 0.01318359375 0.012430939226519336
2 0.337890625 0.17955801104972377 0.013671875 0.013812154696132596
2 0.33740234375 0.20441988950276244 0.0126953125 0.012430939226519336
2 0.337646484375 0.22790055248618785 0.01220703125 0.012430939226519336
2 0.338134765625 0.2527624309392265 0.01318359375 0.011049723756906077
2 0.337890625 0.30179558011049723 0.013671875 0.013812154696132596
2 0.337890625 0.32527624309392267 0.0126953125 0.012430939226519336
2 0.337890625 0.3491022099447514 0.0126953125 0.013121546961325966
2 0.33740234375 0.3729281767955801 0.0126953125 0.012430939226519336
2 0.33740234375 0.3988259668508287 0.013671875 0.013121546961325966
2 0.337890625 0.42265193370165743 0.0126953125 0.012430939226519336
2 0.337890625 0.4468232044198895 0.013671875 0.012430939226519336
2 0.337890625 0.47064917127071826 0.0126953125 0.013121546961325966
2 0.337890625 0.49482044198895025 0.0126953125 0.013121546961325966
2 0.337890625 0.5189917127071824 0.0126953125 0.013121546961325966
2 0.338134765625 0.5435082872928176 0.01318359375 0.013812154696132596
2 0.337646484375 0.5676795580110497 0.01416015625 0.013812154696132596
2 0.338134765625 0.5928867403314917 0.01416015625 0.014502762430939226
2 0.337890625 0.6401933701657458 0.0126953125 0.013812154696132596
2 0.337890625 0.6167127071823204 0.0126953125 0.013812154696132596
2 0.337158203125 0.664364640883978 0.01220703125 0.013812154696132596
2 0.33740234375 0.7603591160220995 0.013671875 0.013812154696132596
2 0.3369140625 0.7838397790055248 0.013671875 0.013812154696132596
2 0.337646484375 0.7361878453038674 0.01416015625 0.012430939226519336
2 0.3369140625 0.712707182320442 0.0126953125 0.015193370165745856
2 0.337890625 0.68853591160221 0.0126953125 0.015193370165745856
2 0.603515625 0.9406077348066298 0.013671875 0.013812154696132596
2 0.603515625 0.9178176795580111 0.013671875 0.013812154696132596
2 0.60107421875 0.68853591160221 0.0126953125 0.013812154696132596
2 0.60009765625 0.6650552486187845 0.0126953125 0.013812154696132596
2 0.60009765625 0.6408839779005525 0.0126953125 0.013812154696132596
2 0.6005859375 0.7130524861878453 0.0126953125 0.013121546961325966
2 0.6005859375 0.7372237569060773 0.0126953125 0.013121546961325966
2 0.853515625 0.893646408839779 0.013671875 0.013812154696132596
2 0.853515625 0.8680939226519337 0.013671875 0.013812154696132596
2 0.854736328125 0.8435773480662984 0.01318359375 0.013121546961325966
2 0.85546875 0.17955801104972377 0.013671875 0.013812154696132596
2 0.85546875 0.1550414364640884 0.0126953125 0.014502762430939226
2 0.85498046875 0.13156077348066297 0.013671875 0.013121546961325966
2 0.85693359375 0.47064917127071826 0.0126953125 0.014502762430939226
2 0.85595703125 0.4450966850828729 0.013671875 0.013121546961325966
2 0.857177734375 0.42161602209944754 0.01318359375 0.013121546961325966
2 0.857421875 0.3974447513812155 0.013671875 0.013121546961325966
2 0.8564453125 0.3736187845303867 0.0146484375 0.012430939226519336
2 0.85595703125 0.7862569060773481 0.0146484375 0.013121546961325966
2 0.856689453125 0.7607044198895028 0.01416015625 0.014502762430939226
2 0.85693359375 0.7375690607734806 0.013671875 0.011049723756906077
2 0.85693359375 0.7137430939226519 0.013671875 0.013121546961325966
2 0.857177734375 0.6881906077348067 0.01513671875 0.011740331491712707
2 0.85693359375 0.6636740331491713 0.0126953125 0.012430939226519336
2 0.85693359375 0.5918508287292817 0.013671875 0.012430939226519336
2 0.8564453125 0.6167127071823204 0.013671875 0.012430939226519336
2 0.85693359375 0.5676795580110497 0.0126953125 0.013812154696132596
2 0.856689453125 0.543853591160221 0.01416015625 0.013121546961325966
2 0.8564453125 0.5189917127071824 0.0146484375 0.013121546961325966
