0 0.821044921875 0.38501381215469616 0.21533203125 0.028314917127071824
2 0.254638671875 0.3846685082872928 0.03369140625 0.03038674033149171
0 0.599853515625 0.38328729281767954 0.21044921875 0.024861878453038673
2 0.211181640625 0.7303176795580111 0.03173828125 0.031077348066298343
0 0.392578125 0.6999309392265194 0.2109375 0.031077348066298343
0 0.60986328125 0.6975138121546961 0.2119140625 0.026243093922651933
0 0.8271484375 0.6982044198895028 0.197265625 0.024861878453038673
0 0.175537109375 0.6992403314917127 0.19580078125 0.025552486187845305
0 0.166015625 0.805939226519337 0.1328125 0.027624309392265192
0 0.444091796875 0.8090469613259669 0.12646484375 0.028314917127071824
0 0.738525390625 0.8080110497237569 0.07958984375 0.026243093922651933
2 0.864013671875 0.8087016574585635 0.03173828125 0.027624309392265192
0 0.14990234375 0.8501381215469613 0.1015625 0.03591160220994475
0 0.7275390625 0.8491022099447514 0.0576171875 0.028314917127071824
0 0.437255859375 0.8511740331491713 0.11279296875 0.028314917127071824
2 0.863037109375 0.851864640883978 0.03173828125 0.029696132596685083
0 0.770751953125 0.8912292817679558 0.14208984375 0.031077348066298343
0 0.1630859375 0.8922651933701657 0.1298828125 0.029005524861878452
0 0.438232421875 0.8922651933701657 0.11181640625 0.029005524861878452
0 0.7548828125 0.9347375690607734 0.1044921875 0.029696132596685083
2 0.636962890625 0.4143646408839779 0.03369140625 0.03038674033149171
2 0.864501953125 0.412292817679558 0.03369140625 0.03038674033149171
2 0.431884765625 0.4157458563535912 0.03369140625 0.03038674033149171
0 0.16064453125 0.38743093922651933 0.1279296875 0.03038674033149171
0 0.358642578125 0.41470994475138123 0.09619140625 0.028314917127071824
1 0.185302734375 0.38363259668508287 0.17919921875 0.03798342541436464
1 0.38427734375 0.3995165745856354 0.1982421875 0.06560773480662983
1 0.6005859375 0.400207182320442 0.2119140625 0.05593922651933702
1 0.822021484375 0.400207182320442 0.21728515625 0.057320441988950276
2 0.653564453125 0.7303176795580111 0.03173828125 0.031077348066298343
2 0.435302734375 0.7310082872928176 0.03173828125 0.031077348066298343
2 0.879150390625 0.726864640883978 0.03173828125 0.031077348066298343
1 0.175537109375 0.7175414364640884 0.19482421875 0.062154696132596686
1 0.393310546875 0.7161602209944752 0.21337890625 0.06353591160220995
1 0.611572265625 0.7147790055248618 0.21337890625 0.06353591160220995
1 0.828125 0.7161602209944752 0.1982421875 0.062154696132596686
2 0.254150390625 0.806975138121547 0.03662109375 0.028314917127071824
2 0.864013671875 0.8915745856353591 0.03173828125 0.027624309392265192
2 0.864501953125 0.9343922651933702 0.03173828125 0.027624309392265192
2 0.533935546875 0.8083563535911602 0.03662109375 0.028314917127071824
2 0.251220703125 0.8884668508287292 0.03662109375 0.028314917127071824
2 0.247314453125 0.8470303867403315 0.03662109375 0.028314917127071824
2 0.532958984375 0.8919198895027625 0.03662109375 0.028314917127071824
2 0.533447265625 0.851864640883978 0.03662109375 0.028314917127071824
1 0.186767578125 0.8062845303867403 0.17333984375 0.028314917127071824
1 0.1845703125 0.8504834254143646 0.1708984375 0.0324585635359116
1 0.18408203125 0.8905386740331491 0.1708984375 0.0324585635359116
1 0.465576171875 0.8097375690607734 0.17333984375 0.028314917127071824
1 0.468505859375 0.8504834254143646 0.17333984375 0.028314917127071824
1 0.468505859375 0.8915745856353591 0.17041015625 0.029005524861878452
1 0.7900390625 0.8076657458563536 0.1865234375 0.029696132596685083
1 0.7900390625 0.8504834254143646 0.181640625 0.028314917127071824
1 0.7890625 0.8908839779005525 0.181640625 0.027624309392265192
1 0.79296875 0.9333563535911602 0.181640625 0.028314917127071824
0 0.139404296875 0.7306629834254144 0.09228515625 0.027624309392265192
0 0.361328125 0.7289364640883977 0.099609375 0.031077348066298343
0 0.58203125 0.726864640883978 0.0947265625 0.025552486187845305
0 0.80615234375 0.7261740331491713 0.091796875 0.024171270718232045
0 0.3837890625 0.381560773480663 0.1982421875 0.031077348066298343
0 0.565673828125 0.4143646408839779 0.09619140625 0.03038674033149171
0 0.793212890625 0.41263812154696133 0.09033203125 0.026933701657458564
