0 0.2647275405007364 0.1748046875 0.3070692194403535 0.025390625
2 0.8269513991163475 0.175048828125 0.11782032400589101 0.02294921875
0 0.2853460972017673 0.23876953125 0.34977908689248893 0.0361328125
2 0.8276877761413843 0.240234375 0.11634756995581738 0.025390625
2 0.8280559646539027 0.306640625 0.1170839469808542 0.025390625
0 0.2190721649484536 0.31005859375 0.21281296023564064 0.025390625
2 0.8262150220913107 0.381103515625 0.11487481590574374 0.02099609375
0 0.2702503681885125 0.38525390625 0.31516936671575846 0.02734375
0 0.22091310751104565 0.4619140625 0.21796759941089838 0.0283203125
2 0.8280559646539027 0.459228515625 0.11413843888070692 0.02099609375
2 0.8276877761413843 0.535888671875 0.11634756995581738 0.02490234375
0 0.26767304860088365 0.539306640625 0.312960235640648 0.02490234375
0 0.2709867452135493 0.6220703125 0.3225331369661267 0.0283203125
2 0.8262150220913107 0.619384765625 0.11487481590574374 0.02099609375
2 0.8280559646539027 0.7001953125 0.11413843888070692 0.021484375
0 0.2930780559646539 0.703369140625 0.3637702503681885 0.02490234375
0 0.3181148748159057 0.7783203125 0.41237113402061853 0.0263671875
2 0.8280559646539027 0.775390625 0.1170839469808542 0.025390625
2 0.8240058910162003 0.850341796875 0.11487481590574374 0.02001953125
0 0.28313696612665684 0.85498046875 0.3438880706921944 0.0263671875
2 0.8247422680412371 0.922607421875 0.11487481590574374 0.02490234375
0 0.22422680412371135 0.9267578125 0.22312223858615612 0.0263671875
1 0.5014727540500736 0.175537109375 0.7761413843888071 0.02880859375
1 0.5011045655375552 0.23974609375 0.7827687776141384 0.0361328125
1 0.5003681885125184 0.30712890625 0.7754050073637703 0.033203125
1 0.5003681885125184 0.3837890625 0.7754050073637703 0.033203125
1 0.4959499263622975 0.46142578125 0.7754050073637703 0.033203125
1 0.5003681885125184 0.5400390625 0.7754050073637703 0.033203125
1 0.4988954344624448 0.61962890625 0.7754050073637703 0.033203125
1 0.5003681885125184 0.77685546875 0.7754050073637703 0.033203125
1 0.49742268041237114 0.85498046875 0.7754050073637703 0.033203125
1 0.5011045655375552 0.92578125 0.7754050073637703 0.033203125
1 0.4963181148748159 0.699462890625 0.7776141384388807 0.02978515625
