0 0.1966019417475728 0.160888671875 0.2059639389736477 0.03173828125
2 0.8602635228848821 0.1611328125 0.16158113730929266 0.029296875
0 0.3765603328710125 0.211669921875 0.5700416088765603 0.03173828125
2 0.8502080443828016 0.21240234375 0.18585298196948682 0.0302734375
0 0.39944521497919555 0.259765625 0.6171983356449375 0.04296875
2 0.8502080443828016 0.259765625 0.18585298196948682 0.029296875
0 0.2250346740638003 0.309326171875 0.2669902912621359 0.03173828125
2 0.8502080443828016 0.310791015625 0.18585298196948682 0.02880859375
0 0.23613037447988905 0.356201171875 0.28918169209431344 0.03173828125
2 0.8502080443828016 0.35693359375 0.18585298196948682 0.0302734375
0 0.3058252427184466 0.405517578125 0.43134535367545074 0.03857421875
2 0.8502080443828016 0.404541015625 0.18585298196948682 0.02880859375
0 0.23335644937586686 0.45654296875 0.28363384188626906 0.037109375
2 0.848127600554785 0.45458984375 0.18585298196948682 0.0302734375
0 0.2288488210818308 0.50732421875 0.27461858529819694 0.0400390625
2 0.8474341192787794 0.504150390625 0.18723994452149792 0.03076171875
0 0.29160887656033285 0.554443359375 0.4001386962552011 0.03466796875
2 0.8474341192787794 0.5556640625 0.18723994452149792 0.029296875
0 0.22988904299583912 0.605224609375 0.28363384188626906 0.03173828125
2 0.8463938973647711 0.605712890625 0.18515950069348128 0.03076171875
0 0.28502080443828015 0.6591796875 0.39528432732316227 0.041015625
2 0.8443134535367545 0.6591796875 0.18932038834951456 0.0302734375
0 0.2354368932038835 0.710693359375 0.2947295423023578 0.03173828125
2 0.8436199722607489 0.7119140625 0.18793342579750347 0.029296875
0 0.24098474341192788 0.761474609375 0.3058252427184466 0.03173828125
2 0.8425797503467406 0.761962890625 0.18585298196948682 0.03076171875
0 0.23335644937586686 0.813232421875 0.28779472954230234 0.03173828125
2 0.8436199722607489 0.814697265625 0.18793342579750347 0.02880859375
0 0.32385575589459087 0.8671875 0.4646324549237171 0.033203125
2 0.8425797503467406 0.867919921875 0.18585298196948682 0.02880859375
1 0.5201109570041609 0.16162109375 0.8502080443828016 0.033203125
1 0.5187239944521498 0.21044921875 0.8502080443828016 0.033203125
1 0.5187239944521498 0.31005859375 0.8502080443828016 0.033203125
1 0.5159500693481276 0.25927734375 0.855755894590846 0.0458984375
1 0.5187239944521498 0.3544921875 0.8502080443828016 0.033203125
1 0.5180305131761442 0.40380859375 0.8515950069348127 0.0390625
1 0.5145631067961165 0.505615234375 0.855755894590846 0.04541015625
1 0.513869625520111 0.55712890625 0.8515950069348127 0.0390625
1 0.5180305131761442 0.457763671875 0.8515950069348127 0.03466796875
1 0.5110957004160888 0.6064453125 0.8474341192787794 0.033203125
1 0.5142163661581137 0.659423828125 0.8564493758668515 0.03955078125
1 0.5149098474341193 0.71142578125 0.8550624133148405 0.03515625
1 0.5117891816920943 0.761962890625 0.8543689320388349 0.03369140625
1 0.5142163661581137 0.814453125 0.8564493758668515 0.03125
1 0.5176837725381415 0.86767578125 0.8564493758668515 0.03125
