0 0.581787109375 0.12462462462462462 0.13134765625 0.02702702702702703
2 0.939697265625 0.12162162162162163 0.01611328125 0.021021021021021023
0 0.3173828125 0.12575075075075076 0.0634765625 0.024774774774774775
2 0.6982421875 0.1234984984984985 0.0146484375 0.02027027027027027
0 0.818359375 0.12837837837837837 0.1455078125 0.028528528528528527
2 0.467041015625 0.12424924924924925 0.01611328125 0.01876876876876877
0 0.131103515625 0.14564564564564564 0.18017578125 0.025525525525525526
0 0.316650390625 0.18656156156156156 0.06201171875 0.027777777777777776
0 0.589111328125 0.18543543543543545 0.14599609375 0.024024024024024024
0 0.8359375 0.1966966966966967 0.18359375 0.04804804804804805
2 0.93896484375 0.18355855855855857 0.0146484375 0.02027027027027027
2 0.46630859375 0.18543543543543545 0.0146484375 0.021021021021021023
2 0.699462890625 0.18656156156156156 0.01513671875 0.01876876876876877
0 0.126708984375 0.20983483483483484 0.16650390625 0.02927927927927928
2 0.238037109375 0.2057057057057057 0.01611328125 0.021021021021021023
0 0.560791015625 0.24737237237237236 0.08935546875 0.02927927927927928
0 0.817138671875 0.246996996996997 0.14306640625 0.02702702702702703
0 0.337646484375 0.24774774774774774 0.10400390625 0.025525525525525526
2 0.46630859375 0.24436936936936937 0.0146484375 0.01876876876876877
2 0.939697265625 0.24662162162162163 0.01611328125 0.01876876876876877
2 0.699462890625 0.24887387387387389 0.01513671875 0.01876876876876877
0 0.119140625 0.26539039039039036 0.154296875 0.024774774774774775
2 0.238037109375 0.2668918918918919 0.01611328125 0.01876876876876877
0 0.792236328125 0.30705705705705705 0.09423828125 0.028528528528528527
0 0.3408203125 0.30855855855855857 0.1103515625 0.02702702702702703
2 0.46630859375 0.3055555555555556 0.0146484375 0.021021021021021023
0 0.5693359375 0.31006006006006004 0.1064453125 0.03003003003003003
2 0.93896484375 0.3096846846846847 0.0146484375 0.02027027027027027
2 0.699462890625 0.3126876876876877 0.01513671875 0.01876876876876877
0 0.104736328125 0.32545045045045046 0.12548828125 0.03078078078078078
2 0.2373046875 0.3277027027027027 0.0146484375 0.02027027027027027
0 0.361083984375 0.37124624624624625 0.15087890625 0.03228228228228228
2 0.467041015625 0.3656156156156156 0.01611328125 0.021021021021021023
0 0.58740234375 0.3704954954954955 0.142578125 0.026276276276276277
2 0.698974609375 0.37575075075075076 0.01611328125 0.02027027027027027
0 0.125244140625 0.3888888888888889 0.17041015625 0.021021021021021023
2 0.2373046875 0.3885135135135135 0.0146484375 0.01876876876876877
0 0.369873046875 0.42792792792792794 0.16845703125 0.025525525525525526
0 0.1357421875 0.44894894894894893 0.1845703125 0.025525525525525526
0 0.10400390625 0.5063813813813813 0.1240234375 0.026276276276276277
2 0.2373046875 0.5108858858858859 0.0146484375 0.01876876876876877
0 0.6376953125 0.5544294294294294 0.1279296875 0.03528528528528529
0 0.828369140625 0.5551801801801802 0.13232421875 0.027777777777777776
0 0.72314453125 0.5840840840840841 0.103515625 0.021021021021021023
2 0.5263671875 0.628003003003003 0.017578125 0.02027027027027027
0 0.369140625 0.6302552552552553 0.1279296875 0.02927927927927928
0 0.09130859375 0.6430180180180181 0.064453125 0.023273273273273273
0 0.1083984375 0.6809309309309309 0.0986328125 0.02702702702702703
0 0.740966796875 0.6816816816816816 0.32470703125 0.025525525525525526
0 0.38427734375 0.7015765765765766 0.158203125 0.027777777777777776
2 0.5263671875 0.700075075075075 0.017578125 0.02027027027027027
0 0.7490234375 0.7083333333333334 0.3408203125 0.026276276276276277
0 0.092529296875 0.722972972972973 0.06689453125 0.02252252252252252
0 0.701904296875 0.7319819819819819 0.24658203125 0.021021021021021023
0 0.086181640625 0.7631381381381381 0.05419921875 0.023273273273273273
0 0.093994140625 0.8033033033033034 0.06982421875 0.02252252252252252
2 0.2333984375 0.8029279279279279 0.0146484375 0.01876876876876877
0 0.66064453125 0.8228228228228228 0.04296875 0.03003003003003003
0 0.115234375 0.8442192192192193 0.1123046875 0.02027027027027027
2 0.232666015625 0.84496996996997 0.01611328125 0.01876876876876877
0 0.72216796875 0.8536036036036037 0.0576171875 0.03453453453453453
0 0.658203125 0.8795045045045045 0.05859375 0.024774774774774775
1 0.42041015625 0.6415165165165165 0.2294921875 0.0518018018018018
1 0.421630859375 0.7015765765765766 0.23291015625 0.026276276276276277
2 0.22998046875 0.7225975975975976 0.0146484375 0.01876876876876877
2 0.23095703125 0.7638888888888888 0.0146484375 0.01876876876876877
2 0.22900390625 0.640015015015015 0.0146484375 0.01876876876876877
2 0.22900390625 0.6813063063063063 0.0146484375 0.01876876876876877
1 0.147705078125 0.6426426426426426 0.17626953125 0.024024024024024024
1 0.148193359375 0.6816816816816816 0.17626953125 0.024024024024024024
1 0.148681640625 0.7237237237237237 0.17822265625 0.021021021021021023
1 0.14990234375 0.7646396396396397 0.1806640625 0.024774774774774775
1 0.149658203125 0.8044294294294294 0.18310546875 0.024774774774774775
1 0.1494140625 0.84496996996997 0.1826171875 0.024774774774774775
2 0.724365234375 0.5555555555555556 0.02294921875 0.03153153153153153
2 0.8017578125 0.5833333333333334 0.05078125 0.021021021021021023
2 0.912353515625 0.5570570570570571 0.02294921875 0.03153153153153153
1 0.654296875 0.5548048048048048 0.162109375 0.036036036036036036
1 0.84375 0.5559309309309309 0.1640625 0.03078078078078078
1 0.749267578125 0.5840840840840841 0.15673828125 0.02252252252252252
2 0.23779296875 0.45007507507507505 0.0146484375 0.01876876876876877
2 0.239013671875 0.14564564564564564 0.01611328125 0.021021021021021023
1 0.14453125 0.15803303303303304 0.205078125 0.0472972972972973
1 0.14404296875 0.21884384384384384 0.205078125 0.0472972972972973
1 0.142578125 0.27815315315315314 0.205078125 0.0472972972972973
1 0.14306640625 0.33633633633633636 0.2021484375 0.057057057057057055
1 0.1435546875 0.40352852852852855 0.205078125 0.0533033033033033
1 0.14453125 0.45983483483483484 0.205078125 0.0472972972972973
1 0.14306640625 0.5195195195195195 0.2060546875 0.057057057057057055
2 0.467041015625 0.42792792792792794 0.01611328125 0.021021021021021023
1 0.380859375 0.13626126126126126 0.189453125 0.048798798798798795
1 0.3798828125 0.19557057057057056 0.189453125 0.048798798798798795
1 0.3798828125 0.2586336336336336 0.189453125 0.048798798798798795
1 0.3798828125 0.3201951951951952 0.189453125 0.048798798798798795
1 0.380859375 0.3813813813813814 0.19140625 0.05105105105105105
1 0.3798828125 0.44144144144144143 0.19140625 0.05555555555555555
1 0.610595703125 0.13513513513513514 0.19189453125 0.04954954954954955
1 0.612548828125 0.1981981981981982 0.19189453125 0.04954954954954955
1 0.610107421875 0.25675675675675674 0.19189453125 0.04954954954954955
1 0.611572265625 0.3205705705705706 0.19189453125 0.04954954954954955
1 0.611572265625 0.38213213213213215 0.19189453125 0.04954954954954955
1 0.84619140625 0.13663663663663664 0.2021484375 0.04804804804804805
1 0.847900390625 0.25975975975975973 0.20458984375 0.05105105105105105
1 0.8447265625 0.19744744744744744 0.2021484375 0.04804804804804805
1 0.847412109375 0.32094594594594594 0.20556640625 0.05780780780780781
