0 0.3221957040572792 0.390387275242047 0.27684964200477324 0.028354080221300138
2 0.7786396181384249 0.390387275242047 0.14439140811455847 0.020055325034578148
0 0.331145584725537 0.4311894882434302 0.29952267303102625 0.028354080221300138
2 0.7750596658711217 0.4311894882434302 0.13723150357995226 0.020055325034578148
0 0.2911694510739857 0.47199170124481327 0.2171837708830549 0.021438450899031812
2 0.7786396181384249 0.47130013831258644 0.14439140811455847 0.020055325034578148
0 0.3221957040572792 0.5114107883817427 0.2744630071599045 0.024204702627939143
2 0.7786396181384249 0.5103734439834025 0.14439140811455847 0.02074688796680498
0 0.31145584725536996 0.5529045643153527 0.2577565632458234 0.024204702627939143
2 0.7786396181384249 0.5508298755186722 0.14439140811455847 0.020055325034578148
0 0.29594272076372313 0.5895573997233748 0.22673031026252982 0.029737206085753802
2 0.7786396181384249 0.5909405255878285 0.14439140811455847 0.020055325034578148
0 0.315035799522673 0.6296680497925311 0.26968973747016706 0.026970954356846474
2 0.7893794749403341 0.6313969571230982 0.16348448687350836 0.02074688796680498
0 0.3383054892601432 0.6742738589211619 0.31145584725536996 0.024896265560165973
2 0.7786396181384249 0.671161825726141 0.14439140811455847 0.020055325034578148
2 0.7786396181384249 0.710926694329184 0.14439140811455847 0.02074688796680498
0 0.3054892601431981 0.7140387275242047 0.2458233890214797 0.024204702627939143
0 0.3347255369928401 0.7524204702627939 0.30668257756563244 0.029045643153526972
2 0.7786396181384249 0.7513831258644537 0.14439140811455847 0.020055325034578148
1 0.5173031026252983 0.39107883817427386 0.6670644391408115 0.028354080221300138
1 0.5137231503579952 0.43049792531120334 0.6670644391408115 0.028354080221300138
1 0.5190930787589498 0.5096818810511756 0.6706443914081146 0.02627939142461964
1 0.5167064439140812 0.47199170124481327 0.6706443914081146 0.021438450899031812
1 0.5167064439140812 0.5518672199170125 0.6706443914081146 0.02627939142461964
1 0.5167064439140812 0.7123098201936376 0.6706443914081146 0.02627939142461964
1 0.5167064439140812 0.6728907330567082 0.6706443914081146 0.02627939142461964
1 0.516109785202864 0.7520746887966805 0.6742243436754176 0.028354080221300138
1 0.5178997613365155 0.5885200553250346 0.6730310262529833 0.03319502074688797
1 0.5268496420047732 0.6286307053941909 0.6885441527446301 0.029045643153526972
