0 0.4018801410105758 0.38221153846153844 0.4206815511163337 0.03365384615384615
2 0.7708578143360753 0.38152472527472525 0.1410105757931845 0.019917582417582416
0 0.37309048178613397 0.4213598901098901 0.3654524089306698 0.021291208791208792
2 0.7708578143360753 0.4206730769230769 0.1410105757931845 0.019917582417582416
0 0.38777908343125733 0.4632554945054945 0.39247943595769685 0.030906593406593408
2 0.7708578143360753 0.4608516483516483 0.1410105757931845 0.020604395604395604
0 0.3795534665099882 0.5010302197802198 0.37602820211515864 0.022664835164835164
2 0.7708578143360753 0.4993131868131868 0.1410105757931845 0.020604395604395604
0 0.33490011750881316 0.542239010989011 0.28672150411280845 0.02403846153846154
2 0.7649823736780259 0.5374313186813187 0.1410105757931845 0.019917582417582416
0 0.36133960047003527 0.582760989010989 0.34430082256169214 0.03365384615384615
2 0.7708578143360753 0.5807005494505495 0.1410105757931845 0.019917582417582416
0 0.3296122209165687 0.6212225274725275 0.2808460634547591 0.02815934065934066
2 0.7708578143360753 0.6212225274725275 0.1410105757931845 0.019917582417582416
1 0.5146886016451234 0.38186813186813184 0.6415981198589894 0.03296703296703297
1 0.5117508813160987 0.4186126373626374 0.654524089306698 0.026785714285714284
1 0.5146886016451234 0.46222527472527475 0.6580493537015276 0.027472527472527472
1 0.5158636897767332 0.5003434065934066 0.6603995299647474 0.021291208791208792
1 0.5146886016451234 0.5401785714285714 0.6415981198589894 0.02403846153846154
1 0.5123384253819037 0.5772664835164835 0.6486486486486487 0.030906593406593408
1 0.5135135135135135 0.6181318681318682 0.6439482961222092 0.03296703296703297
