0 0.3081048867699642 0.3809187279151943 0.3134684147794994 0.02120141342756184
2 0.766388557806913 0.38021201413427563 0.1430274135876043 0.019787985865724382
0 0.31585220500595945 0.42579505300353354 0.3289630512514899 0.028975265017667843
2 0.766388557806913 0.4243816254416961 0.1430274135876043 0.02049469964664311
0 0.28128724672228844 0.472791519434629 0.2622169249106079 0.025441696113074206
2 0.766388557806913 0.46996466431095407 0.1430274135876043 0.019787985865724382
0 0.34088200238379024 0.5166077738515901 0.37902264600715135 0.025441696113074206
2 0.766388557806913 0.5141342756183745 0.1430274135876043 0.02049469964664311
0 0.32777115613825986 0.5632508833922262 0.3528009535160906 0.02402826855123675
2 0.766388557806913 0.56113074204947 0.1430274135876043 0.019787985865724382
0 0.30870083432657924 0.6049469964664311 0.3146603098927294 0.03109540636042403
2 0.766388557806913 0.6045936395759718 0.1430274135876043 0.02049469964664311
0 0.25387365911799764 0.6501766784452296 0.20738974970202623 0.02685512367491166
2 0.766388557806913 0.6508833922261484 0.1430274135876043 0.019787985865724382
0 0.38200238379022644 0.6943462897526502 0.466030989272944 0.033215547703180213
2 0.766388557806913 0.6950530035335689 0.1430274135876043 0.02049469964664311
0 0.2687723480333731 0.7399293286219081 0.2395709177592372 0.03250883392226148
2 0.7765196662693683 0.7409893992932862 0.1632896305125149 0.02049469964664311
1 0.49761620977353993 0.38021201413427563 0.6948748510131109 0.022614840989399292
1 0.49165673420738976 0.4229681978798587 0.7020262216924911 0.028975265017667843
1 0.49523241954707986 0.4724381625441696 0.6948748510131109 0.026148409893992933
1 0.4964243146603099 0.5173144876325089 0.6901072705601907 0.02685512367491166
1 0.49821215733015495 0.5646643109540636 0.700834326579261 0.02685512367491166
1 0.4958283671036949 0.6035335689045936 0.6912991656734208 0.03816254416961131
1 0.4940405244338498 0.6498233215547703 0.6948748510131109 0.023321554770318022
1 0.49106078665077474 0.6964664310954064 0.6889153754469607 0.03745583038869258
1 0.5029797377830751 0.7395759717314487 0.7127532777115614 0.03180212014134275
