0 0.3013205282112845 0.3793706293706294 0.30012004801920766 0.021678321678321677
2 0.7707082833133253 0.38006993006993006 0.14645858343337334 0.02027972027972028
0 0.3037214885954382 0.42377622377622376 0.3025210084033613 0.02097902097902098
2 0.7719087635054022 0.4234265734265734 0.14405762304921968 0.02027972027972028
0 0.36554621848739494 0.4699300699300699 0.4261704681872749 0.032167832167832165
2 0.7707082833133253 0.4688811188811189 0.14645858343337334 0.02027972027972028
0 0.3199279711884754 0.512937062937063 0.3349339735894358 0.023076923076923078
2 0.7707082833133253 0.512937062937063 0.14645858343337334 0.02027972027972028
0 0.28031212484994 0.5566433566433566 0.25570228091236497 0.023776223776223775
2 0.7707082833133253 0.5583916083916084 0.14645858343337334 0.02027972027972028
0 0.3565426170468187 0.6048951048951049 0.40816326530612246 0.026573426573426574
0 0.7707082833133253 0.6027972027972028 0.14645858343337334 0.019580419580419582
0 0.2545018007202881 0.6472027972027972 0.2064825930372149 0.02727272727272727
2 0.7821128451380552 0.6472027972027972 0.1644657863145258 0.02027972027972028
0 0.2917166866746699 0.6895104895104895 0.2785114045618247 0.023776223776223775
2 0.7809123649459784 0.6905594405594405 0.16686674669867949 0.02027972027972028
0 0.2617046818727491 0.734965034965035 0.2184873949579832 0.023776223776223775
2 0.7707082833133253 0.7374125874125874 0.14645858343337334 0.02027972027972028
1 0.5 0.38076923076923075 0.695078031212485 0.025874125874125874
1 0.5 0.4241258741258741 0.695078031212485 0.023076923076923078
1 0.49819927971188477 0.4664335664335664 0.6914765906362546 0.032167832167832165
1 0.5012004801920769 0.513986013986014 0.7070828331332533 0.022377622377622378
1 0.5048019207683073 0.556993006993007 0.6998799519807923 0.024475524475524476
1 0.5018007202881153 0.6024475524475524 0.7058823529411765 0.028671328671328673
1 0.507202881152461 0.6496503496503496 0.723889555822329 0.03076923076923077
1 0.5132052821128451 0.6891608391608391 0.7166866746698679 0.03426573426573427
1 0.5006002400960384 0.7391608391608392 0.6962785114045619 0.03496503496503497
