0 0.32279236276849643 0.39223839223839224 0.25894988066825775 0.022176022176022176
2 0.7995226730310262 0.3925848925848926 0.16706443914081145 0.021483021483021482
0 0.36575178997613367 0.4338184338184338 0.3448687350835322 0.026334026334026334
2 0.7995226730310262 0.4320859320859321 0.16706443914081145 0.020097020097020097
0 0.3353221957040573 0.47297297297297297 0.2840095465393795 0.021483021483021482
2 0.7995226730310262 0.4736659736659737 0.16706443914081145 0.020097020097020097
0 0.28579952267303105 0.5135135135135135 0.1873508353221957 0.02772002772002772
2 0.7995226730310262 0.5131670131670132 0.16706443914081145 0.020097020097020097
0 0.3192124105011933 0.5550935550935551 0.2541766109785203 0.030492030492030493
2 0.834128878281623 0.5519750519750519 0.23389021479713604 0.020097020097020097
1 0.5334128878281623 0.39327789327789325 0.6968973747016707 0.021483021483021482
1 0.5369928400954654 0.43277893277893276 0.6873508353221957 0.02564102564102564
1 0.5393794749403341 0.4736659736659737 0.6992840095465394 0.02702702702702703
1 0.538782816229117 0.5131670131670132 0.6933174224343676 0.02702702702702703
1 0.5721957040572793 0.5547470547470548 0.7673031026252983 0.02286902286902287
