0 0.34296724470134876 0.4058693244739756 0.3930635838150289 0.03211517165005537
2 0.7890173410404624 0.4064230343300111 0.17148362235067438 0.0221483942414175
0 0.33236994219653176 0.45182724252491696 0.371868978805395 0.028792912513842746
2 0.7890173410404624 0.4512735326688815 0.17148362235067438 0.023255813953488372
0 0.32755298651252407 0.49612403100775193 0.36608863198458574 0.03765227021040975
0 0.3978805394990366 0.5891472868217055 0.29865125240847784 0.028792912513842746
0 0.3872832369942196 0.6179401993355482 0.2774566473988439 0.024363233665559248
2 0.8169556840077071 0.6173864894795127 0.21965317919075145 0.023255813953488372
0 0.3786127167630058 0.6478405315614618 0.26396917148362237 0.026578073089700997
2 0.8198458574181118 0.64562569213732 0.2254335260115607 0.0221483942414175
0 0.34104046242774566 0.6921373200442967 0.3892100192678227 0.026578073089700997
0 0.815028901734104 0.689922480620155 0.22350674373795762 0.0221483942414175
2 0.8188824662813102 0.5869324473975637 0.21965317919075145 0.0221483942414175
1 0.5096339113680154 0.40753045404208194 0.7379576107899807 0.03322259136212625
1 0.51252408477842 0.45459579180509413 0.7398843930635838 0.03875968992248062
1 0.5847784200385356 0.5885935769656699 0.6763005780346821 0.029900332225913623
1 0.5915221579961464 0.6184939091915836 0.6897880539499036 0.02768549280177187
1 0.594412331406551 0.6483942414174972 0.6994219653179191 0.02547065337763012
1 0.5404624277456648 0.694905869324474 0.791907514450867 0.03211517165005537
