0 0.3510054844606947 0.3920940170940171 0.07312614259597806 0.029914529914529916
0 0.40676416819012795 0.4236111111111111 0.1882998171846435 0.026709401709401708
0 0.3903107861060329 0.4481837606837607 0.15539305301645337 0.022435897435897436
0 0.40493601462522855 0.4797008547008547 0.1809872029250457 0.02564102564102564
0 0.350091407678245 0.5331196581196581 0.07495429616087751 0.029914529914529916
0 0.40676416819012795 0.5641025641025641 0.1882998171846435 0.02564102564102564
0 0.3903107861060329 0.5913461538461539 0.15539305301645337 0.022435897435897436
0 0.40493601462522855 0.6223290598290598 0.1846435100548446 0.024572649572649572
2 0.7687385740402194 0.39316239316239315 0.1663619744058501 0.029914529914529916
2 0.7669104204753199 0.4252136752136752 0.1663619744058501 0.029914529914529916
2 0.7669104204753199 0.4519230769230769 0.1663619744058501 0.029914529914529916
2 0.7650822669104205 0.4807692307692308 0.1663619744058501 0.029914529914529916
2 0.7760511882998172 0.5331196581196581 0.1663619744058501 0.029914529914529916
2 0.7723948811700183 0.5641025641025641 0.1663619744058501 0.029914529914529916
2 0.779707495429616 0.5908119658119658 0.1663619744058501 0.029914529914529916
2 0.7705667276051188 0.6185897435897436 0.1663619744058501 0.029914529914529916
1 0.583180987202925 0.6201923076923077 0.5484460694698354 0.030982905982905984
1 0.583180987202925 0.5646367521367521 0.5484460694698354 0.030982905982905984
1 0.583180987202925 0.5881410256410257 0.5484460694698354 0.030982905982905984
1 0.5813528336380256 0.531517094017094 0.5484460694698354 0.030982905982905984
1 0.5813528336380256 0.47863247863247865 0.5411334552102377 0.03205128205128205
1 0.5813528336380256 0.44871794871794873 0.5374771480804388 0.02564102564102564
1 0.5877513711151737 0.421474358974359 0.5393053016453382 0.026709401709401708
1 0.5850091407678245 0.3920940170940171 0.5411334552102377 0.03205128205128205
