0 0.3458029197080292 0.4168454935622318 0.07481751824817519 0.028969957081545063
0 0.4032846715328467 0.44742489270386265 0.1897810218978102 0.027896995708154508
0 0.38777372262773724 0.4747854077253219 0.15145985401459855 0.022532188841201718
0 0.4023722627737226 0.5064377682403434 0.18795620437956204 0.02575107296137339
0 0.3476277372262774 0.5590128755364807 0.07116788321167883 0.027896995708154508
0 0.4187956204379562 0.5906652360515021 0.21715328467153286 0.02682403433476395
0 0.4498175182481752 0.619098712446352 0.2718978102189781 0.027896995708154508
2 0.7709854014598541 0.6180257510729614 0.1551094890510949 0.030042918454935622
2 0.7673357664233577 0.5032188841201717 0.1551094890510949 0.030042918454935622
2 0.7655109489051095 0.5879828326180258 0.1551094890510949 0.030042918454935622
2 0.7691605839416058 0.5579399141630901 0.1551094890510949 0.030042918454935622
2 0.7655109489051095 0.47317596566523606 0.1551094890510949 0.030042918454935622
2 0.7655109489051095 0.44849785407725323 0.1551094890510949 0.030042918454935622
2 0.7673357664233577 0.41630901287553645 0.1551094890510949 0.030042918454935622
1 0.5720802919708029 0.41630901287553645 0.5456204379562044 0.030042918454935622
1 0.5793795620437956 0.5042918454935622 0.5456204379562044 0.030042918454935622
1 0.5766423357664233 0.47532188841201717 0.5364963503649635 0.030042918454935622
1 0.5775547445255474 0.4436695278969957 0.541970802919708 0.02682403433476395
1 0.583029197080292 0.5595493562231759 0.5456204379562044 0.028969957081545063
1 0.572992700729927 0.5885193133047211 0.5364963503649635 0.028969957081545063
1 0.5793795620437956 0.6174892703862661 0.5346715328467153 0.028969957081545063
