0 0.45394736842105265 0.4074074074074074 0.599624060150376 0.032679738562091505
0 0.40037593984962405 0.45098039215686275 0.49624060150375937 0.02832244008714597
0 0.47650375939849626 0.4950980392156863 0.6484962406015038 0.029411764705882353
0 0.33364661654135336 0.5392156862745098 0.35526315789473684 0.030501089324618737
0 0.4182330827067669 0.5838779956427015 0.5319548872180451 0.032679738562091505
0 0.43139097744360905 0.6296296296296297 0.5469924812030075 0.032679738562091505
0 0.5300751879699248 0.6726579520697168 0.7593984962406015 0.029411764705882353
0 0.40225563909774437 0.7173202614379085 0.4924812030075188 0.03376906318082789
0 0.48026315789473684 0.8496732026143791 0.4830827067669173 0.032679738562091505
0 0.4934210526315789 0.8148148148148148 0.3966165413533835 0.0196078431372549
2 0.7283834586466166 0.8120915032679739 0.05075187969924812 0.02505446623093682
2 0.756578947368421 0.849128540305011 0.05827067669172932 0.02287581699346405
1 0.5263157894736842 0.8159041394335512 0.47368421052631576 0.0196078431372549
1 0.5159774436090225 0.849128540305011 0.5695488721804511 0.03594771241830065
