0 0.6037383177570094 0.3584598698481562 0.6280373831775701 0.02928416485900217
0 0.4373831775700935 0.38611713665943603 0.2953271028037383 0.026030368763557483
0 0.4897196261682243 0.443058568329718 0.40373831775700936 0.031453362255965296
0 0.3878504672897196 0.47288503253796094 0.19626168224299065 0.026030368763557483
0 0.4373831775700935 0.4956616052060738 0.2953271028037383 0.026030368763557483
0 0.491588785046729 0.5536876355748374 0.4 0.02928416485900217
0 0.38878504672897196 0.584056399132321 0.19439252336448598 0.027114967462039046
0 0.35514018691588783 0.6079175704989154 0.1308411214953271 0.024945770065075923
0 0.49626168224299066 0.8145336225596529 0.405607476635514 0.02386117136659436
0 0.4934579439252336 0.838937093275488 0.47102803738317756 0.027114967462039046
2 0.7401869158878505 0.8139913232104121 0.056074766355140186 0.01843817787418655
2 0.7710280373831776 0.8373101952277657 0.05420560747663551 0.02386117136659436
1 0.5271028037383177 0.8112798264642083 0.4785046728971963 0.02386117136659436
1 0.5299065420560748 0.8400216919739696 0.5588785046728972 0.0227765726681128
