0 0.5351851851851852 0.3610503282275711 0.4925925925925926 0.030634573304157548
0 0.5148148148148148 0.39059080962800874 0.45555555555555555 0.03282275711159737
0 0.5166666666666667 0.4442013129102845 0.43703703703703706 0.030634573304157548
0 0.5268518518518519 0.4737417943107221 0.45740740740740743 0.0350109409190372
0 0.5046296296296297 0.5306345733041575 0.412962962962963 0.03282275711159737
0 0.32407407407407407 0.5563457330415755 0.05555555555555555 0.02516411378555799
0 0.5972222222222222 0.6132385120350109 0.5981481481481481 0.03391684901531729
0 0.3638888888888889 0.638402625820569 0.13148148148148148 0.02735229759299781
0 0.5009259259259259 0.6963894967177243 0.40555555555555556 0.02954048140043764
0 0.3638888888888889 0.7242888402625821 0.13148148148148148 0.024070021881838075
0 0.48055555555555557 0.8238512035010941 0.40185185185185185 0.0262582056892779
0 0.475 0.8479212253829321 0.4648148148148148 0.024070021881838075
2 0.7222222222222222 0.8211159737417943 0.07407407407407407 0.020787746170678335
2 0.7537037037037037 0.8495623632385121 0.06666666666666667 0.022975929978118162
1 0.5212962962962963 0.8233041575492341 0.48703703703703705 0.02735229759299781
1 0.5092592592592593 0.850656455142232 0.5370370370370371 0.02735229759299781
