0 0.4130841121495327 0.3564463705308776 0.19813084112149532 0.028169014084507043
0 0.49906542056074765 0.3856988082340195 0.37009345794392523 0.030335861321776816
0 0.4616822429906542 0.41170097508125675 0.2953271028037383 0.023835319609967497
0 0.49439252336448597 0.46912242686890576 0.38691588785046727 0.032502708559046585
0 0.4822429906542056 0.4967497291440953 0.3663551401869159 0.02925243770314193
0 0.48878504672897194 0.5520043336944745 0.3794392523364486 0.0314192849404117
0 0.49906542056074765 0.581798483206934 0.4 0.028169014084507043
0 0.49626168224299066 0.6072589382448538 0.6261682242990654 0.0314192849404117
0 0.397196261682243 0.6294691224268689 0.4205607476635514 0.02600216684723727
0 0.5065420560747663 0.6879739978331527 0.411214953271028 0.030335861321776816
0 0.40841121495327104 0.7193932827735645 0.21495327102803738 0.028169014084507043
0 0.48317757009345796 0.8423618634886241 0.4093457943925234 0.027085590465872156
0 0.48130841121495327 0.8656554712892741 0.47289719626168225 0.023835319609967497
2 0.7261682242990655 0.838569880823402 0.06542056074766354 0.02600216684723727
2 0.7616822429906542 0.8651137594799566 0.07663551401869159 0.018418201516793065
1 0.5196261682242991 0.8412784398699892 0.4822429906542056 0.024918743228602384
1 0.5177570093457944 0.8624052004333694 0.5570093457943925 0.028169014084507043
