0 0.34392523364485983 0.3680479825517993 0.34392523364485983 0.03162486368593239
0 0.4570093457943925 0.4094874591057797 0.5700934579439252 0.03380588876772083
0 0.4130841121495327 0.44765539803707743 0.4897196261682243 0.03380588876772083
0 0.37009345794392523 0.48854961832061067 0.4 0.028353326063249727
0 0.4803738317757009 0.7011995637949836 0.411214953271028 0.021810250817884406
0 0.47570093457943924 0.7273718647764449 0.4766355140186916 0.021810250817884406
0 0.2261682242990654 0.5327153762268266 0.10467289719626169 0.03162486368593239
2 0.7214953271028037 0.7022900763358778 0.059813084112149535 0.017448200654307525
2 0.7626168224299066 0.7273718647764449 0.06728971962616823 0.023991275899672846
1 0.5177570093457944 0.7033805888767721 0.4897196261682243 0.023991275899672846
1 0.516822429906542 0.7300981461286805 0.5588785046728972 0.025081788440567066
0 0.36355140186915885 0.5708833151581243 0.18504672897196262 0.03162486368593239
0 0.3579439252336449 0.6025081788440567 0.18504672897196262 0.03162486368593239
