0 0.6329572925060435 0.12165242165242166 0.15551974214343273 0.02678062678062678
2 0.6361804995970991 0.15754985754985754 0.1522965350523771 0.02564102564102564
0 0.36502820306204675 0.1883190883190883 0.1498791297340854 0.02678062678062678
2 0.3678485092667204 0.2247863247863248 0.15551974214343273 0.02678062678062678
0 0.6051571313456889 0.2831908831908832 0.21112006446414183 0.02735042735042735
2 0.6345688960515713 0.3173789173789174 0.15551974214343273 0.02621082621082621
0 0.3843674456083803 0.3905982905982906 0.177276390008058 0.03361823361823362
2 0.3614020950846092 0.4230769230769231 0.15551974214343273 0.02678062678062678
0 0.5414987912973409 0.49715099715099714 0.3432715551974214 0.035897435897435895
2 0.6329572925060435 0.5307692307692308 0.1571313456889605 0.02678062678062678
0 0.4790491539081386 0.586039886039886 0.37792103142626915 0.0301994301994302
2 0.4391619661563255 0.6185185185185185 0.24496373892022563 0.02792022792022792
2 0.4347300564061241 0.6555555555555556 0.24254633360193392 0.02678062678062678
0 0.20910556003223207 0.7062678062678063 0.17002417405318293 0.02678062678062678
2 0.8001611603545528 0.7062678062678063 0.14826752618855762 0.02678062678062678
0 0.24053182917002416 0.7495726495726496 0.22965350523771152 0.02678062678062678
2 0.7973408541498791 0.7495726495726496 0.15390813859790492 0.02678062678062678
0 0.2062852538275584 0.7917378917378918 0.16277195809830783 0.0301994301994302
2 0.7965350523771152 0.7923076923076923 0.15551974214343273 0.02678062678062678
0 0.2618855761482675 0.8378917378917379 0.2723609991941982 0.03247863247863248
2 0.7965350523771152 0.8347578347578347 0.15551974214343273 0.02621082621082621
0 0.4161966156325544 0.8792022792022792 0.580983078162772 0.03418803418803419
2 0.7965350523771152 0.8783475783475784 0.15551974214343273 0.02678062678062678
0 0.2953263497179694 0.9205128205128205 0.3408541498791297 0.02792022792022792
2 0.798146655922643 0.9196581196581196 0.15390813859790492 0.02962962962962963
1 0.6313456889605157 0.1413105413105413 0.15551974214343273 0.07065527065527065
1 0.36744560838033846 0.20484330484330485 0.15471394037066882 0.062108262108262105
1 0.6067687348912167 0.2985754985754986 0.20789685737308622 0.06837606837606838
1 0.3751007252215955 0.40655270655270653 0.19580983078162773 0.06324786324786325
1 0.5435132957292506 0.5108262108262108 0.34568896051571313 0.062108262108262105
1 0.47703464947622887 0.6213675213675214 0.37711522965350525 0.101994301994302
1 0.5 0.7074074074074074 0.75825946817083 0.035897435897435895
1 0.4939564867042707 0.7507122507122507 0.7493956486704271 0.03361823361823362
1 0.49717969379532634 0.7917378917378918 0.7397260273972602 0.035897435897435895
1 0.5024174053182917 0.8393162393162393 0.7534246575342466 0.037606837606837605
1 0.49879129734085415 0.8763532763532763 0.7397260273972602 0.039886039886039885
1 0.4991941982272361 0.9227920227920228 0.7534246575342466 0.03361823361823362
