0 0.572522159548751 0.20712250712250713 0.1313456889605157 0.0301994301994302
2 0.5616438356164384 0.24074074074074073 0.15954875100725222 0.03133903133903134
0 0.3646253021756648 0.31965811965811963 0.11522965350523771 0.03076923076923077
2 0.38678485092667203 0.35356125356125356 0.1563255439161966 0.03133903133903134
0 0.572522159548751 0.45042735042735044 0.15551974214343273 0.03247863247863248
2 0.5761482675261885 0.49173789173789173 0.15471394037066882 0.02962962962962963
0 0.45769540692989524 0.6017094017094017 0.24979854955680902 0.03190883190883191
2 0.4125705076551168 0.6384615384615384 0.1563255439161966 0.03133903133903134
0 0.5902497985495568 0.7364672364672364 0.1426269137792103 0.03361823361823362
2 0.5866236905721193 0.7689458689458689 0.1579371474617244 0.0301994301994302
2 0.7961321514907332 0.8760683760683761 0.1563255439161966 0.0301994301994302
0 0.23811442385173248 0.8806267806267807 0.23448831587429492 0.02678062678062678
2 0.7997582594681708 0.9173789173789174 0.15551974214343273 0.03190883190883191
0 0.21555197421434327 0.923931623931624 0.1990330378726833 0.03361823361823362
1 0.5672844480257857 0.22421652421652422 0.17566478646253023 0.07008547008547009
1 0.38678485092667203 0.3356125356125356 0.16116035455278002 0.07293447293447293
1 0.572522159548751 0.4717948717948718 0.1651893634165995 0.07065527065527065
1 0.45527800161160353 0.6193732193732193 0.23851732473811443 0.06837606837606838
1 0.5825946817082998 0.7512820512820513 0.16116035455278002 0.06438746438746439
1 0.49717969379532634 0.8797720797720797 0.7639000805801772 0.037606837606837605
1 0.49556809024979853 0.9222222222222223 0.7735697018533441 0.034757834757834755
