0 0.5318035426731079 0.30484330484330485 0.14412238325281804 0.03304843304843305
2 0.5261674718196457 0.33931623931623933 0.1570048309178744 0.02678062678062678
0 0.44323671497584544 0.4618233618233618 0.1570048309178744 0.02678062678062678
2 0.4428341384863124 0.49715099715099714 0.15619967793880837 0.02905982905982906
0 0.5205314009661836 0.6478632478632479 0.1682769726247987 0.03190883190883191
2 0.5261674718196457 0.6817663817663817 0.1570048309178744 0.02678062678062678
0 0.16304347826086957 0.8353276353276353 0.0748792270531401 0.02621082621082621
2 0.7966988727858293 0.8353276353276353 0.1570048309178744 0.02621082621082621
0 0.17391304347826086 0.8777777777777778 0.0966183574879227 0.02792022792022792
2 0.7966988727858293 0.8783475783475784 0.1570048309178744 0.02678062678062678
0 0.19122383252818034 0.91994301994302 0.13123993558776167 0.02678062678062678
2 0.7958937198067633 0.91994301994302 0.15539452495974235 0.02678062678062678
1 0.5245571658615137 0.3193732193732194 0.15217391304347827 0.06552706552706553
1 0.43478260869565216 0.48205128205128206 0.15780998389694043 0.07065527065527065
1 0.5233494363929146 0.6638176638176638 0.18035426731078905 0.05811965811965812
1 0.4975845410628019 0.833048433048433 0.7632850241545893 0.03190883190883191
1 0.5020128824476651 0.8732193732193733 0.7608695652173914 0.035897435897435895
1 0.5056360708534622 0.91994301994302 0.750402576489533 0.034757834757834755
