0 0.5318291700241741 0.26966932725199544 0.2465753424657534 0.0330672748004561
2 0.5773569701853344 0.30273660205245156 0.15551974214343273 0.026225769669327253
0 0.4117647058823529 0.3982326111744584 0.2127316680096696 0.03477765108323831
2 0.38477034649476227 0.4330102622576967 0.15390813859790492 0.026795895096921322
0 0.5056406124093473 0.5521664766248575 0.3005640612409347 0.03819840364880274
2 0.5773569701853344 0.5866590649942988 0.15551974214343273 0.026225769669327253
0 0.4951651893634166 0.7038198403648803 0.1909750201450443 0.026795895096921322
2 0.47784045124899277 0.7397377423033067 0.1514907332796132 0.02565564424173318
0 0.2945205479452055 0.8885404789053591 0.31990330378726833 0.03477765108323831
2 0.7695406929895245 0.886259977194983 0.1788879935535858 0.026795895096921322
0 0.24375503626107978 0.9241733181299886 0.21514907332796132 0.0330672748004561
2 0.7703464947622884 0.9227480045610034 0.177276390008058 0.026795895096921322
1 0.5314262691377921 0.28278221208665905 0.2602739726027397 0.06043329532497149
1 0.41055600322320707 0.41391106043329534 0.22320709105560033 0.0661345496009122
1 0.5068493150684932 0.564709236031927 0.30942788074133765 0.06898517673888255
1 0.49798549556809024 0.7209236031927024 0.1982272360999194 0.06442417331812998
1 0.49879129734085415 0.887115165336374 0.7252215954875101 0.027366020524515394
1 0.49959709911361805 0.9221778791334093 0.7236099919419823 0.03591790193842646
