0 0.20427074939564868 0.19925883694412772 0.1571313456889605 0.027936145952109463
2 0.7864625302175665 0.19868871151653364 0.17566478646253023 0.026795895096921322
0 0.19782433521353748 0.24201824401368302 0.1442385173247381 0.027936145952109463
2 0.7880741337630943 0.24287343215507412 0.17566478646253023 0.026225769669327253
0 0.21796937953263498 0.2879133409350057 0.18775181305398872 0.03534777651083238
2 0.7840451248992748 0.2859179019384265 0.1788879935535858 0.026795895096921322
0 0.41055600322320707 0.36402508551881413 0.43271555197421435 0.03477765108323831
0 0.2703464947622885 0.395096921322691 0.1522965350523771 0.03192702394526796
0 0.2747784045124899 0.4267388825541619 0.16116035455278002 0.03249714937286203
0 0.2630942788074134 0.4629418472063854 0.14907332796132153 0.03192702394526796
0 0.290491539081386 0.49714937286202965 0.21031426269137793 0.03534777651083238
0 0.28726833199033036 0.8377993158494869 0.32312651087832395 0.029076396807297605
2 0.8017727639000806 0.8383694412770809 0.1579371474617244 0.026795895096921322
2 0.7969379532634971 0.8797035347776511 0.1579371474617244 0.026225769669327253
0 0.23207091055600323 0.8822690992018244 0.2127316680096696 0.029076396807297605
0 0.26994359387590655 0.9253135689851767 0.2884770346494762 0.0330672748004561
2 0.7969379532634971 0.9227480045610034 0.1579371474617244 0.026795895096921322
2 0.7159548751007252 0.3620296465222349 0.16841257050765512 0.028506271379703536
2 0.4323126510878324 0.39538198403648805 0.15390813859790492 0.02565564424173318
2 0.4375503626107977 0.4267388825541619 0.1498791297340854 0.022234891676168756
2 0.4238517324738114 0.4623717217787913 0.16116035455278002 0.02394526795895097
2 0.49556809024979853 0.4928734321550741 0.17566478646253023 0.03249714937286203
1 0.49476228847703463 0.20011402508551882 0.7622884770346495 0.037628278221208664
1 0.5016116035455278 0.2394526795895097 0.7550362610797744 0.03078677309007982
1 0.49717969379532634 0.2870581527936146 0.7493956486704271 0.03933865450399088
1 0.49556809024979853 0.36060433295324973 0.6027397260273972 0.04047890535917902
1 0.3485092667203868 0.39709236031927025 0.30862207896857374 0.03477765108323831
1 0.354552780016116 0.42474344355758265 0.3174858984689766 0.029646522234891677
1 0.346897663174859 0.459806157354618 0.31184528605962936 0.03135689851767389
1 0.3851732473811442 0.4940136830102623 0.38839645447219984 0.026795895096921322
1 0.5032232070910556 0.8377993158494869 0.7518130539887188 0.03591790193842646
1 0.5024174053182917 0.8779931584948689 0.7534246575342466 0.039908779931584946
1 0.5024174053182917 0.9267388825541619 0.750201450443191 0.037058152793614595
