0 0.5136986301369864 0.22291904218928163 0.1377921031426269 0.03078677309007982
2 0.5064464141821112 0.2554161915621437 0.15390813859790492 0.02508551881413911
0 0.48589846897663175 0.39082098061573545 0.2127316680096696 0.030216647662485746
2 0.4564867042707494 0.4238882554161916 0.15390813859790492 0.026795895096921322
0 0.500402900886382 0.5678449258836944 0.1643835616438356 0.026225769669327253
2 0.5072522159548751 0.6057582668187002 0.15390813859790492 0.026795895096921322
0 0.20789685737308622 0.7514253135689852 0.16116035455278002 0.02508551881413911
2 0.7989524576954069 0.750570125427594 0.15390813859790492 0.026795895096921322
0 0.21635777598710718 0.7947548460661346 0.18291700241740533 0.03420752565564424
0 0.7969379532634971 0.7936145952109465 0.15310233682514102 0.026225769669327253
0 0.19500402900886382 0.8383694412770809 0.14020950846091862 0.030216647662485746
2 0.797743755036261 0.8366590649942988 0.1514907332796132 0.026795895096921322
0 0.21555197421434327 0.8819840364880274 0.18130539887187752 0.03534777651083238
2 0.7989524576954069 0.8797035347776511 0.15390813859790492 0.026225769669327253
0 0.22401289282836423 0.9227480045610034 0.1982272360999194 0.03591790193842646
2 0.798549556809025 0.9227480045610034 0.1579371474617244 0.026795895096921322
2 0.7953263497179693 0.7924743443557583 0.15310233682514102 0.026225769669327253
1 0.4967767929089444 0.2354618015963512 0.1506849315068493 0.07297605473204105
1 0.4887187751813054 0.40450399087799316 0.23448831587429492 0.062143671607753706
1 0.5 0.5855188141391106 0.17647058823529413 0.06955530216647662
1 0.5016116035455278 0.749429874572406 0.7518130539887188 0.03477765108323831
1 0.49798549556809024 0.7907639680729761 0.7510072522159549 0.0330672748004561
1 0.49959709911361805 0.8355188141391106 0.7445608380338437 0.033637400228050174
1 0.5032232070910556 0.8825541619156214 0.7485898468976632 0.03078677309007982
1 0.5060435132957293 0.9216077537058153 0.7574536663980661 0.03933865450399088
