0 0.6075745366639806 0.17360319270239452 0.21434327155519742 0.027936145952109463
2 0.6385979049153908 0.2103762827822121 0.15390813859790492 0.026225769669327253
0 0.3964544721998388 0.27137970353477764 0.32393231265108785 0.03876852907639681
2 0.31466559226430296 0.30416191562143674 0.15390813859790492 0.026795895096921322
0 0.5862207896857373 0.3685860889395667 0.25543916196615635 0.030216647662485746
2 0.6377921031426269 0.403078677309008 0.15551974214343273 0.026225769669327253
0 0.3654311039484287 0.47063854047890535 0.24415793714746173 0.026795895096921322
2 0.3211120064464142 0.5071265678449259 0.15551974214343273 0.026795895096921322
0 0.6240934730056407 0.5612884834663626 0.17969379532634971 0.029076396807297605
2 0.6377921031426269 0.5957810718358039 0.15551974214343273 0.026225769669327253
0 0.2586623690572119 0.6667616875712656 0.26591458501208703 0.030216647662485746
2 0.7969379532634971 0.6647662485746865 0.15310233682514102 0.026225769669327253
0 0.2542304593070105 0.7089509692132269 0.2570507655116841 0.030216647662485746
2 0.7957292506043513 0.7069555302166477 0.15551974214343273 0.02508551881413911
0 0.26228847703464947 0.7514253135689852 0.2747784045124899 0.03192702394526796
2 0.7957292506043513 0.750570125427594 0.15551974214343273 0.026795895096921322
0 0.2687348912167607 0.7961801596351197 0.2860596293311845 0.03135689851767389
2 0.7957292506043513 0.7936145952109465 0.15551974214343273 0.026225769669327253
0 0.32997582594681707 0.8380843785632839 0.4101531023368251 0.03192702394526796
2 0.797743755036261 0.8366590649942988 0.1514907332796132 0.026795895096921322
0 0.24576954069298954 0.8797035347776511 0.24496373892022563 0.029646522234891677
2 0.7957292506043513 0.8797035347776511 0.15551974214343273 0.026225769669327253
0 0.24576954069298954 0.9244583808437856 0.24335213537469783 0.030216647662485746
2 0.7957292506043513 0.9227480045610034 0.15551974214343273 0.026795895096921322
1 0.6083803384367445 0.1750285062713797 0.21756647864625303 0.10262257696693272
1 0.3984689766317486 0.28506271379703535 0.3279613215149073 0.06841505131128849
1 0.5874294923448832 0.38426453819840367 0.257856567284448 0.0661345496009122
1 0.3622078968573731 0.48774230330672746 0.2586623690572119 0.06442417331812998
1 0.6232876712328768 0.5769669327251995 0.18291700241740533 0.06385404789053592
1 0.4991941982272361 0.6644811858608894 0.7534246575342466 0.03591790193842646
1 0.49717969379532634 0.7066704675028507 0.7526188557614827 0.03591790193842646
1 0.4903303787268332 0.7488597491448119 0.7389202256244963 0.033637400228050174
1 0.4939564867042707 0.7938996579247435 0.7461724415793715 0.03249714937286203
1 0.5124899274778405 0.8383694412770809 0.765511684125705 0.037058152793614595
1 0.49717969379532634 0.8779931584948689 0.7574536663980661 0.04446978335233751
1 0.5052377115229654 0.9247434435575826 0.7622884770346495 0.03876852907639681
0 0.6103948428686543 0.14082098061573547 0.21353746978243351 0.03192702394526796
