0 0.41821112006446415 0.21794871794871795 0.31909750201450443 0.02678062678062678
2 0.3380338436744561 0.24814814814814815 0.15551974214343273 0.02678062678062678
0 0.5306204673650282 0.3022792022792023 0.4375503626107977 0.02792022792022792
2 0.6325543916196615 0.3353276353276353 0.23690572119258663 0.02678062678062678
2 0.6253021756647864 0.36666666666666664 0.24979854955680902 0.02678062678062678
0 0.3452860596293312 0.43276353276353274 0.4391619661563255 0.034757834757834755
2 0.7973408541498791 0.43162393162393164 0.15390813859790492 0.02678062678062678
0 0.2570507655116841 0.47150997150997154 0.26913779210314265 0.03133903133903134
2 0.7973408541498791 0.47094017094017093 0.15390813859790492 0.02678062678062678
0 0.22481869460112813 0.5105413105413106 0.1982272360999194 0.02621082621082621
2 0.798146655922643 0.5105413105413106 0.15551974214343273 0.02621082621082621
0 0.2953263497179694 0.5547008547008547 0.3408541498791297 0.0301994301994302
2 0.7973408541498791 0.552991452991453 0.15390813859790492 0.02678062678062678
0 0.23489121676067687 0.5948717948717949 0.21837228041901693 0.03304843304843305
2 0.798549556809025 0.5925925925925926 0.1514907332796132 0.02507122507122507
0 0.24496373892022563 0.6336182336182337 0.23851732473811443 0.02621082621082621
2 0.798549556809025 0.6336182336182337 0.1514907332796132 0.02621082621082621
0 0.28726833199033036 0.6737891737891738 0.32312651087832395 0.02905982905982906
2 0.7965350523771152 0.6737891737891738 0.15551974214343273 0.02678062678062678
0 0.32675261885576146 0.715954415954416 0.40370668815471394 0.03247863247863248
2 0.7965350523771152 0.7142450142450143 0.15551974214343273 0.02678062678062678
0 0.26994359387590655 0.7566951566951567 0.2884770346494762 0.03076923076923077
2 0.7965350523771152 0.7547008547008547 0.15551974214343273 0.02678062678062678
0 0.266317485898469 0.7962962962962963 0.28283642224012895 0.035897435897435895
2 0.7973408541498791 0.7951566951566952 0.15390813859790492 0.02678062678062678
0 0.34649476228847703 0.8358974358974359 0.44157937147461723 0.03418803418803419
2 0.7973408541498791 0.8361823361823362 0.1587429492344883 0.02905982905982906
0 0.2945205479452055 0.8766381766381767 0.33763094278807415 0.02792022792022792
2 0.7949234488315874 0.8772079772079772 0.15551974214343273 0.02678062678062678
0 0.24496373892022563 0.9168091168091168 0.23851732473811443 0.02849002849002849
2 0.7993553585817889 0.9168091168091168 0.15310233682514102 0.02507122507122507
1 0.5664786462530218 0.13675213675213677 0.3561643835616438 0.02735042735042735
2 0.6708299758259468 0.16723646723646723 0.1716357775987107 0.02564102564102564
1 0.5692989524576955 0.15185185185185185 0.3714746172441579 0.06438746438746439
1 0.41740531829170024 0.22905982905982905 0.3174858984689766 0.05584045584045584
1 0.5306204673650282 0.3301994301994302 0.4375503626107977 0.08717948717948718
1 0.500402900886382 0.4304843304843305 0.7461724415793715 0.034757834757834755
1 0.5028203062046737 0.4700854700854701 0.7639000805801772 0.037606837606837605
1 0.49879129734085415 0.47435897435897434 0.7461724415793715 0.02564102564102564
1 0.5028203062046737 0.5091168091168091 0.7639000805801772 0.02905982905982906
1 0.500402900886382 0.552991452991453 0.7461724415793715 0.039316239316239315
1 0.4975825946817083 0.594017094017094 0.7566478646253022 0.034757834757834755
1 0.49798549556809024 0.6304843304843305 0.7445608380338437 0.03361823361823362
1 0.5016116035455278 0.6752136752136753 0.7518130539887188 0.03076923076923077
1 0.500402900886382 0.7142450142450143 0.7461724415793715 0.037037037037037035
1 0.49959709911361805 0.7549857549857549 0.7510072522159549 0.037606837606837605
1 0.5068493150684932 0.7581196581196581 0.7510072522159549 0.035897435897435895
1 0.49879129734085415 0.7971509971509971 0.7493956486704271 0.03190883190883191
1 0.5072522159548751 0.8344729344729345 0.7550362610797744 0.039316239316239315
1 0.4959709911361805 0.8356125356125356 0.75825946817083 0.03247863247863248
1 0.5032232070910556 0.8752136752136752 0.7437550362610797 0.03418803418803419
1 0.5056406124093473 0.9179487179487179 0.7566478646253022 0.036467236467236465
