0 0.7082997582594682 0.3245014245014245 0.257856567284448 0.03247863247863248
0 0.7099113618049959 0.35527065527065527 0.15471394037066882 0.02905982905982906
0 0.23851732473811443 0.39829059829059826 0.20789685737308622 0.03190883190883191
2 0.23972602739726026 0.42763532763532763 0.1571313456889605 0.02678062678062678
0 0.7336825141015311 0.596011396011396 0.3182917002417405 0.03190883190883191
2 0.734488315874295 0.6259259259259259 0.1587429492344883 0.0301994301994302
0 0.28726833199033036 0.6988603988603989 0.3569701853344077 0.034757834757834755
2 0.28807413376309426 0.7284900284900285 0.1571313456889605 0.0301994301994302
2 0.8037872683319903 0.8091168091168092 0.1571313456889605 0.02962962962962963
0 0.3021756647864625 0.8150997150997151 0.3432715551974214 0.035897435897435895
2 0.7969379532634971 0.8555555555555555 0.1563255439161966 0.02905982905982906
0 0.3013698630136986 0.8566951566951567 0.36422240128928285 0.037037037037037035
2 0.7082997582594682 0.3541310541310541 0.15471394037066882 0.02905982905982906
2 0.8537469782433521 0.6541310541310541 0.0024174053182917004 0.0011396011396011395
1 0.7099113618049959 0.33931623931623933 0.25463336019339244 0.06552706552706553
1 0.23811442385173248 0.40883190883190884 0.21031426269137793 0.05868945868945869
1 0.7324738114423852 0.6071225071225071 0.32070910556003224 0.06324786324786325
1 0.2876712328767123 0.7111111111111111 0.36583400483481066 0.06837606837606838
1 0.5052377115229654 0.8125356125356126 0.7590652699435939 0.043304843304843306
1 0.49879129734085415 0.8629629629629629 0.7606768734891217 0.037037037037037035
