0 0.4991941982272361 0.5698005698005698 0.23771152296535053 0.021652421652421653
2 0.500402900886382 0.5994301994301995 0.12731668009669622 0.023931623931623933
0 0.23408541498791297 0.729059829059829 0.14585012087026591 0.019943019943019943
0 0.7755842062852538 0.729059829059829 0.15390813859790492 0.019943019943019943
2 0.2264302981466559 0.7547008547008547 0.11120064464141821 0.0245014245014245
2 0.7751813053988719 0.7566951566951567 0.11281224818694602 0.02507122507122507
0 0.4991941982272361 0.8660968660968661 0.21676067687348913 0.022792022792022793
2 0.5048348106365834 0.8965811965811966 0.22159548751007252 0.0301994301994302
2 0.5068493150684932 0.9245014245014245 0.23529411764705882 0.0301994301994302
0 0.038678485092667206 0.9700854700854701 0.0757453666398066 0.05641025641025641
1 0.5024174053182917 0.5814814814814815 0.24576954069298954 0.062108262108262105
1 0.23327961321514906 0.7413105413105413 0.16680096696212732 0.0547008547008547
1 0.5032232070910556 0.8948717948717949 0.2602739726027397 0.07692307692307693
1 0.6970185334407736 0.7185185185185186 0.0032232070910556 0.0011396011396011395
1 0.7747784045124899 0.7421652421652422 0.18775181305398872 0.05071225071225071
