2 0.40982286634460546 0.17464387464387465 0.3526570048309179 0.08376068376068375
0 0.7383252818035426 0.24245014245014246 0.24798711755233493 0.02792022792022792
0 0.7745571658615137 0.2774928774928775 0.3188405797101449 0.02621082621082621
0 0.7045088566827697 0.3156695156695157 0.18035426731078905 0.03076923076923077
0 0.712157809983897 0.3504273504273504 0.1972624798711755 0.02507122507122507
0 0.6920289855072463 0.38603988603988604 0.1537842190016103 0.02678062678062678
0 0.7093397745571659 0.42136752136752137 0.19162640901771336 0.038176638176638175
2 0.38446054750402575 0.5954415954415955 0.3244766505636071 0.06837606837606838
0 0.7383252818035426 0.6518518518518519 0.24798711755233493 0.02621082621082621
0 0.7334943639291466 0.688034188034188 0.23671497584541062 0.02678062678062678
0 0.7049114331723028 0.7250712250712251 0.17954911433172302 0.02792022792022792
0 0.783011272141707 0.7598290598290598 0.3357487922705314 0.02678062678062678
0 0.712157809983897 0.7951566951566952 0.1956521739130435 0.02678062678062678
0 0.6920289855072463 0.8321937321937322 0.1537842190016103 0.02564102564102564
0 0.7097423510466989 0.8663817663817663 0.19082125603864733 0.035897435897435895
1 0.5776972624798712 0.7170940170940171 0.7334943639291466 0.33447293447293447
1 0.5885668276972624 0.2863247863247863 0.7181964573268921 0.3094017094017094
