2 0.7993553585817889 0.18205128205128204 0.1498791297340854 0.02678062678062678
0 0.21555197421434327 0.18433048433048432 0.17969379532634971 0.02678062678062678
2 0.8009669621273167 0.22592592592592592 0.1498791297340854 0.02678062678062678
0 0.2127316680096696 0.2282051282051282 0.177276390008058 0.02792022792022792
0 0.20991136180499598 0.26894586894586897 0.16841257050765512 0.02621082621082621
2 0.8001611603545528 0.26894586894586897 0.14826752618855762 0.02621082621082621
2 0.8009669621273167 0.31196581196581197 0.1498791297340854 0.02678062678062678
0 0.21071716357775988 0.3125356125356125 0.17002417405318293 0.02564102564102564
2 0.8001611603545528 0.3547008547008547 0.14826752618855762 0.02678062678062678
0 0.20709105560032232 0.35555555555555557 0.16277195809830783 0.02507122507122507
0 0.1990330378726833 0.3974358974358974 0.1498791297340854 0.037037037037037035
2 0.8009669621273167 0.398005698005698 0.1498791297340854 0.02678062678062678
0 0.2542304593070105 0.441025641025641 0.2570507655116841 0.03076923076923077
2 0.8001611603545528 0.44074074074074077 0.14826752618855762 0.02678062678062678
0 0.17848509266720386 0.48575498575498577 0.10556003223207092 0.0301994301994302
2 0.8001611603545528 0.48376068376068376 0.14826752618855762 0.02621082621082621
2 0.8001611603545528 0.5267806267806268 0.14826752618855762 0.02678062678062678
0 0.21837228041901693 0.5287749287749288 0.18694601128122482 0.02849002849002849
2 0.8001611603545528 0.5698005698005698 0.14826752618855762 0.02621082621082621
0 0.17284448025785656 0.5732193732193732 0.0991136180499597 0.03304843304843305
0 0.18775181305398872 0.6128205128205129 0.12409347300564061 0.02678062678062678
2 0.8009669621273167 0.6128205128205129 0.1498791297340854 0.02678062678062678
0 0.22925060435132957 0.6564102564102564 0.20386784850926673 0.02507122507122507
0 0.8005640612409347 0.654985754985755 0.15390813859790492 0.02564102564102564
2 0.798146655922643 0.6985754985754986 0.15551974214343273 0.02621082621082621
0 0.21595487510072522 0.7002849002849003 0.18211120064464142 0.03418803418803419
2 0.7989524576954069 0.6538461538461539 0.15390813859790492 0.02564102564102564
1 0.5032232070910556 0.18518518518518517 0.75825946817083 0.03190883190883191
1 0.5 0.22678062678062677 0.7550362610797744 0.03304843304843305
1 0.49959709911361805 0.2706552706552707 0.7445608380338437 0.03190883190883191
1 0.5020145044319098 0.3148148148148148 0.7461724415793715 0.023361823361823363
1 0.49476228847703463 0.3541310541310541 0.7445608380338437 0.035897435897435895
1 0.49879129734085415 0.3945868945868946 0.7493956486704271 0.042735042735042736
1 0.508460918614021 0.4373219373219373 0.7622884770346495 0.03361823361823362
1 0.49879129734085415 0.4809116809116809 0.7526188557614827 0.041025641025641026
1 0.5024174053182917 0.5264957264957265 0.7453666398066076 0.041025641025641026
1 0.5 0.5703703703703704 0.75825946817083 0.037606837606837605
1 0.49798549556809024 0.611965811965812 0.7510072522159549 0.035327635327635325
1 0.5008058017727639 0.6552706552706553 0.750201450443191 0.03076923076923077
1 0.5008058017727639 0.7011396011396012 0.7566478646253022 0.040455840455840456
