0 0.5592322964923891 0.29379652605459056 0.08074123097286565 0.020843672456575684
0 0.18795499669093316 0.2841191066997519 0.14162806088682992 0.021339950372208438
2 0.8196558570483123 0.30173697270471467 0.05493050959629384 0.019851116625310174
2 0.4688947716743878 0.29528535980148884 0.06154864328259431 0.01488833746898263
2 0.8216412971542025 0.3230769230769231 0.06551952349437459 0.01588089330024814
0 0.2372600926538716 0.31141439205955335 0.25347452018530775 0.02630272952853598
2 0.4702183984116479 0.3193548387096774 0.06816677696889477 0.023325062034739455
2 0.8163467902051621 0.3421836228287841 0.06551952349437459 0.013399503722084368
2 0.46492389146260754 0.34069478908188583 0.09066843150231635 0.014392059553349877
0 0.23626737260092653 0.33449131513647645 0.24751819986763732 0.026799007444168736
2 0.8203176704169424 0.36451612903225805 0.06949040370615486 0.016377171215880892
2 0.46459298477829253 0.36253101736972704 0.07809397749834547 0.023325062034739455
0 0.25248180013236265 0.358560794044665 0.2931833223031105 0.025310173697270472
2 0.8209794837855725 0.38436724565756825 0.05890138980807412 0.01836228287841191
2 0.46459298477829253 0.386848635235732 0.08206485771012574 0.022332506203473945
0 0.20913302448709464 0.3816377171215881 0.18795499669093316 0.02481389578163772
2 0.8186631369953673 0.4066997518610422 0.062210456651224356 0.01935483870967742
0 0.5645268034414295 0.31687344913151366 0.08735936465916612 0.021339950372208438
2 0.4675711449371277 0.4094292803970223 0.07346128391793515 0.018858560794044667
0 0.20814030443414958 0.40496277915632756 0.18199867637326275 0.020843672456575684
2 0.8074123097286565 0.4260545905707196 0.08206485771012574 0.014392059553349877
0 0.6058901389808075 0.38411910669975186 0.15949702183984116 0.0228287841191067
2 0.8117140966247518 0.4483870967741935 0.07875579086697551 0.017369727047146403
0 0.6025810721376572 0.4106699751861042 0.15817339510258108 0.022332506203473945
2 0.8371939113170086 0.46923076923076923 0.03044341495698213 0.014392059553349877
0 0.6039046988749173 0.47270471464019853 0.14758438120450032 0.020347394540942927
0 0.6343481138318994 0.4990074441687345 0.2071475843812045 0.025310173697270472
0 0.21674387822634017 0.4997518610421836 0.19258769027134348 0.0228287841191067
2 0.4626075446724024 0.5612903225806452 0.04632693580410324 0.0228287841191067
0 0.6078755790866975 0.45260545905707195 0.16214427531436135 0.017866004962779156
0 0.23328921244209133 0.5684863523573201 0.228325612177366 0.02630272952853598
2 0.8815354070152217 0.6754342431761786 0.026472534745201854 0.0228287841191067
2 0.871939113170086 0.6062034739454094 0.024487094639311716 0.01836228287841191
0 0.5847121111846459 0.603225806451613 0.11978821972203839 0.01836228287841191
2 0.46525479814692255 0.5014888337468982 0.04367968232958306 0.02729528535980149
0 0.6227663798808736 0.6248138957816377 0.19324950363997354 0.020843672456575684
0 0.6366644606221046 0.6476426799007444 0.21707478491065518 0.02183622828784119
2 0.4685638649900728 0.6540942928039702 0.04500330906684315 0.01588089330024814
0 0.21045665122435472 0.6610421836228287 0.18663136995367308 0.018858560794044667
0 0.6459298477829252 0.6707196029776675 0.2369291859695566 0.021339950372208438
2 0.46657842488418266 0.7228287841191067 0.054268696227663796 0.024317617866004962
0 0.20747849106551952 0.7267990074441687 0.1886168100595632 0.021339950372208438
2 0.8434811383189941 0.49106699751861044 0.031105228325612178 0.022332506203473945
0 0.1485771012574454 0.8166253101736972 0.05757776307081403 0.014392059553349877
2 0.46095301125082727 0.8141439205955335 0.06154864328259431 0.016377171215880892
2 0.8759099933818663 0.6270471464019851 0.028457974851091992 0.013399503722084368
2 0.4599602911978822 0.8389578163771713 0.054268696227663796 0.016377171215880892
0 0.1843150231634679 0.8382133995037221 0.11978821972203839 0.018858560794044667
2 0.4563203176704169 0.8622828784119106 0.05625413633355394 0.017369727047146403
0 0.16082064857710127 0.8600496277915632 0.05956320317670417 0.01488833746898263
2 0.4612839179351423 0.8880893300248139 0.04765056254136334 0.017369727047146403
0 0.16446062210456652 0.8846153846153846 0.06816677696889477 0.014392059553349877
0 0.5886829913964262 0.3384615384615385 0.1343481138318994 0.019851116625310174
0 0.5976174718729318 0.360545905707196 0.1601588352084712 0.020347394540942927
0 0.6075446724023825 0.4317617866004963 0.15618795499669094 0.026799007444168736
2 0.8782263401720715 0.6508684863523573 0.03176704169424222 0.015384615384615385
1 0.3057577763070814 0.2858560794044665 0.38517538054268696 0.032754342431761785
1 0.30906684315023164 0.3141439205955335 0.3970880211780278 0.02977667493796526
1 0.3123759099933819 0.3399503722084367 0.39046988749172734 0.027791563275434243
1 0.3133686300463269 0.3595533498759305 0.385837193911317 0.020347394540942927
1 0.314361350099272 0.38387096774193546 0.39046988749172734 0.030272952853598014
1 0.3133686300463269 0.4074441687344913 0.38980807412309726 0.02183622828784119
1 0.6843150231634679 0.29702233250620347 0.33355393778954334 0.028287841191066997
1 0.6872931833223032 0.3203473945409429 0.3381866313699537 0.021339950372208438
1 0.6919258769027135 0.3424317617866005 0.3249503639973527 0.0228287841191067
1 0.6902713434811383 0.36476426799007444 0.3242885506287227 0.019851116625310174
1 0.6906022501654533 0.3826302729528536 0.3328921244209133 0.019851116625310174
1 0.6892786234281932 0.4089330024813896 0.32627399073461283 0.02481389578163772
1 0.6952349437458637 0.4277915632754342 0.32362673726009267 0.01687344913151365
1 0.6912640635340834 0.44937965260545903 0.3315684976836532 0.020347394540942927
1 0.6942422236929185 0.47270471464019853 0.32958305757776307 0.016377171215880892
1 0.699867637326274 0.4997518610421836 0.3328921244209133 0.03176178660049628
1 0.7041694242223693 0.6022332506203474 0.36532097948378556 0.023325062034739455
1 0.7078093977498345 0.6290322580645161 0.3673064195896757 0.022332506203473945
1 0.7097948378557247 0.6503722084367246 0.37127729980145596 0.025310173697270472
1 0.7097948378557247 0.6766749379652606 0.3752481800132363 0.02630272952853598
1 0.3017868960953011 0.5114143920595533 0.3626737260092654 0.04813895781637717
1 0.3014559894109861 0.5900744416873449 0.36598279285241564 0.06947890818858561
1 0.3027796161482462 0.6707196029776675 0.37260092653871607 0.05707196029776675
1 0.3054268696227664 0.7320099255583127 0.385837193911317 0.04962779156327544
1 0.31039046988749175 0.8188585607940446 0.3785572468563865 0.0228287841191067
1 0.3041032428855063 0.8389578163771713 0.3633355393778954 0.021339950372208438
1 0.3087359364659166 0.8615384615384616 0.356717405691595 0.020843672456575684
1 0.3067504963600265 0.8880893300248139 0.36068828590337526 0.029280397022332507
