0 0.15989583333333332 0.3396501457725947 0.16145833333333334 0.02040816326530612
2 0.2859375 0.34110787172011664 0.021875 0.01749271137026239
0 0.80625 0.34402332361516036 0.19166666666666668 0.023323615160349854
2 0.3145833333333333 0.38994169096209913 0.03333333333333333 0.018950437317784258
0 0.1625 0.3892128279883382 0.16458333333333333 0.029154518950437316
0 0.8010416666666667 0.38994169096209913 0.17083333333333334 0.02478134110787172
2 0.6026041666666667 0.4511661807580175 0.019791666666666666 0.02478134110787172
0 0.16979166666666667 0.43513119533527694 0.16666666666666666 0.021865889212827987
0 0.8067708333333333 0.43731778425655976 0.190625 0.026239067055393587
2 0.2875 0.4336734693877551 0.020833333333333332 0.021865889212827987
0 0.4979166666666667 0.44970845481049565 0.18541666666666667 0.02478134110787172
2 0.3151041666666667 0.5298833819241983 0.03229166666666667 0.030612244897959183
0 0.159375 0.4839650145772595 0.16041666666666668 0.02040816326530612
0 0.8072916666666666 0.48250728862973763 0.18333333333333332 0.03498542274052478
0 0.4671875 0.4956268221574344 0.12395833333333334 0.023323615160349854
2 0.6177083333333333 0.49489795918367346 0.05 0.018950437317784258
2 0.9401041666666666 0.4380466472303207 0.030208333333333334 0.027696793002915453
0 0.17083333333333334 0.532798833819242 0.16666666666666666 0.027696793002915453
0 0.4630208333333333 0.543731778425656 0.11145833333333334 0.023323615160349854
2 0.6041666666666666 0.543731778425656 0.022916666666666665 0.023323615160349854
2 0.9432291666666667 0.38629737609329445 0.023958333333333335 0.023323615160349854
0 0.4588541666666667 0.5896501457725948 0.103125 0.027696793002915453
2 0.6302083333333334 0.5903790087463557 0.022916666666666665 0.023323615160349854
2 0.315625 0.48177842565597667 0.03125 0.018950437317784258
0 0.4973958333333333 0.6392128279883382 0.18229166666666666 0.027696793002915453
0 0.48802083333333335 0.685131195335277 0.16354166666666667 0.026239067055393587
2 0.603125 0.685131195335277 0.022916666666666665 0.023323615160349854
0 0.7776041666666667 0.6946064139941691 0.13020833333333334 0.027696793002915453
2 0.9104166666666667 0.6946064139941691 0.020833333333333332 0.018950437317784258
2 0.9411458333333333 0.48542274052478135 0.03229166666666667 0.023323615160349854
0 0.47239583333333335 0.7295918367346939 0.134375 0.027696793002915453
2 0.6322916666666667 0.7332361516034985 0.020833333333333332 0.023323615160349854
0 0.15677083333333333 0.7427113702623906 0.15104166666666666 0.027696793002915453
0 0.7765625 0.7448979591836735 0.13020833333333334 0.023323615160349854
2 0.9125 0.7434402332361516 0.022916666666666665 0.01749271137026239
2 0.9145833333333333 0.34183673469387754 0.022916666666666665 0.02478134110787172
0 0.49375 0.7791545189504373 0.17083333333333334 0.021865889212827987
0 0.14114583333333333 0.7915451895043731 0.11979166666666667 0.023323615160349854
2 0.31354166666666666 0.7908163265306123 0.03333333333333333 0.030612244897959183
0 0.7854166666666667 0.7908163265306123 0.14583333333333334 0.021865889212827987
0 0.4828125 0.826530612244898 0.14895833333333333 0.02040816326530612
2 0.6036458333333333 0.826530612244898 0.021875 0.023323615160349854
0 0.15052083333333333 0.8367346938775511 0.134375 0.03206997084548105
2 0.6067708333333334 0.6355685131195336 0.023958333333333335 0.026239067055393587
0 0.16927083333333334 0.8848396501457726 0.17395833333333333 0.029154518950437316
2 0.31614583333333335 0.8862973760932945 0.021875 0.023323615160349854
0 0.1515625 0.934402332361516 0.13229166666666667 0.03206997084548105
2 0.315625 0.9336734693877551 0.020833333333333332 0.027696793002915453
2 0.3151041666666667 0.7427113702623906 0.028125 0.02478134110787172
2 0.3145833333333333 0.8396501457725948 0.025 0.03498542274052478
2 0.6354166666666666 0.7784256559766763 0.025 0.026239067055393587
2 0.9125 0.793002915451895 0.01875 0.026239067055393587
1 0.20364583333333333 0.33819241982507287 0.246875 0.026239067055393587
1 0.2078125 0.3892128279883382 0.253125 0.026239067055393587
1 0.20885416666666667 0.4358600583090379 0.24270833333333333 0.02040816326530612
1 0.20625 0.48542274052478135 0.25 0.023323615160349854
1 0.20833333333333334 0.5335276967930029 0.24375 0.029154518950437316
1 0.20416666666666666 0.7412536443148688 0.24791666666666667 0.030612244897959183
1 0.20625 0.7922740524781341 0.25 0.02478134110787172
1 0.2046875 0.8374635568513119 0.24270833333333333 0.02478134110787172
1 0.20520833333333333 0.8862973760932945 0.24375 0.026239067055393587
1 0.20625 0.935131195335277 0.24166666666666667 0.033527696793002916
1 0.5260416666666666 0.4489795918367347 0.24375 0.026239067055393587
1 0.5239583333333333 0.4956268221574344 0.2375 0.023323615160349854
1 0.5276041666666667 0.543002915451895 0.240625 0.02478134110787172
1 0.5255208333333333 0.5903790087463557 0.23645833333333333 0.023323615160349854
1 0.528125 0.6362973760932945 0.24375 0.02478134110787172
1 0.525 0.6858600583090378 0.2375 0.02478134110787172
1 0.5260416666666666 0.7295918367346939 0.24166666666666667 0.027696793002915453
1 0.5286458333333334 0.7784256559766763 0.24270833333333333 0.029154518950437316
1 0.5244791666666667 0.827259475218659 0.23229166666666667 0.027696793002915453
1 0.8322916666666667 0.3396501457725947 0.24375 0.029154518950437316
1 0.8359375 0.38629737609329445 0.24270833333333333 0.029154518950437316
1 0.8338541666666667 0.43731778425655976 0.24270833333333333 0.029154518950437316
1 0.8348958333333333 0.48542274052478135 0.240625 0.029154518950437316
1 0.8161458333333333 0.6946064139941691 0.209375 0.027696793002915453
1 0.8182291666666667 0.7456268221574344 0.21145833333333333 0.030612244897959183
1 0.8197916666666667 0.7908163265306123 0.21458333333333332 0.02478134110787172
2 0.31354166666666666 0.4336734693877551 0.020833333333333332 0.021865889212827987
2 0.6296875 0.826530612244898 0.021875 0.023323615160349854
2 0.603125 0.7784256559766763 0.025 0.026239067055393587
2 0.6041666666666666 0.7288629737609329 0.020833333333333332 0.023323615160349854
2 0.6317708333333333 0.6341107871720116 0.023958333333333335 0.026239067055393587
2 0.6302083333333334 0.6836734693877551 0.022916666666666665 0.023323615160349854
2 0.6046875 0.5911078717201166 0.026041666666666668 0.021865889212827987
2 0.6338541666666667 0.543731778425656 0.023958333333333335 0.02040816326530612
2 0.6328125 0.44970845481049565 0.019791666666666666 0.02478134110787172
2 0.940625 0.34183673469387754 0.022916666666666665 0.02478134110787172
2 0.31302083333333336 0.3425655976676385 0.023958333333333335 0.01749271137026239
