0 0.37327348066298344 0.06396484375 0.15538674033149172 0.017578125
0 0.6104972375690608 0.064453125 0.1781767955801105 0.021484375
2 0.37396408839779005 0.08544921875 0.11671270718232044 0.0185546875
2 0.6132596685082873 0.083984375 0.12430939226519337 0.0185546875
0 0.3774171270718232 0.19287109375 0.1830110497237569 0.017578125
0 0.6170580110497238 0.193603515625 0.10566298342541436 0.01904296875
2 0.3770718232044199 0.21533203125 0.12845303867403315 0.021484375
2 0.6163674033149171 0.216552734375 0.11947513812154696 0.02001953125
0 0.613950276243094 0.320556640625 0.09668508287292818 0.01513671875
0 0.37672651933701656 0.323486328125 0.1595303867403315 0.02001953125
2 0.6160220994475138 0.34326171875 0.1408839779005525 0.0185546875
2 0.3756906077348066 0.345947265625 0.143646408839779 0.02294921875
0 0.6163674033149171 0.451904296875 0.16367403314917128 0.02294921875
0 0.3715469613259669 0.45263671875 0.11464088397790055 0.0185546875
2 0.3722375690607735 0.473388671875 0.14226519337016574 0.02001953125
2 0.6153314917127072 0.4736328125 0.14226519337016574 0.0185546875
0 0.3715469613259669 0.57568359375 0.09668508287292818 0.0146484375
0 0.611878453038674 0.584228515625 0.17541436464088397 0.01904296875
2 0.37120165745856354 0.593994140625 0.17058011049723756 0.02001953125
2 0.6115331491712708 0.60498046875 0.11671270718232044 0.0185546875
2 0.37120165745856354 0.6123046875 0.1042817679558011 0.0146484375
0 0.612914364640884 0.70458984375 0.125 0.0185546875
0 0.37534530386740333 0.7119140625 0.14433701657458564 0.0185546875
2 0.611878453038674 0.722900390625 0.16298342541436464 0.01513671875
2 0.37603591160220995 0.73486328125 0.14295580110497239 0.021484375
2 0.618439226519337 0.741943359375 0.1664364640883978 0.01611328125
0 0.37603591160220995 0.8427734375 0.1388121546961326 0.017578125
0 0.6163674033149171 0.843505859375 0.1526243093922652 0.02099609375
2 0.37672651933701656 0.865234375 0.14157458563535913 0.021484375
2 0.613950276243094 0.865478515625 0.1298342541436464 0.01904296875
0 0.0925414364640884 0.92822265625 0.13121546961325967 0.0224609375
0 0.6788674033149171 0.931884765625 0.21823204419889503 0.02099609375
2 0.8953729281767956 0.931884765625 0.12361878453038674 0.02099609375
0 0.09081491712707182 0.9521484375 0.11671270718232044 0.0205078125
0 0.23860497237569062 0.973388671875 0.15400552486187846 0.02587890625
0 0.700621546961326 0.95263671875 0.2617403314917127 0.0263671875
0 0.09392265193370165 0.976806640625 0.11602209944751381 0.02783203125
0 0.6363950276243094 0.97802734375 0.13328729281767956 0.0224609375
2 0.892610497237569 0.97705078125 0.11947513812154696 0.025390625
2 0.24102209944751382 0.930908203125 0.1505524861878453 0.02197265625
2 0.29454419889502764 0.9501953125 0.26035911602209943 0.01953125
2 0.8960635359116023 0.955322265625 0.11947513812154696 0.02197265625
1 0.37603591160220995 0.076171875 0.17196132596685082 0.046875
1 0.375 0.203857421875 0.18232044198895028 0.04248046875
1 0.37810773480662985 0.3349609375 0.162292817679558 0.0517578125
1 0.3705110497237569 0.4638671875 0.14986187845303867 0.0419921875
1 0.3736187845303867 0.594482421875 0.17403314917127072 0.06103515625
1 0.3774171270718232 0.7255859375 0.17058011049723756 0.0556640625
1 0.3736187845303867 0.853271484375 0.1477900552486188 0.05029296875
1 0.17506906077348067 0.92626953125 0.2935082872928177 0.0244140625
1 0.23584254143646408 0.9521484375 0.39571823204419887 0.0283203125
1 0.1781767955801105 0.9775390625 0.287292817679558 0.029296875
1 0.7607044198895028 0.930908203125 0.39571823204419887 0.02685546875
1 0.762085635359116 0.956787109375 0.39157458563535913 0.02197265625
1 0.7645027624309392 0.97998046875 0.39088397790055246 0.0244140625
1 0.6167127071823204 0.8564453125 0.15331491712707182 0.0478515625
1 0.6132596685082873 0.7265625 0.17541436464088397 0.068359375
1 0.6132596685082873 0.5927734375 0.17541436464088397 0.046875
1 0.6115331491712708 0.4619140625 0.17058011049723756 0.052734375
1 0.612914364640884 0.334716796875 0.16091160220994474 0.05224609375
1 0.612914364640884 0.209716796875 0.13328729281767956 0.05615234375
1 0.6115331491712708 0.076171875 0.18162983425414364 0.0498046875
