0 0.24121522693997072 0.2939453125 0.33162518301610544 0.0361328125
2 0.4637628111273792 0.323974609375 0.06515373352855051 0.03271484375
2 0.46010248901903367 0.3564453125 0.06954612005856516 0.0361328125
0 0.21595900439238652 0.393310546875 0.3118594436310395 0.03955078125
2 0.5186676427525623 0.3935546875 0.13689604685212298 0.0341796875
0 0.18740849194729137 0.42529296875 0.26207906295754024 0.0341796875
2 0.5142752562225475 0.42578125 0.12371888726207907 0.0341796875
0 0.22767203513909223 0.458251953125 0.3367496339677892 0.03369140625
2 0.5069546120058566 0.45654296875 0.13689604685212298 0.0263671875
0 0.2020497803806735 0.490966796875 0.28550512445095166 0.03076171875
2 0.5010980966325037 0.490478515625 0.11786237188872621 0.02880859375
0 0.17020497803806736 0.521240234375 0.22181551976573938 0.02490234375
2 0.5076866764275256 0.523193359375 0.13689604685212298 0.02978515625
0 0.20790629575402636 0.55517578125 0.30307467057101023 0.03515625
2 0.5062225475841874 0.5546875 0.14128843338213762 0.02734375
0 0.2247437774524158 0.586669921875 0.3308931185944363 0.02392578125
2 0.5018301610541728 0.58935546875 0.1398243045387994 0.033203125
0 0.16727672035139093 0.61865234375 0.21595900439238652 0.025390625
0 0.23462664714494877 0.654541015625 0.3506588579795022 0.03173828125
2 0.513177159590044 0.652587890625 0.12005856515373353 0.03466796875
0 0.25841874084919475 0.689453125 0.39824304538799415 0.02734375
0 0.19838945827232796 0.717529296875 0.28550512445095166 0.03759765625
2 0.5289165446559297 0.718994140625 0.15153733528550511 0.02880859375
0 0.17606149341142022 0.75341796875 0.23645680819912152 0.0400390625
2 0.5226939970717424 0.751953125 0.1390922401171303 0.029296875
0 0.12920937042459738 0.816162109375 0.13543191800878476 0.02392578125
2 0.5040263543191801 0.818603515625 0.10029282576866765 0.02880859375
2 0.5552708638360175 0.622314453125 0.246705710102489 0.03076171875
2 0.5300146412884333 0.6884765625 0.1478770131771596 0.025390625
1 0.2840409956076135 0.3251953125 0.43484626647144947 0.1005859375
1 0.31771595900439237 0.390625 0.5344070278184481 0.0361328125
1 0.318814055636896 0.42333984375 0.5219619326500732 0.0322265625
1 0.31771595900439237 0.457275390625 0.5153733528550513 0.02978515625
1 0.3071010248901903 0.49169921875 0.5043923865300146 0.033203125
1 0.31734992679355783 0.52294921875 0.5219619326500732 0.0341796875
1 0.3184480234260615 0.55029296875 0.5241581259150805 0.037109375
1 0.3184480234260615 0.592041015625 0.5168374816983895 0.03369140625
1 0.37225475841874084 0.620849609375 0.6156661786237189 0.02783203125
1 0.3166178623718887 0.65380859375 0.513177159590044 0.0322265625
1 0.33052708638360173 0.6865234375 0.5571010248901903 0.0380859375
1 0.33052708638360173 0.71826171875 0.5512445095168375 0.0361328125
1 0.3257686676427526 0.749755859375 0.5505124450951684 0.03076171875
1 0.3071010248901903 0.81591796875 0.5014641288433382 0.0341796875
0 0.31002928257686674 0.325439453125 0.16764275256222547 0.02978515625
0 0.31002928257686674 0.357666015625 0.16764275256222547 0.02978515625
1 0.3583455344070278 0.32666015625 0.2847730600292826 0.0322265625
1 0.3576134699853587 0.357666015625 0.26720351390922403 0.03271484375
