0 0.275811209439528 0.2635416666666667 0.3274336283185841 0.016666666666666666
2 0.8303834808259587 0.26197916666666665 0.06489675516224189 0.013541666666666667
0 0.29056047197640117 0.2875 0.35693215339233036 0.016666666666666666
2 0.8311209439528023 0.2859375 0.06047197640117994 0.013541666666666667
0 0.27359882005899705 0.3104166666666667 0.3230088495575221 0.014583333333333334
0 0.8303834808259587 0.3104166666666667 0.06489675516224189 0.014583333333333334
0 0.24631268436578171 0.3338541666666667 0.26843657817109146 0.015625
2 0.831858407079646 0.3338541666666667 0.061946902654867256 0.015625
0 0.29277286135693215 0.396875 0.36430678466076694 0.01875
2 0.8259587020648967 0.3953125 0.07374631268436578 0.013541666666666667
0 0.31563421828908556 0.42083333333333334 0.40707964601769914 0.016666666666666666
2 0.8266961651917404 0.4192708333333333 0.07227138643067847 0.013541666666666667
0 0.27359882005899705 0.484375 0.32595870206489674 0.016666666666666666
2 0.8259587020648967 0.48385416666666664 0.07374631268436578 0.015625
0 0.3008849557522124 0.509375 0.3775811209439528 0.01875
2 0.8259587020648967 0.5072916666666667 0.07374631268436578 0.014583333333333334
0 0.2691740412979351 0.5328125 0.31710914454277284 0.017708333333333333
2 0.8259587020648967 0.53125 0.07374631268436578 0.014583333333333334
0 0.3694690265486726 0.5557291666666667 0.5176991150442478 0.017708333333333333
2 0.8259587020648967 0.5546875 0.07374631268436578 0.015625
0 0.3414454277286136 0.5802083333333333 0.4616519174041298 0.016666666666666666
0 0.8259587020648967 0.5786458333333333 0.07374631268436578 0.013541666666666667
0 0.27728613569321536 0.603125 0.3303834808259587 0.014583333333333334
2 0.8266961651917404 0.6026041666666667 0.07227138643067847 0.013541666666666667
0 0.35766961651917406 0.6276041666666666 0.4911504424778761 0.015625
2 0.8259587020648967 0.6265625 0.07374631268436578 0.013541666666666667
0 0.33997050147492625 0.6510416666666666 0.4557522123893805 0.016666666666666666
2 0.8259587020648967 0.6505208333333333 0.07374631268436578 0.015625
0 0.2994100294985251 0.6739583333333333 0.3746312684365782 0.014583333333333334
2 0.8259587020648967 0.6739583333333333 0.07374631268436578 0.014583333333333334
2 0.8333333333333334 0.309375 0.06489675516224189 0.014583333333333334
2 0.8244837758112095 0.578125 0.07669616519174041 0.014583333333333334
1 0.4896755162241888 0.2625 0.7522123893805309 0.01875
1 0.48672566371681414 0.28489583333333335 0.7522123893805309 0.017708333333333333
1 0.48746312684365783 0.30833333333333335 0.7536873156342183 0.01875
1 0.48746312684365783 0.33229166666666665 0.7536873156342183 0.01875
1 0.48746312684365783 0.39375 0.7536873156342183 0.01875
1 0.4859882005899705 0.41875 0.7477876106194691 0.01875
1 0.4882005899705015 0.4822916666666667 0.7492625368731564 0.01875
1 0.48746312684365783 0.5083333333333333 0.7536873156342183 0.022916666666666665
1 0.48525073746312686 0.5317708333333333 0.7492625368731564 0.021875
1 0.4882005899705015 0.5536458333333333 0.7551622418879056 0.023958333333333335
1 0.4859882005899705 0.5776041666666667 0.7507374631268436 0.019791666666666666
1 0.4889380530973451 0.6020833333333333 0.7566371681415929 0.016666666666666666
1 0.48672566371681414 0.625 0.7522123893805309 0.016666666666666666
1 0.4889380530973451 0.6479166666666667 0.7536873156342183 0.016666666666666666
1 0.4882005899705015 0.6744791666666666 0.7492625368731564 0.013541666666666667
