0 0.226457399103139 0.2750789889415482 0.2914798206278027 0.02330173775671406
2 0.9318385650224216 0.273696682464455 0.07533632286995516 0.017377567140600316
0 0.21210762331838565 0.29778830963665087 0.2609865470852018 0.02132701421800948
2 0.9318385650224216 0.2958135860979463 0.07533632286995516 0.017377567140600316
0 0.173542600896861 0.3193127962085308 0.18385650224215247 0.02014218009478673
2 0.9318385650224216 0.3179304897314376 0.07533632286995516 0.017377567140600316
0 0.18923766816143497 0.3410347551342812 0.21704035874439462 0.02014218009478673
2 0.9318385650224216 0.3400473933649289 0.07533632286995516 0.017377567140600316
0 0.20179372197309417 0.36216429699842023 0.24035874439461882 0.019747235387045814
2 0.9318385650224216 0.36216429699842023 0.07533632286995516 0.017377567140600316
0 0.23721973094170404 0.3862559241706161 0.3130044843049327 0.02448657187993681
2 0.9318385650224216 0.3842812006319115 0.07533632286995516 0.017377567140600316
0 0.20896860986547086 0.40837282780410744 0.25650224215246636 0.02448657187993681
2 0.9318385650224216 0.40639810426540285 0.07533632286995516 0.017377567140600316
0 0.21659192825112109 0.4287124802527646 0.2699551569506726 0.02014218009478673
2 0.9318385650224216 0.42851500789889413 0.07533632286995516 0.017377567140600316
0 0.1968609865470852 0.4524091627172196 0.23408071748878923 0.024091627172195894
2 0.9318385650224216 0.45063191153238547 0.07533632286995516 0.017377567140600316
2 0.9318385650224216 0.4727488151658768 0.07533632286995516 0.017377567140600316
0 0.21076233183856502 0.476303317535545 0.25829596412556055 0.02132701421800948
0 0.21614349775784752 0.49703791469194314 0.27085201793721975 0.021721958925750396
2 0.9318385650224216 0.49506319115323855 0.07533632286995516 0.0169826224328594
2 0.9318385650224216 0.5171800947867299 0.07533632286995516 0.0169826224328594
0 0.24708520179372198 0.5207345971563981 0.3327354260089686 0.022511848341232227
2 0.9345291479820628 0.5396919431279621 0.07174887892376682 0.0169826224328594
0 0.25515695067264577 0.542654028436019 0.347085201793722 0.02132701421800948
2 0.9318385650224216 0.5616113744075829 0.07533632286995516 0.017377567140600316
0 0.23721973094170404 0.5647709320695102 0.3112107623318386 0.02132701421800948
0 0.22242152466367712 0.5864928909952607 0.28340807174887894 0.023696682464454975
2 0.9318385650224216 0.5837282780410743 0.07533632286995516 0.017377567140600316
0 0.22376681614349775 0.6084123222748815 0.2807174887892377 0.02330173775671406
2 0.9318385650224216 0.6058451816745656 0.07533632286995516 0.017377567140600316
2 0.9318385650224216 0.6279620853080569 0.07533632286995516 0.017377567140600316
0 0.2358744394618834 0.6311216429699842 0.3031390134529148 0.02132701421800948
0 0.257847533632287 0.6534360189573459 0.3488789237668161 0.024881516587677725
2 0.9318385650224216 0.6500789889415481 0.07533632286995516 0.017377567140600316
0 0.29013452914798205 0.6757503949447078 0.4134529147982063 0.026066350710900472
2 0.9318385650224216 0.6721958925750395 0.07533632286995516 0.017377567140600316
0 0.33183856502242154 0.6986571879936809 0.5022421524663677 0.026066350710900472
2 0.9318385650224216 0.6943127962085308 0.07533632286995516 0.017377567140600316
2 0.9318385650224216 0.7164296998420221 0.07533632286995516 0.017377567140600316
0 0.24439461883408073 0.7213665086887836 0.3273542600896861 0.022511848341232227
2 0.9318385650224216 0.7381516587677726 0.07533632286995516 0.017377567140600316
0 0.2515695067264574 0.7421011058451816 0.3417040358744395 0.022116903633491312
2 0.9318385650224216 0.7606635071090048 0.07533632286995516 0.017377567140600316
0 0.22690582959641256 0.7657977883096366 0.2905829596412556 0.019747235387045814
2 0.9318385650224216 0.782780410742496 0.07533632286995516 0.017377567140600316
0 0.19417040358744395 0.7875197472353871 0.22511210762331837 0.019747235387045814
2 0.9318385650224216 0.8048973143759873 0.07533632286995516 0.017377567140600316
0 0.19282511210762332 0.8098341232227488 0.2242152466367713 0.02014218009478673
2 0.9318385650224216 0.8270142180094787 0.07533632286995516 0.017377567140600316
0 0.22690582959641256 0.8315560821484992 0.2905829596412556 0.018562401263823063
2 0.9336322869955157 0.84913112164297 0.07174887892376682 0.017377567140600316
0 0.2430493273542601 0.8550552922590837 0.32286995515695066 0.02132701421800948
2 0.9318385650224216 0.8712480252764613 0.07533632286995516 0.017377567140600316
0 0.24887892376681614 0.877172195892575 0.3345291479820628 0.02132701421800948
1 0.5246636771300448 0.27349921011058453 0.8968609865470852 0.022511848341232227
1 0.5269058295964125 0.29778830963665087 0.8923766816143498 0.023696682464454975
1 0.5282511210762332 0.3189178515007899 0.884304932735426 0.02093206951026856
1 0.526457399103139 0.3392575039494471 0.9076233183856502 0.022116903633491312
1 0.5260089686098655 0.36196682464454977 0.8887892376681614 0.017772511848341232
1 0.5251121076233184 0.38467614533965244 0.8995515695067264 0.020537124802527645
1 0.5251121076233184 0.40639810426540285 0.8887892376681614 0.022906793048973143
1 0.525560538116592 0.4291074249605055 0.8932735426008969 0.024881516587677725
1 0.5269058295964125 0.45221169036334913 0.8905829596412556 0.02132701421800948
1 0.526457399103139 0.47334123222748814 0.8914798206278027 0.02093206951026856
1 0.526457399103139 0.49506319115323855 0.8968609865470852 0.02014218009478673
1 0.5282511210762332 0.5195497630331753 0.8932735426008969 0.019352290679304898
1 0.525560538116592 0.542259083728278 0.8932735426008969 0.018957345971563982
1 0.5233183856502243 0.5643759873617693 0.8834080717488789 0.022906793048973143
1 0.5210762331838565 0.5831358609794629 0.8860986547085202 0.019352290679304898
1 0.526457399103139 0.6068325434439179 0.8860986547085202 0.02646129541864139
1 0.5278026905829596 0.6285545023696683 0.8941704035874439 0.021721958925750396
1 0.5260089686098655 0.6506714060031595 0.8941704035874439 0.027251184834123223
1 0.5246636771300448 0.6733807266982622 0.8914798206278027 0.020537124802527645
1 0.5246636771300448 0.6972748815165877 0.8860986547085202 0.024881516587677725
1 0.5210762331838565 0.7199842022116903 0.8968609865470852 0.020537124802527645
1 0.5179372197309418 0.7407187993680885 0.8941704035874439 0.019352290679304898
1 0.52152466367713 0.7644154818325435 0.8905829596412556 0.02014218009478673
1 0.5210762331838565 0.7869273301737757 0.8860986547085202 0.02330173775671406
1 0.526457399103139 0.8076619273301737 0.9022421524663677 0.02132701421800948
1 0.526457399103139 0.8311611374407583 0.8914798206278027 0.024881516587677725
1 0.5295964125560538 0.8515007898894155 0.9031390134529148 0.02448657187993681
1 0.5282511210762332 0.8759873617693523 0.8878923766816144 0.019747235387045814
