0 0.32650073206442165 0.28466796875 0.3762811127379209 0.0390625
2 0.7997803806734992 0.287353515625 0.08711566617862372 0.02685546875
0 0.37005856515373353 0.347412109375 0.4868228404099561 0.03466796875
2 0.7997803806734992 0.349853515625 0.08272327964860908 0.02685546875
0 0.3568814055636896 0.41064453125 0.4428989751098097 0.0361328125
2 0.801610541727672 0.4111328125 0.08638360175695461 0.0263671875
0 0.37920937042459735 0.4736328125 0.4904831625183016 0.037109375
2 0.8027086383601757 0.472900390625 0.08857979502196194 0.02783203125
0 0.32906295754026355 0.534423828125 0.3945827232796486 0.03662109375
2 0.8027086383601757 0.53466796875 0.0841874084919473 0.0263671875
1 0.493411420204978 0.292724609375 0.7203513909224012 0.05908203125
1 0.4890190336749634 0.3603515625 0.7130307467057101 0.0693359375
1 0.49158125915080525 0.419189453125 0.7240117130307467 0.05712890625
1 0.49487554904831627 0.481689453125 0.7174231332357247 0.05517578125
1 0.49194729136163984 0.542236328125 0.7174231332357247 0.05712890625
