0 0.47530864197530864 0.5512152777777778 0.08112874779541446 0.019593253968253968
0 0.5308641975308642 0.5726686507936508 0.18783068783068782 0.023809523809523808
0 0.4764109347442681 0.5967261904761905 0.07892416225749559 0.01984126984126984
0 0.501984126984127 0.6189236111111112 0.1300705467372134 0.019593253968253968
0 0.4775132275132275 0.6408730158730159 0.0837742504409171 0.020833333333333332
0 0.47883597883597884 0.6625744047619048 0.07936507936507936 0.018601190476190476
0 0.4834656084656085 0.6846478174603174 0.08862433862433862 0.018601190476190476
0 0.5317460317460317 0.7026289682539683 0.18342151675485008 0.0248015873015873
0 0.5297619047619048 0.7269345238095238 0.17945326278659612 0.0248015873015873
0 0.5399029982363316 0.7481398809523809 0.19973544973544974 0.025049603174603176
0 0.5284391534391535 0.7693452380952381 0.18121693121693122 0.0248015873015873
0 0.5041887125220459 0.7921626984126984 0.1318342151675485 0.026785714285714284
