0 0.6411210317460317 0.34171075837742504 0.2088293650793651 0.053791887125220456
0 0.3505704365079365 0.345679012345679 0.22544642857142858 0.03527336860670194
0 0.3304811507936508 0.39307760141093473 0.18328373015873015 0.04365079365079365
0 0.6227678571428571 0.3966049382716049 0.16567460317460317 0.034832451499118164
2 0.49975198412698413 0.3977072310405644 0.028769841269841268 0.02821869488536155
2 0.7686011904761905 0.39307760141093473 0.030257936507936508 0.03747795414462081
0 0.318328373015873 0.4486331569664903 0.15848214285714285 0.04717813051146384
0 0.6359126984126984 0.44422398589065254 0.18898809523809523 0.03747795414462081
2 0.49975198412698413 0.44753086419753085 0.028769841269841268 0.025573192239858905
2 0.7682291666666666 0.4417989417989418 0.029513888888888888 0.037037037037037035
0 0.30518353174603174 0.4916225749559083 0.13169642857142858 0.03527336860670194
0 0.6313244047619048 0.4947089947089947 0.1827876984126984 0.03791887125220458
2 0.5003720238095238 0.49514991181657847 0.027529761904761904 0.02821869488536155
2 0.7673611111111112 0.48721340388007056 0.028769841269841268 0.0291005291005291
0 0.6285962301587301 0.5423280423280423 0.17733134920634921 0.03527336860670194
0 0.3396577380952381 0.5436507936507936 0.19816468253968253 0.03262786596119929
2 0.49975198412698413 0.5436507936507936 0.028769841269841268 0.02821869488536155
2 0.7683531746031746 0.5388007054673721 0.032242063492063495 0.03791887125220458
0 0.5765128968253969 0.5886243386243386 0.07316468253968254 0.03527336860670194
0 0.3454861111111111 0.5910493827160493 0.20982142857142858 0.034832451499118164
2 0.49975198412698413 0.5932539682539683 0.028769841269841268 0.03042328042328042
2 0.7655009920634921 0.583994708994709 0.029017857142857144 0.02601410934744268
0 0.5752728174603174 0.6360229276895943 0.07068452380952381 0.03747795414462081
2 0.7674851190476191 0.6335978835978836 0.027529761904761904 0.02821869488536155
0 0.6267361111111112 0.6871693121693122 0.1736111111111111 0.03747795414462081
2 0.7673611111111112 0.6845238095238095 0.028769841269841268 0.02601410934744268
0 0.25496031746031744 0.73831569664903 0.022321428571428572 0.03571428571428571
2 0.5064484126984127 0.7358906525573192 0.018353174603174604 0.02821869488536155
0 0.2743055555555556 0.7874779541446209 0.0689484126984127 0.03880070546737213
2 0.5035962301587301 0.7854938271604939 0.027529761904761904 0.03042328042328042
0 0.279265873015873 0.8326719576719577 0.07738095238095238 0.04188712522045855
2 0.5028521825396826 0.832010582010582 0.034970238095238096 0.026455026455026454
2 0.7683531746031746 0.3392857142857143 0.030753968253968252 0.04188712522045855
2 0.49888392857142855 0.34656084656084657 0.033482142857142856 0.04409171075837742
1 0.3741319444444444 0.34700176366843033 0.28000992063492064 0.04056437389770723
1 0.37475198412698413 0.4007936507936508 0.27628968253968256 0.03791887125220458
1 0.37710813492063494 0.447310405643739 0.27554563492063494 0.0427689594356261
1 0.3792162698412698 0.49537037037037035 0.2767857142857143 0.04188712522045855
1 0.37512400793650796 0.5478395061728395 0.2770337301587302 0.05599647266313933
1 0.3794642857142857 0.5954585537918872 0.2787698412698413 0.03218694885361552
1 0.660094246031746 0.3406084656084656 0.2472718253968254 0.04188712522045855
1 0.6608382936507936 0.3924162257495591 0.24131944444444445 0.03350970017636684
1 0.6634424603174603 0.4382716049382716 0.24454365079365079 0.04144620811287478
1 0.6633184523809523 0.4914021164021164 0.2472718253968254 0.0427689594356261
1 0.6626984126984127 0.5394620811287478 0.24206349206349206 0.039241622574955906
1 0.6617063492063492 0.5853174603174603 0.24404761904761904 0.045414462081128745
1 0.6630704365079365 0.6307319223985891 0.24925595238095238 0.05511463844797178
1 0.6603422619047619 0.687389770723104 0.23983134920634921 0.03439153439153439
0 0.29017857142857145 0.7398589065255732 0.03571428571428571 0.03439153439153439
0 0.32837301587301587 0.7400793650793651 0.022321428571428572 0.03571428571428571
0 0.3444940476190476 0.7824074074074074 0.052083333333333336 0.041005291005291
0 0.40401785714285715 0.7817460317460317 0.046130952380952384 0.03439153439153439
0 0.3557787698412698 0.8322310405643739 0.057291666666666664 0.040123456790123455
0 0.4341517857142857 0.8317901234567902 0.08010912698412699 0.03835978835978836
1 0.3793402777777778 0.7378747795414462 0.27306547619047616 0.039241622574955906
1 0.37884424603174605 0.7835097001763669 0.27653769841269843 0.04144620811287478
1 0.37996031746031744 0.8293650793650794 0.2822420634920635 0.03968253968253968
