0 0.5447916666666667 0.08703703703703704 0.040625 0.016666666666666666
0 0.7028645833333333 0.09907407407407408 0.027604166666666666 0.014814814814814815
0 0.5484375 0.1087962962962963 0.052083333333333336 0.021296296296296296
0 0.7020833333333333 0.12083333333333333 0.023958333333333335 0.017592592592592594
2 0.85625 0.14351851851851852 0.013541666666666667 0.014814814814814815
0 0.7080729166666667 0.14074074074074075 0.0390625 0.018518518518518517
0 0.54453125 0.1310185185185185 0.04114583333333333 0.017592592592592594
0 0.54921875 0.15185185185185185 0.05260416666666667 0.020370370370370372
0 0.55234375 0.1763888888888889 0.059895833333333336 0.025
0 0.5552083333333333 0.19953703703703704 0.065625 0.019444444444444445
0 0.71640625 0.21342592592592594 0.05364583333333333 0.017592592592592594
0 0.5479166666666667 0.21944444444444444 0.052083333333333336 0.022222222222222223
0 0.7151041666666667 0.2351851851851852 0.05 0.016666666666666666
0 0.5518229166666667 0.24212962962962964 0.059895833333333336 0.023148148148148147
0 0.715625 0.25416666666666665 0.05 0.017592592592592594
2 0.6203125 0.2638888888888889 0.014583333333333334 0.014814814814814815
0 0.7200520833333334 0.27546296296296297 0.06197916666666667 0.019444444444444445
0 0.5541666666666667 0.26342592592592595 0.06354166666666666 0.021296296296296296
2 0.6205729166666667 0.2847222222222222 0.015104166666666667 0.019444444444444445
0 0.5497395833333333 0.287962962962963 0.0546875 0.024074074074074074
0 0.7143229166666667 0.2953703703703704 0.049479166666666664 0.020370370370370372
0 0.73984375 0.31574074074074077 0.09947916666666666 0.022222222222222223
2 0.6192708333333333 0.30694444444444446 0.014583333333333334 0.017592592592592594
0 0.55390625 0.30833333333333335 0.06302083333333333 0.020370370370370372
2 0.8278645833333333 0.33194444444444443 0.015104166666666667 0.019444444444444445
0 0.7403645833333333 0.3365740740740741 0.10260416666666666 0.023148148148148147
0 0.5450520833333333 0.3824074074074074 0.044270833333333336 0.020370370370370372
0 0.7927083333333333 0.40046296296296297 0.036458333333333336 0.021296296296296296
0 0.703125 0.4074074074074074 0.028125 0.016666666666666666
0 0.5466145833333333 0.40555555555555556 0.0484375 0.020370370370370372
0 0.7895833333333333 0.42314814814814816 0.028125 0.016666666666666666
2 0.8276041666666667 0.40925925925925927 0.013541666666666667 0.014814814814814815
0 0.7200520833333334 0.4310185185185185 0.06197916666666667 0.017592592592592594
0 0.5473958333333333 0.42685185185185187 0.05 0.016666666666666666
0 0.790625 0.44583333333333336 0.03333333333333333 0.017592592592592594
0 0.55625 0.45 0.07291666666666667 0.022222222222222223
0 0.7901041666666667 0.4689814814814815 0.029166666666666667 0.017592592592592594
2 0.8283854166666667 0.475462962962963 0.013020833333333334 0.017592592592592594
0 0.3125 0.45555555555555555 0.11458333333333333 0.025925925925925925
0 0.7088541666666667 0.47453703703703703 0.03854166666666667 0.021296296296296296
0 0.18229166666666666 0.45787037037037037 0.10416666666666667 0.03425925925925926
0 0.5489583333333333 0.47175925925925927 0.053125 0.021296296296296296
0 0.7231770833333333 0.5518518518518518 0.0578125 0.022222222222222223
0 0.7127604166666667 0.5791666666666667 0.0328125 0.017592592592592594
0 0.5635416666666667 0.5884259259259259 0.08125 0.019444444444444445
2 0.65859375 0.587037037037037 0.016145833333333335 0.014814814814814815
0 0.7135416666666666 0.6032407407407407 0.035416666666666666 0.017592592592592594
2 0.8580729166666666 0.6268518518518519 0.015104166666666667 0.022222222222222223
0 0.5591145833333333 0.611574074074074 0.0734375 0.019444444444444445
0 0.73125 0.625462962962963 0.06979166666666667 0.021296296296296296
0 0.5377604166666666 0.6333333333333333 0.030729166666666665 0.016666666666666666
0 0.5369791666666667 0.6574074074074074 0.029166666666666667 0.016666666666666666
0 0.5455729166666666 0.6800925925925926 0.04635416666666667 0.017592592592592594
0 0.2609375 0.6842592592592592 0.03854166666666667 0.02962962962962963
0 0.7236979166666667 0.7050925925925926 0.05364583333333333 0.017592592592592594
0 0.17864583333333334 0.6824074074074075 0.09270833333333334 0.02962962962962963
0 0.5575520833333333 0.7023148148148148 0.07135416666666666 0.019444444444444445
0 0.7278645833333334 0.7273148148148149 0.06302083333333333 0.019444444444444445
0 0.5596354166666667 0.7268518518518519 0.07447916666666667 0.016666666666666666
0 0.72265625 0.750462962962963 0.05260416666666667 0.017592592592592594
0 0.5565104166666667 0.7490740740740741 0.06822916666666666 0.018518518518518517
0 0.7244791666666667 0.7726851851851851 0.05520833333333333 0.017592592592592594
0 0.56171875 0.7712962962962963 0.07760416666666667 0.022222222222222223
0 0.7177083333333333 0.7958333333333333 0.040625 0.017592592592592594
0 0.5544270833333333 0.7949074074074074 0.0640625 0.017592592592592594
0 0.7270833333333333 0.8194444444444444 0.06145833333333333 0.018518518518518517
0 0.5518229166666667 0.8166666666666667 0.059895833333333336 0.022222222222222223
0 0.7276041666666667 0.8430555555555556 0.06354166666666666 0.01574074074074074
0 0.5481770833333334 0.8412037037037037 0.0515625 0.017592592592592594
0 0.73125 0.8648148148148148 0.06770833333333333 0.018518518518518517
0 0.5372395833333333 0.8643518518518518 0.03177083333333333 0.017592592592592594
0 0.73203125 0.888425925925926 0.0703125 0.021296296296296296
0 0.5395833333333333 0.8875 0.034375 0.019444444444444445
0 0.734375 0.9125 0.075 0.017592592592592594
0 0.5442708333333334 0.9087962962962963 0.046875 0.023148148148148147
2 0.8596354166666667 0.9333333333333333 0.011979166666666667 0.016666666666666666
0 0.728125 0.9333333333333333 0.06458333333333334 0.022222222222222223
2 0.6580729166666667 0.9310185185185185 0.015104166666666667 0.017592592592592594
0 0.5427083333333333 0.9328703703703703 0.03958333333333333 0.021296296296296296
0 0.43411458333333336 0.9407407407407408 0.1078125 0.03148148148148148
0 0.26588541666666665 0.9384259259259259 0.08385416666666666 0.030555555555555555
0 0.17239583333333333 0.9402777777777778 0.06875 0.026851851851851852
0 0.42109375 0.45555555555555555 0.08385416666666666 0.03333333333333333
0 0.3416666666666667 0.6819444444444445 0.10520833333333333 0.030555555555555555
0 0.4479166666666667 0.6805555555555556 0.08958333333333333 0.03148148148148148
0 0.33880208333333334 0.9402777777777778 0.043229166666666666 0.032407407407407406
2 0.61953125 0.24212962962962964 0.015104166666666667 0.019444444444444445
2 0.6184895833333334 0.1986111111111111 0.015104166666666667 0.019444444444444445
2 0.6190104166666667 0.13287037037037036 0.015104166666666667 0.019444444444444445
2 0.6184895833333334 0.11064814814814815 0.015104166666666667 0.019444444444444445
2 0.6174479166666667 0.08842592592592592 0.015104166666666667 0.019444444444444445
2 0.6200520833333333 0.1763888888888889 0.015104166666666667 0.019444444444444445
2 0.61953125 0.1550925925925926 0.015104166666666667 0.019444444444444445
2 0.6200520833333333 0.21805555555555556 0.015104166666666667 0.019444444444444445
2 0.6265625 0.38101851851851853 0.014583333333333334 0.017592592592592594
2 0.6260416666666667 0.40324074074074073 0.014583333333333334 0.017592592592592594
2 0.6265625 0.4273148148148148 0.014583333333333334 0.017592592592592594
2 0.6265625 0.45046296296296295 0.014583333333333334 0.017592592592592594
2 0.6265625 0.4726851851851852 0.014583333333333334 0.017592592592592594
2 0.8567708333333334 0.12222222222222222 0.013541666666666667 0.014814814814814815
2 0.8296875 0.1 0.013541666666666667 0.014814814814814815
2 0.8296875 0.12314814814814815 0.013541666666666667 0.014814814814814815
2 0.8296875 0.14351851851851852 0.013541666666666667 0.014814814814814815
2 0.85625 0.10092592592592593 0.013541666666666667 0.014814814814814815
2 0.8559895833333333 0.25324074074074077 0.015104166666666667 0.019444444444444445
2 0.82890625 0.25416666666666665 0.015104166666666667 0.019444444444444445
2 0.8286458333333333 0.27314814814814814 0.014583333333333334 0.020370370370370372
2 0.8559895833333333 0.2726851851851852 0.015104166666666667 0.019444444444444445
2 0.8559895833333333 0.31342592592592594 0.015104166666666667 0.019444444444444445
2 0.8559895833333333 0.3347222222222222 0.015104166666666667 0.019444444444444445
2 0.8559895833333333 0.2337962962962963 0.015104166666666667 0.019444444444444445
2 0.8559895833333333 0.21157407407407408 0.015104166666666667 0.019444444444444445
2 0.8299479166666667 0.2125 0.015104166666666667 0.019444444444444445
2 0.8294270833333334 0.23194444444444445 0.015104166666666667 0.019444444444444445
2 0.82890625 0.29212962962962963 0.013020833333333334 0.017592592592592594
2 0.8291666666666667 0.3101851851851852 0.014583333333333334 0.020370370370370372
2 0.8567708333333334 0.4101851851851852 0.013541666666666667 0.014814814814814815
2 0.828125 0.4324074074074074 0.013541666666666667 0.014814814814814815
2 0.8567708333333334 0.43148148148148147 0.013541666666666667 0.014814814814814815
2 0.8572916666666667 0.47685185185185186 0.013541666666666667 0.014814814814814815
2 0.85703125 0.6037037037037037 0.015104166666666667 0.022222222222222223
2 0.8575520833333333 0.5796296296296296 0.015104166666666667 0.022222222222222223
2 0.8580729166666666 0.5564814814814815 0.015104166666666667 0.022222222222222223
2 0.6580729166666667 0.9097222222222222 0.015104166666666667 0.017592592592592594
2 0.6575520833333334 0.8421296296296297 0.015104166666666667 0.017592592592592594
2 0.6575520833333334 0.8634259259259259 0.015104166666666667 0.017592592592592594
2 0.6580729166666667 0.8865740740740741 0.015104166666666667 0.017592592592592594
2 0.6580729166666667 0.8189814814814815 0.015104166666666667 0.017592592592592594
2 0.6580729166666667 0.7476851851851852 0.015104166666666667 0.017592592592592594
2 0.65859375 0.725462962962963 0.015104166666666667 0.017592592592592594
2 0.6575520833333334 0.7736111111111111 0.015104166666666667 0.017592592592592594
2 0.6575520833333334 0.7939814814814815 0.015104166666666667 0.017592592592592594
2 0.65859375 0.6333333333333333 0.016145833333333335 0.014814814814814815
2 0.65703125 0.6564814814814814 0.016145833333333335 0.014814814814814815
2 0.6575520833333334 0.6796296296296296 0.016145833333333335 0.014814814814814815
2 0.65859375 0.7027777777777777 0.016145833333333335 0.014814814814814815
2 0.6572916666666667 0.6106481481481482 0.016666666666666666 0.017592592592592594
2 0.8591145833333333 0.9111111111111111 0.011979166666666667 0.016666666666666666
2 0.8591145833333333 0.8435185185185186 0.011979166666666667 0.016666666666666666
2 0.85859375 0.8657407407407407 0.011979166666666667 0.016666666666666666
2 0.8580729166666666 0.8888888888888888 0.011979166666666667 0.016666666666666666
2 0.8596354166666667 0.7962962962962963 0.011979166666666667 0.016666666666666666
2 0.85859375 0.7722222222222223 0.011979166666666667 0.016666666666666666
2 0.8591145833333333 0.75 0.011979166666666667 0.016666666666666666
2 0.8591145833333333 0.725925925925926 0.011979166666666667 0.016666666666666666
2 0.8591145833333333 0.7037037037037037 0.011979166666666667 0.016666666666666666
2 0.8596354166666667 0.8185185185185185 0.011979166666666667 0.016666666666666666
1 0.5744791666666667 0.08611111111111111 0.103125 0.018518518518518517
1 0.5739583333333333 0.1087962962962963 0.10416666666666667 0.023148148148148147
1 0.5747395833333333 0.13148148148148148 0.10364583333333334 0.018518518518518517
1 0.5739583333333333 0.17592592592592593 0.10520833333333333 0.020370370370370372
1 0.5736979166666667 0.15185185185185185 0.10364583333333334 0.018518518518518517
1 0.5729166666666666 0.1962962962962963 0.10520833333333333 0.020370370370370372
1 0.5739583333333333 0.21944444444444444 0.10520833333333333 0.020370370370370372
1 0.5744791666666667 0.24351851851851852 0.10520833333333333 0.020370370370370372
1 0.5739583333333333 0.26481481481481484 0.10520833333333333 0.020370370370370372
1 0.5744791666666667 0.287962962962963 0.10520833333333333 0.020370370370370372
1 0.5739583333333333 0.30833333333333335 0.10520833333333333 0.020370370370370372
1 0.5778645833333333 0.3819444444444444 0.11197916666666667 0.021296296296296296
1 0.57734375 0.4060185185185185 0.11197916666666667 0.021296296296296296
1 0.57734375 0.4263888888888889 0.11197916666666667 0.021296296296296296
1 0.5765625 0.44814814814814813 0.11354166666666667 0.024074074074074074
1 0.5776041666666667 0.47129629629629627 0.11145833333333334 0.020370370370370372
1 0.5940104166666667 0.5888888888888889 0.14322916666666666 0.020370370370370372
1 0.5934895833333333 0.612037037037037 0.14322916666666666 0.020370370370370372
1 0.5934895833333333 0.6333333333333333 0.14322916666666666 0.020370370370370372
1 0.5934895833333333 0.6574074074074074 0.14322916666666666 0.020370370370370372
1 0.5934895833333333 0.7490740740740741 0.14322916666666666 0.020370370370370372
1 0.5934895833333333 0.6814814814814815 0.14322916666666666 0.020370370370370372
1 0.5940104166666667 0.7037037037037037 0.14322916666666666 0.020370370370370372
1 0.59296875 0.7277777777777777 0.14322916666666666 0.020370370370370372
1 0.59296875 0.7962962962962963 0.14322916666666666 0.020370370370370372
1 0.59296875 0.8407407407407408 0.14322916666666666 0.020370370370370372
1 0.59375 0.7703703703703704 0.14375 0.022222222222222223
1 0.5932291666666667 0.8175925925925925 0.14479166666666668 0.022222222222222223
1 0.59296875 0.8870370370370371 0.14322916666666666 0.020370370370370372
1 0.5924479166666666 0.8638888888888889 0.14322916666666666 0.020370370370370372
1 0.59296875 0.9324074074074075 0.14322916666666666 0.020370370370370372
1 0.59296875 0.9092592592592592 0.14322916666666666 0.020370370370370372
0 0.5731770833333333 0.9342592592592592 0.018229166666666668 0.022222222222222223
0 0.5916666666666667 0.9337962962962963 0.013541666666666667 0.019444444444444445
1 0.78046875 0.7046296296296296 0.1703125 0.018518518518518517
1 0.7802083333333333 0.7273148148148149 0.16979166666666667 0.021296296296296296
1 0.7807291666666667 0.750462962962963 0.16979166666666667 0.021296296296296296
1 0.7807291666666667 0.7726851851851851 0.16979166666666667 0.021296296296296296
1 0.7807291666666667 0.7972222222222223 0.16979166666666667 0.020370370370370372
1 0.7802083333333333 0.8208333333333333 0.16979166666666667 0.021296296296296296
1 0.7796875 0.8430555555555556 0.16979166666666667 0.021296296296296296
1 0.78125 0.8662037037037037 0.16979166666666667 0.021296296296296296
1 0.78125 0.8875 0.16979166666666667 0.021296296296296296
1 0.7796875 0.9115740740740741 0.16979166666666667 0.021296296296296296
1 0.7796875 0.9333333333333333 0.16875 0.024074074074074074
1 0.7799479166666666 0.5532407407407407 0.17135416666666667 0.028703703703703703
1 0.78046875 0.5787037037037037 0.1703125 0.022222222222222223
1 0.7799479166666666 0.6027777777777777 0.1703125 0.022222222222222223
1 0.7799479166666666 0.6259259259259259 0.1703125 0.022222222222222223
1 0.7760416666666666 0.4078703703703704 0.175 0.019444444444444445
1 0.7760416666666666 0.475462962962963 0.17604166666666668 0.019444444444444445
1 0.7752604166666667 0.43194444444444446 0.17447916666666666 0.019444444444444445
1 0.7765625 0.21342592592592594 0.175 0.019444444444444445
1 0.7760416666666666 0.2337962962962963 0.175 0.019444444444444445
1 0.7765625 0.25324074074074077 0.175 0.019444444444444445
1 0.7760416666666666 0.274537037037037 0.175 0.021296296296296296
1 0.7760416666666666 0.3143518518518518 0.175 0.019444444444444445
1 0.7614583333333333 0.2962962962962963 0.146875 0.020370370370370372
1 0.7755208333333333 0.3365740740740741 0.175 0.019444444444444445
1 0.77578125 0.10046296296296296 0.17552083333333332 0.019444444444444445
1 0.7763020833333333 0.12083333333333333 0.17552083333333332 0.019444444444444445
1 0.7752604166666667 0.1412037037037037 0.17552083333333332 0.019444444444444445
