0 0.5134479717813051 0.3117559523809524 0.2570546737213404 0.042162698412698416
0 0.291005291005291 0.3912450396825397 0.2239858906525573 0.019097222222222224
0 0.6164021164021164 0.3975694444444444 0.2204585537918871 0.014384920634920634
0 0.8503086419753086 0.39893353174603174 0.06746031746031746 0.014632936507936508
0 0.289021164021164 0.4175347222222222 0.20502645502645503 0.019097222222222224
0 0.5540123456790124 0.4243551587301587 0.09567901234567901 0.015873015873015872
0 0.8560405643738977 0.4242311507936508 0.05599647266313933 0.01314484126984127
0 0.2899029982363316 0.44382440476190477 0.15211640211640212 0.019593253968253968
0 0.546957671957672 0.4496527777777778 0.08156966490299823 0.014384920634920634
0 0.8492063492063492 0.45027281746031744 0.06966490299823633 0.01314484126984127
0 0.5480599647266314 0.4749503968253968 0.0837742504409171 0.015873015873015872
0 0.8481040564373897 0.47631448412698413 0.06746031746031746 0.01314484126984127
0 0.5690035273368607 0.5003720238095238 0.1300705467372134 0.014632936507936508
0 0.8481040564373897 0.5017361111111112 0.06746031746031746 0.014384920634920634
0 0.2879188712522046 0.5233134920634921 0.09523809523809523 0.015873015873015872
0 0.5551146384479718 0.5257936507936508 0.10229276895943562 0.015873015873015872
0 0.8481040564373897 0.5277777777777778 0.06746031746031746 0.014384920634920634
0 0.2865961199294533 0.5481150793650794 0.22310405643738976 0.016865079365079364
0 0.5771604938271605 0.5502232142857143 0.1472663139329806 0.017609126984126984
0 0.8492063492063492 0.5531994047619048 0.06525573192239859 0.01314484126984127
0 0.2865961199294533 0.5752728174603174 0.20899470899470898 0.018601190476190476
0 0.2854938271604938 0.6006944444444444 0.17857142857142858 0.017361111111111112
0 0.5493827160493827 0.6293402777777778 0.09523809523809523 0.014632936507936508
2 0.8584656084656085 0.6325644841269841 0.04673721340388007 0.01314484126984127
0 0.5365961199294532 0.65625 0.07142857142857142 0.017361111111111112
2 0.8584656084656085 0.6586061507936508 0.04673721340388007 0.01314484126984127
0 0.5319664902998237 0.6814236111111112 0.06040564373897707 0.014632936507936508
0 0.7530864197530864 0.6801835317460317 0.03527336860670194 0.006696428571428571
2 0.8584656084656085 0.6846478174603174 0.04673721340388007 0.01314484126984127
0 0.2819664902998236 0.6891121031746031 0.22354497354497355 0.017609126984126984
0 0.7588183421516755 0.7120535714285714 0.048500881834215165 0.05853174603174603
0 0.7028218694885362 0.7177579365079365 0.043209876543209874 0.060515873015873016
0 0.6529982363315696 0.7186259920634921 0.047619047619047616 0.05828373015873016
0 0.5297619047619048 0.7087053571428571 0.05599647266313933 0.014632936507936508
2 0.8584656084656085 0.7106894841269841 0.04673721340388007 0.01314484126984127
0 0.2808641975308642 0.7166418650793651 0.09523809523809523 0.014632936507936508
0 0.5319664902998237 0.7346230158730159 0.068342151675485 0.018353174603174604
2 0.8584656084656085 0.7367311507936508 0.04673721340388007 0.01314484126984127
0 0.2808641975308642 0.7426835317460317 0.20634920634920634 0.01711309523809524
0 0.5553350970017636 0.7595486111111112 0.11155202821869488 0.014632936507936508
2 0.8584656084656085 0.7627728174603174 0.04673721340388007 0.01314484126984127
0 0.2795414462081129 0.7677331349206349 0.15961199294532627 0.019097222222222224
0 0.7577160493827161 0.7803819444444444 0.034832451499118164 0.012152777777777778
0 0.5621693121693122 0.7855902777777778 0.12522045855379188 0.014632936507936508
0 0.558641975308642 0.8134920634920635 0.11816578483245149 0.015873015873015872
2 0.8562610229276896 0.8148561507936508 0.04673721340388007 0.01314484126984127
0 0.5458553791887125 0.8376736111111112 0.09788359788359788 0.014632936507936508
2 0.8562610229276896 0.8408978174603174 0.04673721340388007 0.01314484126984127
1 0.6924603174603174 0.6299603174603174 0.37962962962962965 0.0248015873015873
1 0.6915784832451499 0.6568700396825397 0.38051146384479717 0.018601190476190476
1 0.6942239858906526 0.681671626984127 0.38492063492063494 0.019097222222222224
1 0.6922398589065256 0.7093253968253969 0.38095238095238093 0.017361111111111112
1 0.6889329805996472 0.7352430555555556 0.38492063492063494 0.021577380952380952
1 0.6931216931216931 0.7599206349206349 0.3835978835978836 0.019345238095238096
1 0.6882716049382716 0.8137400793650794 0.3765432098765432 0.015873015873015872
1 0.6878306878306878 0.8380456349206349 0.3853615520282187 0.018849206349206348
2 0.3558201058201058 0.36408730158730157 0.06966490299823633 0.016865079365079364
2 0.7694003527336861 0.3687996031746032 0.06966490299823633 0.016865079365079364
2 0.34656084656084657 0.4975198412698413 0.06966490299823633 0.016865079365079364
2 0.34700176366843033 0.6639384920634921 0.06966490299823633 0.016865079365079364
1 0.2804232804232804 0.7152777777777778 0.22310405643738976 0.12202380952380952
1 0.2857142857142857 0.5486111111111112 0.22310405643738976 0.12202380952380952
1 0.28880070546737213 0.4046378968253968 0.2275132275132275 0.09995039682539683
1 0.6942239858906526 0.46044146825396826 0.38315696649029984 0.2021329365079365
