2 0.3838183421516755 0.22433035714285715 0.051587301587301584 0.012152777777777778
0 0.30864197530864196 0.24913194444444445 0.21604938271604937 0.014632936507936508
0 0.6003086419753086 0.24975198412698413 0.14594356261022928 0.015873015873015872
0 0.30864197530864196 0.27393353174603174 0.23897707231040563 0.014632936507936508
0 0.6003086419753086 0.2751736111111111 0.14594356261022928 0.01711309523809524
0 0.6152998236331569 0.29997519841269843 0.1715167548500882 0.01711309523809524
2 0.8688271604938271 0.29799107142857145 0.05864197530864197 0.01314484126984127
0 0.30864197530864196 0.3005952380952381 0.2204585537918871 0.015873015873015872
0 0.6267636684303352 0.32415674603174605 0.2006172839506173 0.018353174603174604
2 0.8699294532627866 0.3226686507936508 0.06084656084656084 0.013392857142857142
0 0.30753968253968256 0.3246527777777778 0.1300705467372134 0.014384920634920634
0 0.5970017636684304 0.3499503968253968 0.13932980599647266 0.015873015873015872
2 0.8699294532627866 0.34871031746031744 0.06084656084656084 0.013392857142857142
0 0.6047178130511464 0.37487599206349204 0.14329805996472664 0.018105158730158732
2 0.3891093474426808 0.3793402777777778 0.050705467372134036 0.014136904761904762
2 0.8677248677248677 0.37797619047619047 0.06084656084656084 0.011904761904761904
2 0.7535273368606702 0.4009176587301587 0.05291005291005291 0.01314484126984127
2 0.22244268077601412 0.40513392857142855 0.05246913580246913 0.015128968253968254
0 0.71494708994709 0.42745535714285715 0.18121693121693122 0.014632936507936508
0 0.30864197530864196 0.43080357142857145 0.08112874779541446 0.013392857142857142
0 0.71494708994709 0.4522569444444444 0.16710758377425045 0.014632936507936508
0 0.30864197530864196 0.45535714285714285 0.2019400352733686 0.015873015873015872
0 0.7136243386243386 0.47767857142857145 0.22971781305114639 0.015873015873015872
0 0.30864197530864196 0.47953869047619047 0.10934744268077601 0.014632936507936508
0 0.7147266313932981 0.5029761904761905 0.21340388007054673 0.017361111111111112
0 0.30864197530864196 0.5049603174603174 0.16049382716049382 0.015873015873015872
0 0.71494708994709 0.5285218253968254 0.1900352733686067 0.015873015873015872
0 0.3062169312169312 0.5310019841269841 0.21119929453262787 0.015873015873015872
0 0.7158289241622575 0.5529513888888888 0.2535273368606702 0.019097222222222224
0 0.30753968253968256 0.5549355158730159 0.12654320987654322 0.016121031746031748
0 0.71494708994709 0.5778769841269841 0.17768959435626103 0.018849206349206348
0 0.3073192239858907 0.5812251984126984 0.10229276895943562 0.014632936507936508
0 0.7160493827160493 0.6045386904761905 0.24779541446208111 0.01711309523809524
2 0.3423721340388007 0.6455853174603174 0.050705467372134036 0.013392857142857142
2 0.7599206349206349 0.6566220238095238 0.05423280423280423 0.012152777777777778
0 0.30511463844797176 0.6722470238095238 0.21781305114638447 0.014632936507936508
0 0.7242063492063492 0.6830357142857143 0.17239858906525574 0.01984126984126984
0 0.30401234567901236 0.6976686507936508 0.14153439153439154 0.015873015873015872
0 0.7253086419753086 0.7106894841269841 0.19400352733686066 0.021577380952380952
2 0.3595679012345679 0.7630208333333334 0.05335097001763668 0.012648809523809524
0 0.30158730158730157 0.7900545634920635 0.18430335097001763 0.019593253968253968
0 0.6615961199294532 0.7945188492063492 0.26499118165784835 0.021081349206349208
2 0.8838183421516755 0.7947668650793651 0.05599647266313933 0.014632936507936508
0 0.30180776014109345 0.8151041666666666 0.12389770723104056 0.015625
0 0.6604938271604939 0.8214285714285714 0.2619047619047619 0.018353174603174604
2 0.8758818342151675 0.8208085317460317 0.06305114638447971 0.014632936507936508
0 0.30158730158730157 0.8410218253968254 0.18342151675485008 0.015873015873015872
2 0.8692680776014109 0.24739583333333334 0.039241622574955906 0.013640873015873016
2 0.8708112874779541 0.27331349206349204 0.06261022927689594 0.013392857142857142
0 0.30930335097001765 0.40637400793650796 0.08597883597883597 0.016121031746031748
1 0.7074514991181657 0.2482638888888889 0.36904761904761907 0.017857142857142856
1 0.7151675485008818 0.2741815476190476 0.37566137566137564 0.018601190476190476
1 0.7140652557319224 0.29985119047619047 0.3655202821869489 0.016865079365079364
1 0.7138447971781305 0.32242063492063494 0.36948853615520283 0.020337301587301588
1 0.7145061728395061 0.3490823412698413 0.3716931216931217 0.018105158730158732
1 0.7180335097001763 0.3759920634920635 0.3716931216931217 0.01984126984126984
1 0.7217813051146384 0.7950148809523809 0.3818342151675485 0.022569444444444444
1 0.7191358024691358 0.8199404761904762 0.3800705467372134 0.02132936507936508
1 0.31062610229276894 0.275421626984127 0.2447089947089947 0.11780753968253968
1 0.7153880070546738 0.5022321428571429 0.2535273368606702 0.22023809523809523
1 0.2724867724867725 0.40662202380952384 0.16490299823633156 0.015625
1 0.3002645502645503 0.47879464285714285 0.22663139329805995 0.21750992063492064
1 0.302689594356261 0.6713789682539683 0.2173721340388007 0.07093253968253968
1 0.30158730158730157 0.8010912698412699 0.19047619047619047 0.09424603174603174
1 0.722663139329806 0.6843998015873016 0.2001763668430335 0.07514880952380952
