0 0.7334932279909706 0.28459585272958104 0.10919864559819413 0.039356749894202285
2 0.9267776523702032 0.28565382987727467 0.042042889390519186 0.029623360135421075
0 0.7659424379232506 0.3197206940330089 0.1724040632054176 0.03597122302158273
2 0.9267776523702032 0.3199322894625476 0.042042889390519186 0.0279305966991113
0 0.4204288939051919 0.3459585272958104 0.1252821670428894 0.02581464240372408
2 0.6299379232505643 0.34807448159119764 0.03132054176072235 0.02581464240372408
0 0.7432279909706546 0.3520947947524333 0.1281038374717833 0.03046974185357596
2 0.9267776523702032 0.35188319932289464 0.03132054176072235 0.02581464240372408
0 0.4281884875846501 0.3783326280152349 0.14080135440180586 0.0279305966991113
2 0.6293735891647856 0.3783326280152349 0.030191873589164784 0.02369868810833686
0 0.7356094808126411 0.3870080406263225 0.11117381489841986 0.027507405840033854
2 0.9274830699774267 0.3853152771900127 0.0327313769751693 0.02581464240372408
0 0.41464446952595935 0.4092255607278883 0.11484198645598194 0.03131612357173085
2 0.6299379232505643 0.41070672873465935 0.03132054176072235 0.02581464240372408
0 0.725028216704289 0.4206517139229793 0.0922686230248307 0.03131612357173085
2 0.9267776523702032 0.42044011849344054 0.042042889390519186 0.02581464240372408
0 0.42169864559819414 0.4663563267033432 0.12612866817155757 0.03216250528988574
2 0.6293735891647856 0.4701650444350402 0.030191873589164784 0.02369868810833686
0 0.05248306997742664 0.48772746508675413 0.06941309255079006 0.024121878967414304
2 0.2979683972911964 0.488573846804909 0.03160270880361174 0.02581464240372408
0 0.41055304740406323 0.49767245027507406 0.10553047404063205 0.0279305966991113
0 0.06461625282167043 0.519043588658485 0.09424379232505643 0.027507405840033854
2 0.29655756207674944 0.519043588658485 0.03160270880361174 0.024121878967414304
0 0.45753386004514673 0.5277190012695726 0.1994920993227991 0.029623360135421075
2 0.6299379232505643 0.5327972915785019 0.029063205417607225 0.02369868810833686
2 0.2979683972911964 0.5512060939483707 0.03160270880361174 0.02581464240372408
0 0.0687076749435666 0.5514176893779095 0.09904063205417607 0.022005924672027083
0 0.4222629796839729 0.5611510791366906 0.13007900677200904 0.03808717731696995
2 0.6293735891647856 0.5628438425730005 0.030191873589164784 0.022005924672027083
0 0.060948081264108354 0.581464240372408 0.0863431151241535 0.02369868810833686
2 0.2979683972911964 0.5825222175201016 0.03160270880361174 0.02581464240372408
0 0.37993792325056436 0.5922556072788828 0.042042889390519186 0.02920016927634363
2 0.6299379232505643 0.59437156157427 0.06010158013544018 0.02581464240372408
0 0.07519751693002258 0.6153195090986034 0.1131489841986456 0.03554803216250529
2 0.2972629796839729 0.6127803639441388 0.030191873589164784 0.02369868810833686
0 0.47982505643340856 0.6242065171392298 0.14531602708803612 0.03046974185357596
2 0.6299379232505643 0.6252644942869234 0.06010158013544018 0.02581464240372408
0 0.10073363431151242 0.6489631823952603 0.1630925507900677 0.03343207786711807
2 0.2972629796839729 0.6440964875158697 0.06405191873589165 0.02369868810833686
0 0.4170428893905192 0.6538298772746509 0.1162528216704289 0.02369868810833686
2 0.6293735891647856 0.6557342361404994 0.030191873589164784 0.024121878967414304
0 0.10919864559819413 0.681125687685146 0.18058690744920994 0.03681760473973762
2 0.2972629796839729 0.6752010156580618 0.06405191873589165 0.024121878967414304
0 0.4099887133182844 0.6862039779940753 0.1044018058690745 0.02581464240372408
2 0.2972629796839729 0.7065171392297926 0.07985327313769752 0.024121878967414304
0 0.11159706546275396 0.713076597545493 0.18538374717832956 0.033855268726195514
0 0.3955981941309255 0.7162505289885739 0.07562076749435666 0.024121878967414304
2 0.6293735891647856 0.7173085061362675 0.030191873589164784 0.022005924672027083
0 0.7724322799097065 0.7378332628015235 0.1577313769751693 0.027507405840033854
2 0.9516083521444695 0.735928903935675 0.029063205417607225 0.02369868810833686
0 0.06616817155756208 0.7416419805332205 0.09396162528216705 0.027507405840033854
2 0.2978273137697517 0.7426999576809141 0.042042889390519186 0.029623360135421075
0 0.4406038374717833 0.7475666525603047 0.16563205417607224 0.027507405840033854
2 0.6293735891647856 0.7482014388489209 0.030191873589164784 0.022005924672027083
2 0.952313769751693 0.767879813796022 0.027652370203160272 0.02581464240372408
0 0.7308126410835214 0.7680914092255607 0.0744920993227991 0.022005924672027083
0 0.04359480812641083 0.7710537452391029 0.0505079006772009 0.022852306390181973
0 0.4384875846501129 0.7801523487092679 0.16252821670428894 0.03766398645789251
2 0.6293735891647856 0.7786711807024969 0.030191873589164784 0.02369868810833686
0 0.13642776523702033 0.798349555649598 0.23448081264108353 0.031739314430808296
0 0.760158013544018 0.8032162505289886 0.13318284424379231 0.029623360135421075
2 0.952313769751693 0.8013118916631401 0.027652370203160272 0.02581464240372408
2 0.2971218961625282 0.8040626322471435 0.040632054176072234 0.0279305966991113
0 0.10073363431151242 0.8353787558188743 0.1630925507900677 0.03131612357173085
2 0.2978273137697517 0.8362251375370292 0.042042889390519186 0.029623360135421075
0 0.7497178329571106 0.8353787558188743 0.11230248306997742 0.0279305966991113
2 0.952313769751693 0.8334743969530258 0.027652370203160272 0.024121878967414304
2 0.9489277652370203 0.8666948793906052 0.023702031602708805 0.02369868810833686
0 0.09283295711060949 0.8654253068133728 0.14785553047404063 0.033855268726195514
2 0.2978273137697517 0.8675412611087601 0.042042889390519186 0.029623360135421075
0 0.7470372460496614 0.8685992382564537 0.10694130925507901 0.027507405840033854
2 0.9482223476297968 0.8958950486669488 0.025112866817155757 0.0279305966991113
0 0.10524830699774267 0.8965298349555649 0.172686230248307 0.03343207786711807
2 0.2978273137697517 0.8988573846804909 0.042042889390519186 0.029623360135421075
0 0.7705981941309256 0.899492170969107 0.154627539503386 0.03597122302158273
0 0.1130079006772009 0.926153195090986 0.1904627539503386 0.02581464240372408
2 0.2978273137697517 0.9301735082522218 0.042042889390519186 0.029623360135421075
0 0.7367381489841986 0.9339822259839188 0.08690744920993228 0.03216250528988574
2 0.952313769751693 0.9320778671180703 0.027652370203160272 0.02581464240372408
0 0.09607787810383747 0.9585272958104105 0.15660270880361174 0.0279305966991113
2 0.2978273137697517 0.9614896318239526 0.042042889390519186 0.029623360135421075
0 0.7217832957110609 0.964240372407956 0.056433408577878104 0.024121878967414304
2 0.952313769751693 0.964240372407956 0.027652370203160272 0.024121878967414304
2 0.628244920993228 0.5021159542953872 0.03132054176072235 0.02581464240372408
2 0.6296557562076749 0.684934405416843 0.03132054176072235 0.02581464240372408
1 0.16577313769751692 0.4873042742276767 0.297686230248307 0.031739314430808296
1 0.16478555304740405 0.5188319932289462 0.3013544018058691 0.0279305966991113
1 0.16591422121896163 0.5524756665256031 0.29627539503386 0.02581464240372408
1 0.16506772009029344 0.582945408379179 0.29627539503386 0.026661024121878967
1 0.16760722347629797 0.6178586542530682 0.291196388261851 0.033008887008040624
1 0.17325056433408578 0.6464240372407956 0.30812641083521447 0.030892932712653406
1 0.17621331828442438 0.67879813796022 0.31123024830699775 0.029623360135421075
1 0.1788939051918736 0.7111722386796445 0.32223476297968395 0.03343207786711807
1 0.49774266365688485 0.3427845958527296 0.29401805869074493 0.034701650444350404
1 0.5019751693002258 0.3766398645789251 0.28724604966139955 0.033008887008040624
1 0.5023984198645598 0.4187473550571308 0.2920428893905192 0.05289885738468049
1 0.5055022573363431 0.46656792213288195 0.28978555304740405 0.03258569614896318
1 0.5022573363431151 0.4682606855691917 0.2878103837471783 0.040203131612357175
1 0.5004232505643341 0.49978840457046125 0.28809255079006774 0.027084214980956412
1 0.5005643340857788 0.5289885738468049 0.2883747178329571 0.027084214980956412
1 0.5031038374717833 0.5603046974185357 0.29063205417607224 0.029623360135421075
1 0.5088882618510158 0.6233601354210749 0.30502257336343114 0.03131612357173085
1 0.5091704288939052 0.5918324164198053 0.3022009029345372 0.03597122302158273
1 0.5016930022573364 0.6828184511214558 0.28893905191873587 0.031739314430808296
1 0.5008465011286681 0.7166737198476513 0.2878103837471783 0.026661024121878967
1 0.501410835214447 0.6536182818451122 0.28893905191873587 0.027507405840033854
1 0.5012697516930023 0.7467202708421498 0.2852708803611738 0.027507405840033854
1 0.5012697516930023 0.7805755395683454 0.28696388261851014 0.03427845958527296
1 0.8120767494356659 0.35294117647058826 0.26580135440180586 0.03046974185357596
1 0.8116534988713319 0.385103681760474 0.2672121896162528 0.02877697841726619
1 0.8147573363431151 0.4193821413457469 0.2638261851015801 0.029623360135421075
1 0.8274548532731377 0.7325433770630554 0.27793453724604966 0.029623360135421075
1 0.8316873589164786 0.7674566229369446 0.27511286681715574 0.031739314430808296
1 0.8318284424379232 0.8008887008040626 0.2708803611738149 0.03258569614896318
1 0.8306997742663657 0.8347439695302582 0.2742663656884876 0.026661024121878967
1 0.8278781038374717 0.8626745662293694 0.2646726862302483 0.031739314430808296
1 0.8271726862302483 0.9009733389758782 0.2672121896162528 0.033855268726195514
1 0.8283013544018059 0.9295387219636055 0.26946952595936796 0.031739314430808296
1 0.8349322799097065 0.9621244181125688 0.27595936794582393 0.031739314430808296
0 0.38134875846501126 0.4365213711383834 0.04373589164785553 0.02158273381294964
0 0.473617381489842 0.43821413457469316 0.04373589164785553 0.02158273381294964
0 0.5308972911963883 0.43757934828607703 0.05615124153498871 0.021159542953872196
0 0.4264954853273138 0.4373677528565383 0.03922121896162528 0.022429115531104528
0 0.37909142212189617 0.6235717308506137 0.042042889390519186 0.02920016927634363
0 0.4792607223476298 0.592890393567499 0.14531602708803612 0.03046974185357596
0 0.0980530474040632 0.7710537452391029 0.0505079006772009 0.022852306390181973
1 0.16817155756207675 0.7547608971646212 0.3002257336343115 0.05459162082099027
1 0.16788939051918736 0.8000423190859077 0.2996613995485327 0.03427845958527296
1 0.16845372460496613 0.8334743969530258 0.2996613995485327 0.03427845958527296
1 0.16873589164785552 0.8656369022429116 0.2996613995485327 0.03343207786711807
1 0.16887697516930023 0.8969530258146424 0.29937923250564336 0.02920016927634363
1 0.16845372460496613 0.9278459585272958 0.2996613995485327 0.03427845958527296
1 0.16817155756207675 0.9597968683876428 0.3002257336343115 0.03131612357173085
1 0.8130643340857788 0.28332628015234873 0.2689051918735892 0.03512484130342785
1 0.8130643340857788 0.318874312314854 0.2689051918735892 0.038510368176047395
