0 0.18783068783068782 0.24785752544188538 0.05366591080876795 0.02062131762185324
2 0.31746031746031744 0.2493304767005892 0.02343159486016629 0.017675415104445636
0 0.20861678004535147 0.27249598286020354 0.0982615268329554 0.017943224424209963
2 0.3440098261526833 0.2722281735404392 0.025510204081632654 0.017407605784681306
0 0.2146636432350718 0.2941885377611141 0.10695389266817838 0.016871987145152652
2 0.3305933484504913 0.2949919657204071 0.020975056689342405 0.015265131226566685
0 0.21579743008314436 0.3174879485806106 0.10997732426303855 0.019550080342795928
2 0.3176492819349962 0.31802356722013925 0.02456538170823885 0.016871987145152652
0 0.20965608465608465 0.3386448848419925 0.09882842025699169 0.021156936261381896
2 0.3168934240362812 0.3407873594001071 0.024943310657596373 0.017943224424209963
0 0.43253968253968256 0.3602035350830209 0.09561602418745276 0.01981788966256026
2 0.5461073318216175 0.3608730583824317 0.024943310657596373 0.017407605784681306
0 0.2180650037792895 0.363551151580075 0.11564625850340136 0.019550080342795928
2 0.3440098261526833 0.3642206748794858 0.025510204081632654 0.01713979646491698
0 0.22326152683295541 0.3860471344402785 0.12603930461073318 0.020085698982324585
0 0.6325585789871504 0.3839046598821639 0.05234315948601663 0.01580074986609534
0 0.7680461073318217 0.38444027852169255 0.020975056689342405 0.016871987145152652
2 0.33125472411186696 0.38631494376004283 0.022297808012093728 0.016871987145152652
0 0.438869992441421 0.39140332083556506 0.1063869992441421 0.017943224424209963
2 0.5590513983371126 0.39193893947509373 0.022486772486772486 0.016871987145152652
0 0.19586167800453513 0.40747188002142476 0.07161753590325019 0.018478843063738617
0 0.631708238851096 0.4076057846813069 0.04837490551776266 0.018746652383502947
2 0.31623204837490554 0.4090787359400107 0.020975056689342405 0.01580074986609534
2 0.7680461073318217 0.40854311730048204 0.020975056689342405 0.016871987145152652
0 0.4587112622826909 0.42420996250669524 0.14493575207860923 0.018746652383502947
2 0.5590513983371126 0.42327262988752007 0.022486772486772486 0.016871987145152652
0 0.6535336356764928 0.43117300482056775 0.08900226757369614 0.022495982860203535
0 0.21541950113378686 0.4310391001606856 0.11337868480725624 0.017943224424209963
2 0.31660997732426305 0.43157471880021425 0.021730914588057443 0.01472951258703803
2 0.7680461073318217 0.4305034815211569 0.020975056689342405 0.016871987145152652
0 0.6329365079365079 0.45299946438136046 0.04894179894179894 0.020085698982324585
0 0.2218442932728647 0.4536689876807713 0.12131519274376418 0.018746652383502947
0 0.436885865457294 0.45527584359935724 0.10015117157974301 0.020353508302088912
2 0.7687074829931972 0.4527316550615961 0.022297808012093728 0.016871987145152652
2 0.31557067271352984 0.45487412961971074 0.022297808012093728 0.016336368505623994
2 0.5590513983371126 0.45460632029994646 0.022486772486772486 0.016871987145152652
0 0.20427059712773998 0.4758971612212105 0.08616780045351474 0.018746652383502947
0 0.6575963718820862 0.47576325656132834 0.10128495842781557 0.018478843063738617
2 0.31613756613756616 0.47750401713979646 0.02343159486016629 0.015532940546331012
2 0.7680461073318217 0.4758971612212105 0.020975056689342405 0.014997321906802356
0 0.41052532123960694 0.48620782003213714 0.04856386999244142 0.016336368505623994
2 0.5453514739229025 0.48620782003213714 0.02343159486016629 0.017407605784681306
0 0.21872637944066514 0.5004017139796465 0.11961451247165533 0.020085698982324585
2 0.3153817082388511 0.49906266738082483 0.021919879062736205 0.017407605784681306
0 0.6564625850340136 0.49973219068023567 0.09523809523809523 0.018746652383502947
2 0.7687074829931972 0.4987948580610605 0.022297808012093728 0.016871987145152652
0 0.42025699168556313 0.5164702731655062 0.07067271352985639 0.017943224424209963
2 0.5452569916855631 0.517139796464917 0.023242630385487528 0.01713979646491698
0 0.18301209372637944 0.5211569362613819 0.04365079365079365 0.016604177825388325
0 0.6591080876795162 0.522094268880557 0.10619803476946334 0.019550080342795928
2 0.7680461073318217 0.5210230316014998 0.020975056689342405 0.016871987145152652
2 0.3311602418745276 0.5226298875200857 0.01984126984126984 0.013122656668452063
0 0.21919879062736206 0.5441885377611141 0.11602418745275889 0.018746652383502947
0 0.6631708238851096 0.5432512051419389 0.1082766439909297 0.016871987145152652
2 0.3305933484504913 0.5451258703802893 0.020975056689342405 0.016871987145152652
2 0.7680461073318217 0.5441885377611141 0.020975056689342405 0.014997321906802356
0 0.4268707482993197 0.5486073915372255 0.08087679516250945 0.016871987145152652
2 0.5450680272108843 0.5483395822174612 0.02286470143613001 0.016336368505623994
0 0.6638321995464853 0.566148901981789 0.10959939531368103 0.018746652383502947
2 0.7687074829931972 0.5670862346009641 0.022297808012093728 0.016871987145152652
0 0.42054043839758126 0.5815479378682378 0.07275132275132275 0.019550080342795928
2 0.5590513983371126 0.5802088912694162 0.022486772486772486 0.016871987145152652
0 0.6559901738473167 0.5889126941617568 0.09656084656084656 0.01981788966256026
2 0.7680461073318217 0.5893144081414033 0.020975056689342405 0.016871987145152652
0 0.4425547996976568 0.6124799143010177 0.11224489795918367 0.018746652383502947
0 0.1931216931216931 0.6124799143010177 0.07445200302343159 0.018746652383502947
2 0.5459183673469388 0.6114086770219603 0.02456538170823885 0.016604177825388325
0 0.653817082388511 0.6116764863417247 0.09070294784580499 0.01713979646491698
2 0.7680461073318217 0.6115425816818425 0.04176114890400605 0.016871987145152652
2 0.3344671201814059 0.6134172469201928 0.021164021164021163 0.016871987145152652
0 0.625 0.6343063738618104 0.036092214663643235 0.018478843063738617
2 0.7680461073318217 0.6335029459025174 0.04705215419501134 0.016871987145152652
0 0.2113567649281935 0.6419389394750937 0.11092214663643235 0.018746652383502947
2 0.33380574452003026 0.6428762720942689 0.022486772486772486 0.016871987145152652
0 0.6331254724111867 0.6582753079807178 0.053854875283446714 0.01821103374397429
2 0.7680461073318217 0.6585431173004821 0.044406651549508694 0.018746652383502947
0 0.2165532879818594 0.6713979646491698 0.12131519274376418 0.018746652383502947
2 0.33380574452003026 0.6704606320299946 0.022486772486772486 0.016871987145152652
0 0.6397392290249433 0.6798339582217461 0.06141345427059713 0.016871987145152652
2 0.7680461073318217 0.6798339582217461 0.04176114890400605 0.016871987145152652
0 0.430177626606198 0.6929566148901982 0.08522297808012094 0.02169255490091055
2 0.548469387755102 0.6929566148901982 0.022108843537414966 0.017407605784681306
0 0.643896447467876 0.7023299410819497 0.07388510959939532 0.017943224424209963
2 0.7680461073318217 0.7036689876807712 0.044406651549508694 0.02062131762185324
0 0.6455971277399849 0.7249598286020353 0.07577475434618292 0.018746652383502947
2 0.767384731670446 0.7258971612212105 0.04837490551776266 0.016871987145152652
0 0.4347127739984883 0.7339314408141403 0.09693877551020408 0.023835029459025173
2 0.5476190476190477 0.733663631494376 0.02305366591080877 0.016336368505623994
0 0.6358654572940288 0.7469201928227103 0.0563114134542706 0.01821103374397429
2 0.7680461073318217 0.7481253347616497 0.04705215419501134 0.016871987145152652
2 0.767384731670446 0.7691483663631494 0.04837490551776266 0.018746652383502947
2 0.546957671957672 0.7750401713979647 0.025510204081632654 0.016604177825388325
0 0.42148526077097503 0.7743706480985538 0.07350718065003779 0.017943224424209963
0 0.6352040816326531 0.7932512051419389 0.05234315948601663 0.018746652383502947
2 0.7680461073318217 0.7932512051419389 0.04705215419501134 0.018746652383502947
0 0.4144935752078609 0.8136047134440278 0.05347694633408919 0.018746652383502947
0 0.6641156462585034 0.8154793786823782 0.11696900982615269 0.018746652383502947
2 0.767384731670446 0.8164167113015532 0.04837490551776266 0.016871987145152652
2 0.7676681783824642 0.3839046598821639 0.020975056689342405 0.016871987145152652
1 0.25963718820861675 0.24785752544188538 0.1965230536659108 0.025977504017139795
1 0.25736961451247165 0.2711569362613819 0.1984126984126984 0.019550080342795928
1 0.2511337868480726 0.29619710765934654 0.18140589569160998 0.01821103374397429
1 0.2593537414965986 0.31802356722013925 0.19633408919123205 0.02062131762185324
1 0.25727513227513227 0.3394483128012855 0.19482237339380196 0.019550080342795928
1 0.2583144368858655 0.3640867702196036 0.1961451247165533 0.020085698982324585
1 0.25217309145880573 0.3859132297803964 0.18348450491307633 0.01821103374397429
1 0.25888133030990174 0.40747188002142476 0.19954648526077098 0.017407605784681306
1 0.2581254724111867 0.4305034815211569 0.20105820105820105 0.019014461703267274
1 0.25803099017384734 0.4521960364220675 0.19633408919123205 0.02169255490091055
1 0.25840891912320485 0.4769683985002678 0.1993575207860922 0.018746652383502947
1 0.25774754346182915 0.5013390465988217 0.1984126984126984 0.02088912694161757
1 0.25132275132275134 0.5235672201392608 0.18405139833711262 0.018746652383502947
1 0.25 0.5439207284413498 0.1836734693877551 0.02196036422067488
1 0.25028344671201813 0.610337439742903 0.19066515495086925 0.023031601499732192
1 0.25160619803476947 0.6418050348152116 0.1921768707482993 0.027584359935725764
1 0.2481103552532124 0.6704606320299946 0.19501133786848074 0.02062131762185324
1 0.4860166288737717 0.35993572576325655 0.20219198790627363 0.020353508302088912
1 0.47883597883597884 0.3903320835565078 0.18594104308390022 0.017407605784681306
1 0.4780801209372638 0.4226031065881093 0.18329554043839758 0.023567220139260846
1 0.47911942554799697 0.4562131762185324 0.18424036281179137 0.02062131762185324
1 0.4852607709750567 0.48567220139260847 0.1980347694633409 0.020085698982324585
1 0.48554421768707484 0.5153990358864489 0.20200302343159485 0.020085698982324585
1 0.48677248677248675 0.5486073915372255 0.20219198790627363 0.016336368505623994
1 0.47779667422524563 0.580878414568827 0.1865079365079365 0.021424745581146223
1 0.4849773242630385 0.6104713444027852 0.1993575207860922 0.02062131762185324
1 0.4880007558578987 0.6925549009105517 0.20162509448223734 0.024638457418318157
1 0.48705593348450493 0.7340653454740225 0.2027588813303099 0.023031601499732192
1 0.4875283446712018 0.7754418853776112 0.2037037037037037 0.016336368505623994
1 0.4898904006046863 0.8144081414033209 0.20653817082388512 0.02088912694161757
2 0.5454459561602418 0.8165506159614354 0.027399848828420257 0.017675415104445636
1 0.6971844293272865 0.38149437600428493 0.17894935752078608 0.02437064809855383
1 0.6948223733938019 0.4068023567220139 0.17724867724867724 0.021424745581146223
1 0.6934996220710506 0.4318425281199786 0.1712018140589569 0.021156936261381896
1 0.6974678760393046 0.4540707016604178 0.17687074829931973 0.023835029459025173
1 0.6953892668178382 0.4750937332619175 0.17384731670445955 0.020353508302088912
1 0.6934996220710506 0.4995982860203535 0.1712018140589569 0.017407605784681306
1 0.6932161753590325 0.5211569362613819 0.17592592592592593 0.020353508302088912
1 0.6936885865457294 0.5444563470808784 0.1708238851095994 0.01821103374397429
1 0.6955782312925171 0.5672201392608462 0.1712018140589569 0.023567220139260846
1 0.6929327286470144 0.5901178361006963 0.16780045351473924 0.02169255490091055
1 0.6992630385487528 0.6114086770219603 0.18121693121693122 0.017675415104445636
1 0.7003968253968254 0.6341724692019283 0.18537414965986396 0.01713979646491698
1 0.6978458049886621 0.6581414033208356 0.18291761148904007 0.02062131762185324
1 0.6972789115646258 0.6795661489019817 0.1817838246409675 0.020085698982324585
1 0.6976568405139834 0.7038028923406534 0.18027210884353742 0.01713979646491698
1 0.6986961451247166 0.7244242099625067 0.18235071806500378 0.01981788966256026
1 0.6997354497354498 0.7454472415640064 0.1836734693877551 0.02062131762185324
1 0.7004913076341648 0.7919121585431173 0.18858654572940287 0.02196036422067488
0 0.6349206349206349 0.7668719871451527 0.0582010582010582 0.023835029459025173
1 0.6980347694633409 0.7678093197643278 0.18480725623582767 0.021424745581146223
1 0.6987906273620559 0.8149437600428495 0.18631897203325776 0.02196036422067488
2 0.34429327286470146 0.25013390465988217 0.02343159486016629 0.017675415104445636
2 0.3183106575963719 0.2722281735404392 0.025510204081632654 0.017407605784681306
2 0.3449546485260771 0.4080074986609534 0.020975056689342405 0.01580074986609534
2 0.3444822373393802 0.3172201392608463 0.02456538170823885 0.016871987145152652
2 0.3441987906273621 0.3401178361006963 0.021730914588057443 0.01713979646491698
2 0.315854119425548 0.3639528655597215 0.025510204081632654 0.01713979646491698
2 0.3445767195767196 0.43237814675950725 0.021730914588057443 0.01472951258703803
2 0.34429327286470146 0.45460632029994646 0.022297808012093728 0.016336368505623994
2 0.34467120181405897 0.5001339046598822 0.021919879062736205 0.017407605784681306
2 0.3459939531368103 0.4769683985002678 0.02343159486016629 0.015532940546331012
2 0.573318216175359 0.3606052490626674 0.024943310657596373 0.017407605784681306
2 0.5721844293272865 0.4878146759507231 0.02343159486016629 0.017407605784681306
2 0.5741685563114135 0.5166041778253884 0.023242630385487528 0.01713979646491698
2 0.5739795918367347 0.5502142474558115 0.02286470143613001 0.016336368505623994
2 0.5729402872260015 0.6108730583824317 0.02456538170823885 0.016604177825388325
2 0.5781368102796675 0.8154793786823782 0.027399848828420257 0.017675415104445636
2 0.5775699168556312 0.775307980717729 0.025510204081632654 0.01821103374397429
2 0.5753968253968254 0.7331280128548473 0.02305366591080877 0.016336368505623994
2 0.5762471655328798 0.6948312801285484 0.022108843537414966 0.017407605784681306
