0 0.6285218899003034 0.268191896795001 0.12194769541973703 0.015521064301552107
0 0.758344169917642 0.26728482160854666 0.06285218899003034 0.013706913928643418
0 0.6229591099552088 0.28673654505140095 0.10822135529547754 0.014714775246926022
0 0.7727929489958099 0.29127192098367266 0.09348360063574628 0.01894779278371296
0 0.6171073544285508 0.3040717597258617 0.09911862447623176 0.016730497883491232
0 0.7531426094495015 0.31495666196331384 0.05100419014593267 0.013102197137673856
0 0.6236093050137264 0.32231404958677684 0.11212252564658286 0.01652892561983471
0 0.7685305591677504 0.33833904454747027 0.08409189423493715 0.020358798629308606
0 0.6079323797139142 0.34045555331586375 0.07816789481288831 0.012900624874017335
0 0.5910273081924577 0.35768998185849626 0.04435775176997544 0.014714775246926022
0 0.7604392428839764 0.36051199354968755 0.06964311515676926 0.016730497883491232
0 0.6001300390117035 0.3767385607740375 0.06256321340846699 0.012900624874017335
0 0.6124837451235371 0.39427534771215483 0.0878485767952608 0.017335214674460794
0 0.7647016327120358 0.4043539608949808 0.07903482155757839 0.02096351542027817
0 0.6274382314694408 0.4126184237048982 0.11746857390550498 0.01652892561983471
0 0.777199826614651 0.4289457770610764 0.10663198959687907 0.01612578109252167
0 0.6236093050137264 0.4302559967748438 0.10952174541251264 0.014714775246926022
0 0.6124837451235371 0.44658335013102196 0.0898714058662043 0.014714775246926022
0 0.6092327698309493 0.46573271517839143 0.08076867504695853 0.013102197137673856
0 0.625559890189279 0.48488208022576096 0.11342291576361797 0.014714775246926022
0 0.7615951452102298 0.49304575690385005 0.0679092616673891 0.01652892561983471
0 0.6319173529836729 0.5016125781092522 0.12816067042334922 0.019552509574682523
0 0.7751047536483168 0.5152187059060673 0.10041901459326687 0.01652892561983471
0 0.6027308192457738 0.5202580124974804 0.06776477387660743 0.012900624874017335
0 0.7653518277705534 0.5382987300947389 0.0768675046958532 0.014714775246926022
0 0.5910273081924577 0.5383995162265672 0.04435775176997544 0.012900624874017335
0 0.603958965467418 0.5563394476919976 0.07079901748302268 0.01652892561983471
0 0.7798006068487213 0.5610763958879258 0.10460916052593555 0.020358798629308606
0 0.7597890478254588 0.5853658536585366 0.06169628666377691 0.017335214674460794
0 0.6079323797139142 0.6071356581334408 0.08076867504695853 0.01652892561983471
0 0.7713480710879931 0.6074380165289256 0.08943794249385927 0.01632735335617819
0 0.7872417280739777 0.6292078210038299 0.1166016471608149 0.02156823221124773
0 0.6072821846553966 0.6301148961902843 0.08004623609305014 0.02176980447490425
0 0.5948562346481723 0.6533964926426123 0.055483311660164715 0.019955654101995565
0 0.7777777777777778 0.6523886313243298 0.09767374656841497 0.015521064301552107
2 0.7107354428550787 0.2673856077403749 0.022540095361941917 0.016730497883491232
2 0.7104464672735153 0.284821608546664 0.023984973269758705 0.012497480346704294
2 0.7100130039011704 0.30457569038500304 0.019939315127871695 0.010481757710139084
2 0.7095072966334345 0.3209030437411812 0.024996387805230457 0.012497480346704294
2 0.7067620286085826 0.3407579117113485 0.02037277850021673 0.01592420882886515
2 0.7062563213408467 0.3573876234630115 0.019361363964744978 0.013303769401330377
2 0.7084958820979628 0.3775448498286636 0.016905071521456438 0.014513202983269502
2 0.709724028319607 0.3925619834710744 0.022540095361941917 0.01390848619229994
2 0.7095072966334345 0.41050191493650473 0.020950729663343447 0.01390848619229994
2 0.7112411501228146 0.4283410602701068 0.024418436642103743 0.014513202983269502
2 0.7107354428550787 0.4467849223946785 0.02340702210663199 0.01390848619229994
2 0.7107354428550787 0.4634146341463415 0.021384193035688483 0.011288046764765169
2 0.707484467562491 0.4835718605119935 0.022973558734286952 0.012497480346704294
2 0.7077011992486635 0.5002015722636565 0.021384193035688483 0.011086474501108648
2 0.7067620286085826 0.5180407175972587 0.018349949429273225 0.017335214674460794
2 0.7105187111689062 0.5353759322717194 0.022973558734286952 0.013303769401330377
2 0.711963589076723 0.553416649868978 0.022973558734286952 0.013102197137673856
2 0.7062563213408467 0.6062285829469864 0.022540095361941917 0.01592420882886515
2 0.7079901748302269 0.6320298326950211 0.02600780234070221 0.011892763555734731
2 0.7072677358763184 0.6546059262245515 0.0164716081491114 0.01390848619229994
2 0.855512209218321 0.49123160653094133 0.0219621441988152 0.018141503729086877
2 0.854211819101286 0.5173352146744608 0.021384193035688483 0.01874622052005644
2 0.8574627943938737 0.5377947994355977 0.023840485478977026 0.018141503729086877
2 0.8539950874151134 0.5596653900423302 0.016905071521456438 0.01874622052005644
2 0.8607137696864615 0.5853658536585366 0.03438809420603959 0.020157226365652085
2 0.8583297211385638 0.6084458778472083 0.029331021528680827 0.014714775246926022
2 0.8552232336367577 0.6309211852449103 0.018494437220054904 0.01652892561983471
2 0.8584019650339546 0.6521870590606732 0.026874729085392284 0.02156823221124773
2 0.8569570871261378 0.268191896795001 0.026874729085392284 0.01390848619229994
2 0.8581852333477821 0.29107034872001614 0.027308192457737322 0.02096351542027817
2 0.8572460627077012 0.3122354364039508 0.027452680248519 0.017335214674460794
2 0.8550065019505851 0.33450917153799636 0.020950729663343447 0.011892763555734731
2 0.8552232336367577 0.359907276758718 0.022540095361941917 0.011086474501108648
2 0.8539950874151134 0.38318887321104617 0.018927900592399943 0.014513202983269502
2 0.8581852333477821 0.40566418060874826 0.02239560757116024 0.016730497883491232
2 0.8547175263690218 0.4279379157427938 0.01950585175552666 0.02096351542027817
1 0.6462216442710591 0.26637774642209233 0.15937003323219187 0.01874622052005644
1 0.6444155468862881 0.284821608546664 0.1551798872995232 0.01612578109252167
1 0.6440543274093339 0.30014110058455956 0.15070076578529115 0.01652892561983471
1 0.6452102297355874 0.3199959685547269 0.15156769252998123 0.017133642410804274
1 0.6418147666522179 0.33833904454747027 0.14564369310793238 0.01874622052005644
1 0.6420314983383905 0.35829469864946584 0.14809998555122092 0.01914936504736948
1 0.6398641814766652 0.3773432775650071 0.1400086692674469 0.010884902237452126
1 0.6438375957231613 0.3915541221527918 0.14968935124981939 0.013505341664986898
1 0.6426094495015171 0.40838540616811125 0.15070076578529115 0.018141503729086877
1 0.6442710590955064 0.42723241281999597 0.14968935124981939 0.01874622052005644
1 0.644487790781679 0.4460794194718807 0.153012570437798 0.018141503729086877
1 0.6452102297355874 0.4655311429147349 0.15532437509030486 0.017536786938117315
1 0.6431874006646439 0.48155613787542834 0.15185666811154458 0.01854464825639992
1 0.6435486201415981 0.5024188671638783 0.14737754659731253 0.017133642410804274
1 0.6420314983383905 0.5190485789155412 0.14752203438809422 0.020157226365652085
1 0.6436931079323797 0.5349727877444064 0.15229013148388962 0.018141503729086877
1 0.6444155468862881 0.5554323725055432 0.15229013148388962 0.019552509574682523
1 0.6455714492125415 0.5551300141100585 0.1537350093917064 0.018141503729086877
1 0.8001011414535472 0.26859504132231404 0.14925588787747435 0.02277766579318686
1 0.7991619708134663 0.29187663777464223 0.14593266868949573 0.02176980447490425
1 0.799306458604248 0.3130417254585769 0.1447767663632423 0.01854464825639992
1 0.7970668978471319 0.33682725257004636 0.13885276694119347 0.02176980447490425
1 0.7963444588932235 0.35748840959483974 0.13682993787024997 0.020761943156621648
1 0.7980060684872128 0.3835920177383592 0.1407311082213553 0.016932070147147753
1 0.7990897269180754 0.4027413827857287 0.1400086692674469 0.020157226365652085
1 0.7976448490102587 0.42874420479741987 0.14289842508308048 0.019754081838339044
1 0.7984395318595578 0.49425519048578914 0.1392862303135385 0.020157226365652085
1 0.7944661176130617 0.5138077000604717 0.1359630111255599 0.022172949002217297
1 0.7977893368010404 0.5357790767990325 0.14116457159370033 0.023785527111469463
1 0.7954052882531426 0.5598669623059866 0.13639647449790493 0.0231808103204999
1 0.7978615806964312 0.582039911308204 0.14044213263979194 0.02519653295706511
1 0.8002456292443288 0.6279983874218907 0.13856379135963012 0.02116508768393469
1 0.8001011414535472 0.6539004233017537 0.13740788903337667 0.020157226365652085
1 0.8002456292443288 0.6086474501108647 0.14376535182777056 0.024793388429752067
