0 0.588314934388669 0.2704323919020245 0.12059987502603624 0.023994001499625092
2 0.8129556342428661 0.2699325168707823 0.045823786711101856 0.0189952511872032
0 0.588314934388669 0.29592601849537614 0.12018329514684441 0.021494626343414147
2 0.8129556342428661 0.29667583104223944 0.045823786711101856 0.0189952511872032
0 0.5780045823786711 0.3224193951512122 0.09914601124765673 0.020494876280929768
2 0.8129556342428661 0.3216695826043489 0.045823786711101856 0.0189952511872032
0 0.5844615705061446 0.34691327168207947 0.1128931472609873 0.023994001499625092
2 0.8129556342428661 0.3466633341664584 0.045823786711101856 0.0189952511872032
0 0.590918558633618 0.3727818045488628 0.12539054363674235 0.02224443889027743
2 0.8129556342428661 0.3731567108222944 0.045823786711101856 0.0189952511872032
0 0.5806082066236201 0.3989002749312672 0.10435325973755467 0.020494876280929768
2 0.8097271401791294 0.3981504623844039 0.052280774838575295 0.0189952511872032
0 0.6235159341803791 0.42389402649337665 0.20599875026036243 0.021994501374656337
2 0.8097271401791294 0.42314421394651336 0.052280774838575295 0.0189952511872032
0 0.6267444282441158 0.4496375906023494 0.199541762132889 0.0189952511872032
2 0.8097271401791294 0.45051237190702326 0.05478025411372631 0.02074481379655086
0 0.6307019370964383 0.7035741064733817 0.204540720683191 0.020494876280929768
2 0.8109768798167049 0.7051987003249188 0.04436575713393043 0.017245688577855536
0 0.6241408039991668 0.7303174206448388 0.19183503436784002 0.020994751312171957
2 0.8109768798167049 0.7310672331917021 0.04436575713393043 0.0189952511872032
0 0.631326806915226 0.7568107973006748 0.20620704019995834 0.021994501374656337
2 0.8109768798167049 0.7568107973006748 0.04436575713393043 0.01749562609347663
0 0.6000833159758384 0.7819295176205948 0.1437200583211831 0.02124468882779305
2 0.8117058946052905 0.7833041739565109 0.045823786711101856 0.020494876280929768
0 0.6109143928348261 0.8071732066983254 0.16621537179754217 0.025743564108972758
1 0.8116017496354926 0.8075481129717571 0.04311601749635493 0.0189952511872032
0 0.5896688189960425 0.8317920519870032 0.1224744844823995 0.020494876280929768
1 0.8117058946052905 0.8344163959010248 0.04707352634867736 0.02424393901524619
1 0.6801707977504686 0.2699325168707823 0.30597792126640283 0.023494126468382906
1 0.6801707977504686 0.2934266433391652 0.30597792126640283 0.02649337665583604
1 0.6814205373880442 0.32179455136215945 0.3047281816288273 0.02274431392151962
1 0.6821495521766299 0.34416395901024743 0.3124349093938763 0.02499375156210947
1 0.6807956675692564 0.37303174206448386 0.30847740054155387 0.02024493876530867
1 0.6795459279316809 0.39990002499375155 0.30722766090397835 0.023994001499625092
1 0.6766298687773381 0.424893776555861 0.31680899812539054 0.023994001499625092
1 0.6837117267235993 0.4495126218445389 0.315559258487815 0.015746063484128967
1 0.6814205373880442 0.7029492626843289 0.30972714017912933 0.027243189202699324
1 0.679233493022287 0.729442639340165 0.3078525307227661 0.02274431392151962
1 0.681732972297438 0.7566858285428643 0.30660279108519056 0.025743564108972758
1 0.6807956675692564 0.7798050487378155 0.30722766090397835 0.021994501374656337
1 0.6829827119350136 0.8040489877530618 0.3078525307227661 0.02499375156210947
1 0.6814205373880442 0.8301674581354661 0.30847740054155387 0.02274431392151962
