0 0.7004032258064516 0.14481185860889395 0.175 0.019954389965792473
2 0.9252016129032258 0.14552451539338654 0.046370967741935484 0.018529076396807297
0 0.16431451612903225 0.15136830102622578 0.20120967741935483 0.019954389965792473
2 0.3909274193548387 0.15664196123147092 0.046370967741935484 0.017388825541619156
0 0.6957661290322581 0.1741733181299886 0.16975806451612904 0.021094640820980615
2 0.9252016129032258 0.17217787913340935 0.046370967741935484 0.01710376282782212
0 0.13064516129032258 0.17944697833523376 0.1346774193548387 0.024230330672748004
2 0.3909274193548387 0.18400798175598632 0.046370967741935484 0.017388825541619156
0 0.7133064516129032 0.1999714937286203 0.20161290322580644 0.024230330672748004
2 0.9252016129032258 0.19826111744583808 0.046370967741935484 0.017388825541619156
0 0.16350806451612904 0.20581527936145952 0.19959677419354838 0.021094640820980615
2 0.3901209677419355 0.2105188141391106 0.06653225806451613 0.018529076396807297
0 0.7262096774193548 0.22548460661345496 0.2314516129032258 0.02565564424173318
2 0.9252016129032258 0.22562713797035347 0.046370967741935484 0.017388825541619156
0 0.13870967741935483 0.23246864310148233 0.15403225806451612 0.022519954389965794
2 0.3909274193548387 0.23731470923603193 0.046370967741935484 0.017388825541619156
0 0.7068548387096775 0.2517103762827822 0.1879032258064516 0.019954389965792473
2 0.926008064516129 0.2524230330672748 0.044758064516129036 0.018529076396807297
0 0.16733870967741934 0.26011972633979474 0.20887096774193548 0.02936145952109464
2 0.3909274193548387 0.26411060433295325 0.046370967741935484 0.018529076396807297
0 0.17641129032258066 0.2879133409350057 0.22620967741935483 0.02565564424173318
0 0.3909274193548387 0.29147662485746867 0.046370967741935484 0.018529076396807297
0 0.6959677419354838 0.32454389965792474 0.1588709677419355 0.022519954389965794
2 0.9298387096774193 0.3258266818700114 0.04838709677419355 0.01710376282782212
0 0.7012096774193548 0.3526225769669327 0.17338709677419356 0.021094640820980615
2 0.9298387096774193 0.3539053591790194 0.04838709677419355 0.018529076396807297
0 0.1346774193548387 0.3630273660205245 0.1435483870967742 0.024230330672748004
2 0.3945564516129032 0.3635974914481186 0.046370967741935484 0.017388825541619156
0 0.6645161290322581 0.38184150513112886 0.1 0.017388825541619156
2 0.9298387096774193 0.38184150513112886 0.04838709677419355 0.017388825541619156
0 0.13588709677419356 0.39124857468643104 0.14516129032258066 0.022519954389965794
2 0.3945564516129032 0.3903933865450399 0.046370967741935484 0.018529076396807297
0 0.6691532258064516 0.4097776510832383 0.10927419354838709 0.018529076396807297
2 0.9306451612903226 0.4092075256556442 0.0467741935483871 0.017388825541619156
2 0.3945564516129032 0.4177594070695553 0.046370967741935484 0.018529076396807297
0 0.13125 0.41961231470923605 0.1350806451612903 0.019954389965792473
2 0.3945564516129032 0.4451254275940707 0.046370967741935484 0.018529076396807297
0 0.13225806451612904 0.44626567844925885 0.1403225806451613 0.018529076396807297
2 0.3945564516129032 0.47249144811858607 0.046370967741935484 0.018529076396807297
0 0.1247983870967742 0.4736316989737742 0.12217741935483871 0.018529076396807297
0 0.6903225806451613 0.4787628278221209 0.15403225806451612 0.03164196123147092
0 0.16088709677419355 0.49957240592930446 0.19435483870967743 0.02194982896237172
2 0.3945564516129032 0.499714937286203 0.046370967741935484 0.018244013683010263
0 0.6723790322580645 0.504418472063854 0.1157258064516129 0.02194982896237172
0 0.6536290322580646 0.5297890535917902 0.0814516129032258 0.018529076396807297
0 0.6608870967741935 0.5562998859749145 0.09596774193548387 0.022519954389965794
0 0.17923387096774193 0.5738312428734321 0.2342741935483871 0.021094640820980615
2 0.38911290322580644 0.5751140250855188 0.0467741935483871 0.018529076396807297
0 0.16915322580645162 0.6037628278221209 0.21491935483870966 0.02451539338654504
2 0.38911290322580644 0.6039053591790193 0.0467741935483871 0.018529076396807297
0 0.6516129032258065 0.6183010262257697 0.0814516129032258 0.021094640820980615
0 0.1756048387096774 0.6318415051311288 0.22701612903225807 0.01966932725199544
2 0.4213709677419355 0.632411630558723 0.11129032258064517 0.018529076396807297
0 0.6737903225806452 0.6456670467502851 0.12741935483870967 0.02508551881413911
0 0.15987903225806452 0.6607753705815279 0.1963709677419355 0.022234891676168756
2 0.4213709677419355 0.6612029646522235 0.11129032258064517 0.018529076396807297
0 0.6304435483870968 0.6713226909920182 0.04314516129032258 0.019954389965792473
0 0.22056451612903225 0.7354618015963512 0.2806451612903226 0.021094640820980615
0 0.5723790322580645 0.7367445838084379 0.18830645161290321 0.026510832383124287
2 0.8568548387096774 0.7400228050171037 0.06854838709677419 0.019954389965792473
0 0.5891129032258065 0.7641106043329533 0.21774193548387097 0.023660205245153935
0 0.16068548387096773 0.7631128848346637 0.1625 0.026225769669327253
2 0.8495967741935484 0.7666761687571265 0.05403225806451613 0.018529076396807297
0 0.14133064516129032 0.8382269099201825 0.11088709677419355 0.018529076396807297
2 0.44536290322580646 0.8376567844925884 0.04798387096774193 0.017388825541619156
0 0.6098790322580645 0.8617445838084379 0.09798387096774193 0.021094640820980615
0 0.17076612903225807 0.8630273660205245 0.16975806451612904 0.018529076396807297
2 0.44536290322580646 0.8635974914481186 0.044758064516129036 0.017388825541619156
2 0.838508064516129 0.8641676168757126 0.06088709677419355 0.018529076396807297
0 0.2161290322580645 0.8916761687571265 0.26370967741935486 0.021094640820980615
2 0.44536290322580646 0.8903933865450399 0.04798387096774193 0.018529076396807297
0 0.6286290322580645 0.8916761687571265 0.1346774193548387 0.021094640820980615
2 0.838508064516129 0.8929589509692132 0.06088709677419355 0.018529076396807297
0 0.18004032258064517 0.9167616875712656 0.19314516129032258 0.023375142531356898
2 0.44455645161290325 0.9170467502850627 0.046370967741935484 0.01710376282782212
0 0.6487903225806452 0.9226054732041049 0.17258064516129032 0.023660205245153935
2 0.838508064516129 0.9214652223489168 0.06088709677419355 0.018529076396807297
0 0.13870967741935483 0.9424173318129989 0.10887096774193548 0.018244013683010263
2 0.44536290322580646 0.942987457240593 0.04798387096774193 0.01710376282782212
0 0.15987903225806452 0.9677879133409351 0.15120967741935484 0.019954389965792473
2 0.44536290322580646 0.9690706955530216 0.04798387096774193 0.017388825541619156
2 0.3901209677419355 0.29090649942987457 0.046370967741935484 0.018529076396807297
2 0.8403225806451613 0.8973774230330672 0.0016129032258064516 0.01596351197263398
1 0.23830645161290323 0.15008551881413912 0.3548387096774194 0.02765108323831243
1 0.24536290322580645 0.17944697833523376 0.35846774193548386 0.023090079817559863
1 0.24233870967741936 0.23346636259977194 0.3548387096774194 0.027366020524515394
1 0.23608870967741935 0.262115165336374 0.3487903225806452 0.02708095781071836
1 0.24153225806451614 0.2886259977194983 0.3532258064516129 0.024800456100342077
1 0.24213709677419354 0.36259977194982895 0.3649193548387097 0.023375142531356898
1 0.24092741935483872 0.3902508551881414 0.36088709677419356 0.019954389965792473
1 0.2403225806451613 0.4204675028506271 0.35080645161290325 0.019954389965792473
1 0.2441532258064516 0.4449828962371722 0.38266129032258067 0.01539338654503991
1 0.2377016129032258 0.47035347776510833 0.35201612903225804 0.026225769669327253
1 0.23951612903225805 0.5001425313568986 0.36612903225806454 0.025370581527936146
1 0.23286290322580644 0.5722633979475484 0.3487903225806452 0.023090079817559863
1 0.24092741935483872 0.6026225769669328 0.35201612903225804 0.02394526795895097
1 0.2667338709677419 0.6334093500570125 0.4229838709677419 0.028506271379703536
1 0.27419354838709675 0.6603477765108324 0.4274193548387097 0.025370581527936146
1 0.2770161290322581 0.8376567844925884 0.38225806451612904 0.025370581527936146
1 0.2770161290322581 0.863740022805017 0.3758064516129032 0.022234891676168756
1 0.28346774193548385 0.8883979475484607 0.3911290322580645 0.023660205245153935
1 0.27741935483870966 0.9139110604332953 0.3725806451612903 0.022234891676168756
1 0.2780241935483871 0.9408494868871151 0.3866935483870968 0.022519954389965794
1 0.2770161290322581 0.9659350057012542 0.38225806451612904 0.023090079817559863
1 0.7183467741935484 0.8598916761687572 0.3189516129032258 0.02080957810718358
1 0.7199596774193548 0.8895381984036488 0.31814516129032255 0.021379703534777653
1 0.7227822580645161 0.919327251995439 0.32137096774193546 0.0330672748004561
1 0.788508064516129 0.32668187001140253 0.34233870967741936 0.022234891676168756
1 0.7832661290322581 0.3521949828962372 0.33991935483870966 0.022519954389965794
1 0.7842741935483871 0.3784207525655644 0.32903225806451614 0.03164196123147092
1 0.786491935483871 0.4087799315849487 0.34233870967741936 0.019954389965792473
1 0.7832661290322581 0.14523945267958951 0.33991935483870966 0.023090079817559863
1 0.7826612903225807 0.17075256556442417 0.3282258064516129 0.029076396807297605
1 0.7814516129032258 0.1958380843785633 0.33225806451612905 0.022234891676168756
1 0.7768145161290323 0.22391676168757127 0.3334677419354839 0.023090079817559863
1 0.7782258064516129 0.25057012542759405 0.34758064516129034 0.019384264538198404
1 0.6889112903225807 0.737884834663626 0.42620967741935484 0.023090079817559863
1 0.6788306451612903 0.7649657924743444 0.39475806451612905 0.02708095781071836
2 0.9006048387096774 0.439709236031927 0.11330645161290323 0.025370581527936146
2 0.8691532258064516 0.5779646522234891 0.11330645161290323 0.025370581527936146
2 0.3284274193548387 0.7019669327251995 0.11330645161290323 0.025370581527936146
2 0.23165322580645162 0.7311858608893956 0.30685483870967745 0.08665906499429875
1 0.7677419354838709 0.6241448118586089 0.3161290322580645 0.11545039908779932
0 0.7022177419354839 0.6717502850627138 0.09879032258064516 0.02023945267958951
0 0.8106854838709677 0.6730330672748005 0.08669354838709678 0.021664766248574687
0 0.7570564516129032 0.504418472063854 0.05040322580645161 0.02080957810718358
0 0.8336693548387096 0.5045610034207526 0.07943548387096774 0.023375142531356898
1 0.7848790322580645 0.4977194982896237 0.3463709677419355 0.1419612314709236
1 0.24435483870967742 0.20610034207525654 0.3548387096774194 0.027366020524515394
