0 0.8508516825924387 0.22353446424736956 0.04304113003739094 0.017178441056474127
2 0.9120481927710843 0.22181662014172213 0.014374740340673037 0.0137427528451793
0 0.7657249688408808 0.2275069787416792 0.05774823431657665 0.015675327464032638
0 0.5376817615288741 0.23201631951900364 0.036560033236393855 0.020399398754563022
0 0.6486913169921064 0.23190895426240068 0.05151641046946406 0.020184668241357097
2 0.7049854590776901 0.23233841528881255 0.01703365184877441 0.017178441056474127
0 0.8457415870378064 0.24865793429246297 0.03265475695886996 0.02061412926776895
2 0.9127129206481097 0.25048314365471336 0.015704196094723722 0.016963710543268198
0 0.5382218529289572 0.26036074726218594 0.0402991275446614 0.016534249516856347
0 0.6527627752388866 0.2600386514923771 0.05899459908599917 0.015890057977238567
2 0.7043207312006647 0.26057547777539186 0.015704196094723722 0.016963710543268198
0 0.7730785209804736 0.28022331973373416 0.05267968425425841 0.015890057977238567
0 0.8501454092230993 0.2772170925488512 0.04179476526796842 0.016748980030062272
2 0.9127129206481097 0.2790423019111016 0.015704196094723722 0.013528022331973373
0 0.5385542168674698 0.2870946961563238 0.03847112588284171 0.016319519003650418
0 0.6385542168674698 0.2867726003865149 0.03007893643539676 0.018252093622503757
2 0.7056501869547154 0.28752415718273566 0.015704196094723722 0.017178441056474127
0 0.8618196925633569 0.3058836160618424 0.06547569588699625 0.023835086965857847
2 0.9127129206481097 0.3077088254240928 0.015704196094723722 0.017178441056474127
0 0.5389696717906107 0.3146875671032854 0.03930203572912339 0.017393171569680052
0 0.6379725799750727 0.31576121966931503 0.028749480681346074 0.019540476701739317
2 0.7049854590776901 0.31629804595232985 0.01703365184877441 0.017178441056474127
0 0.8501869547154134 0.3346575048314365 0.04171167428334026 0.016963710543268198
0 0.7852513502285002 0.3093193042731372 0.07536352305774824 0.01996993772815117
2 0.9127129206481097 0.3346575048314365 0.015704196094723722 0.016963710543268198
0 0.6132114665558787 0.35516426884260255 0.094058994599086 0.024049817479063776
0 0.770793518903199 0.33723427098990766 0.04827586206896552 0.016963710543268198
0 0.8599501454092231 0.3614988189821774 0.061238055670959704 0.016963710543268198
2 0.9127129206481097 0.3632166630878248 0.015704196094723722 0.013528022331973373
2 0.6131699210635646 0.37706678118960707 0.06389696717906107 0.017178441056474127
0 0.7518487744079767 0.44223749194760575 0.04046530951391774 0.016963710543268198
2 0.8111341919401744 0.4433111445136354 0.013128375571250519 0.013528022331973373
0 0.8527627752388866 0.44223749194760575 0.04437058579144163 0.016963710543268198
2 0.9126713751557956 0.44395533605325316 0.013128375571250519 0.013528022331973373
0 0.5389696717906107 0.47079665020399397 0.039135853759867056 0.020399398754563022
0 0.6693809721645202 0.4704745544341851 0.04653095139177399 0.019755207214945242
0 0.7570835064395514 0.4725144943096414 0.05093477357706689 0.016963710543268198
0 0.8443290402991276 0.4725144943096414 0.024844204403822186 0.016963710543268198
2 0.8104694640631491 0.47090401546059696 0.011798919817199834 0.0137427528451793
2 0.9120066472787702 0.47090401546059696 0.011798919817199834 0.0137427528451793
0 0.5428749480681346 0.4994631737169852 0.04694640631491483 0.017178441056474127
0 0.675778977980889 0.49753059909813185 0.057166597424179476 0.019755207214945242
0 0.7551308683007893 0.4994631737169852 0.047029497299543 0.017178441056474127
2 0.8117989198171999 0.4994631737169852 0.011798919817199834 0.017178441056474127
0 0.8449522226838388 0.4994631737169852 0.026090569173244704 0.017178441056474127
2 0.913336103032821 0.4994631737169852 0.011798919817199834 0.017178441056474127
0 0.5454092230992937 0.5264118531243289 0.05218113834648941 0.016963710543268198
0 0.6799750727046115 0.5259823920979171 0.06705442459493145 0.016104788490444492
2 0.6073535521395929 0.5264118531243289 0.01703365184877441 0.016963710543268198
0 0.7518487744079767 0.5264118531243289 0.04046530951391774 0.016963710543268198
0 0.8501869547154134 0.5269486794073438 0.036560033236393855 0.017178441056474127
2 0.8108018280016618 0.5274855056903586 0.012463647694225177 0.01438694438479708
0 0.5279185708350644 0.5534678977882758 0.01703365184877441 0.017393171569680052
0 0.6727046115496469 0.5534678977882758 0.050353136684669716 0.017393171569680052
0 0.7633568757789779 0.5559372986901439 0.06447860407145825 0.017607902082885978
0 0.8501869547154134 0.5566888554863646 0.036560033236393855 0.016963710543268198
2 0.913336103032821 0.5566888554863646 0.011798919817199834 0.016963710543268198
0 0.5278354798504362 0.5811681339918402 0.016867469879518072 0.019111015675327463
0 0.6600332363938513 0.5827786128408847 0.026173660157872872 0.015460596950826713
0 0.8566680515164105 0.5836375348937084 0.049522226838388035 0.017178441056474127
2 0.913336103032821 0.5836375348937084 0.011798919817199834 0.017178441056474127
0 0.8521395928541753 0.6105862143010522 0.04046530951391774 0.016963710543268198
2 0.9126713751557956 0.6105862143010522 0.013128375571250519 0.016963710543268198
0 0.8586206896551725 0.6389306420442344 0.056086414624013294 0.016963710543268198
2 0.913336103032821 0.637427528451793 0.011798919817199834 0.016963710543268198
0 0.5442044038221853 0.6593300407987975 0.0496053178230162 0.020399398754563022
0 0.6496884088076443 0.660725789134636 0.05218113834648941 0.016319519003650418
2 0.7036975488159535 0.6597595018252094 0.010469464063149149 0.013528022331973373
0 0.7570835064395514 0.6677045308138286 0.05342750311591192 0.016963710543268198
2 0.8111341919401744 0.666523512991196 0.011798919817199834 0.0137427528451793
0 0.8625675114250104 0.6677045308138286 0.06132114665558787 0.016963710543268198
2 0.913336103032821 0.6677045308138286 0.011798919817199834 0.016963710543268198
0 0.5454092230992937 0.6878891990551858 0.05218113834648941 0.016963710543268198
0 0.6551308683007894 0.6879965643117887 0.06489405899459909 0.017178441056474127
0 0.7417532197756543 0.6952974017607902 0.02276692978811799 0.018466824135709683
0 0.8599501454092231 0.6962636890702169 0.056086414624013294 0.020399398754563022
2 0.9126713751557956 0.6946532102211724 0.013128375571250519 0.017178441056474127
0 0.5408392189447445 0.7148378784625296 0.04304113003739094 0.017178441056474127
0 0.6558786871624429 0.7150526089757354 0.06555878687162443 0.017607902082885978
0 0.7531782301620275 0.7216018896285162 0.04561695056086414 0.016963710543268198
0 0.8560033236393851 0.7233197337341636 0.05085168259243872 0.020399398754563022
2 0.9120066472787702 0.7232123684775607 0.011798919817199834 0.0137427528451793
0 0.5467802243456585 0.7449001503113593 0.05475695886996261 0.017178441056474127
0 0.6528874117158289 0.7444706892849474 0.05874532613211467 0.016319519003650418
2 0.7049854590776901 0.7449001503113593 0.01703365184877441 0.017178441056474127
0 0.566306605733278 0.7804380502469401 0.03132530120481928 0.020399398754563022
0 0.7980889073535521 0.8089972085033283 0.04437058579144163 0.016963710543268198
0 0.5530951391773993 0.8150096628730943 0.06738678853344413 0.015675327464032638
0 0.8007062733693394 0.8359458879106721 0.0496053178230162 0.017178441056474127
0 0.551973410884919 0.8447498389521151 0.06547569588699625 0.024479278505475627
0 0.6525965932696303 0.8434614558728796 0.05932696302451184 0.018466824135709683
0 0.7922309929372663 0.86267983680481 0.03265475695886996 0.016963710543268198
2 0.8605733277939344 0.86267983680481 0.013128375571250519 0.016963710543268198
0 0.5417947652679684 0.8698733089972085 0.04744495222268384 0.017607902082885978
2 0.7069380972164521 0.8729869014386944 0.013128375571250519 0.016963710543268198
2 0.6079351890319901 0.23147949323598882 0.01703365184877441 0.017178441056474127
2 0.6071042791857083 0.2581060768735237 0.01703365184877441 0.017178441056474127
2 0.6071873701703365 0.2881683487223535 0.01703365184877441 0.017178441056474127
2 0.606439551308683 0.3154391238995061 0.01703365184877441 0.017178441056474127
2 0.6063564603240549 0.582027056044664 0.01703365184877441 0.016963710543268198
2 0.6070211882010802 0.552823706248658 0.01703365184877441 0.016963710543268198
2 0.6076859160781055 0.49914107794717627 0.01703365184877441 0.016963710543268198
2 0.6072704611549646 0.4716555722568177 0.01703365184877441 0.016963710543268198
2 0.6079351890319901 0.660618423878033 0.01703365184877441 0.016963710543268198
2 0.6072704611549646 0.6870302770023621 0.01703365184877441 0.016963710543268198
2 0.6067719152471956 0.7158041657719562 0.01703365184877441 0.016963710543268198
2 0.606439551308683 0.7441485935151385 0.01703365184877441 0.016963710543268198
2 0.7050685500623183 0.7144084174361177 0.014873286248442044 0.016319519003650418
2 0.7051931865392604 0.6868155464891561 0.01462401329455754 0.017393171569680052
0 0.6470710427918571 0.8153317586429032 0.048774407976734525 0.018466824135709683
0 0.654466140423764 0.8701954047670174 0.06107187370170337 0.018252093622503757
2 0.7066057332779393 0.8147949323598883 0.013128375571250519 0.016963710543268198
2 0.7061902783547985 0.8435688211294825 0.013128375571250519 0.016963710543268198
2 0.6077274615704196 0.8154391238995061 0.013959285417532198 0.016963710543268198
2 0.6078105525550478 0.8433540906162765 0.014125467386788533 0.01438694438479708
2 0.6067303697548816 0.8708395963066352 0.013626921479019526 0.014816405411208933
2 0.859908599916909 0.8362679836804809 0.013128375571250519 0.016963710543268198
2 0.8600747818861654 0.8077088254240927 0.013128375571250519 0.016963710543268198
2 0.8116327378479435 0.6944384797079665 0.011798919817199834 0.0137427528451793
2 0.811383464894059 0.722353446424737 0.011798919817199834 0.0137427528451793
2 0.9134191940174491 0.5283444277431824 0.011798919817199834 0.016963710543268198
2 0.8108018280016618 0.5554004724071291 0.012463647694225177 0.01438694438479708
0 0.7823847112588285 0.25359673609619926 0.07195679268799335 0.01932574618853339
0 0.7603240548400498 0.3634313936010307 0.0258412962193602 0.018252093622503757
2 0.8036144578313253 0.22761434399828215 0.014374740340673037 0.0137427528451793
1 0.7793934358122144 0.2954691861713549 0.0865808059825509 0.1528881254026197
1 0.8741587037806398 0.22299763796435473 0.0901537183215621 0.017822632596091903
1 0.874740340673037 0.2775391883186601 0.0901537183215621 0.017822632596091903
1 0.874740340673037 0.24769164698303628 0.0901537183215621 0.017822632596091903
1 0.8751142501038637 0.3057762508052394 0.09140008309098463 0.02490873953188748
1 0.8746572496884089 0.33412067854842176 0.09115081013710012 0.018466824135709683
1 0.8751557955961778 0.36182091475198624 0.09115081013710012 0.018466824135709683
1 0.874740340673037 0.4428816834872235 0.08948899044453677 0.019111015675327463
1 0.874740340673037 0.4711187459738029 0.08666389696717906 0.018466824135709683
1 0.875238886580806 0.49838952115095553 0.0891566265060241 0.01932574618853339
1 0.8755712505193186 0.5272707751771527 0.08815953469048608 0.020828859780974877
1 0.8754050685500623 0.5562593944599528 0.08815953469048608 0.019111015675327463
1 0.8751973410884919 0.5834228043805024 0.08774407976734525 0.018037363109297832
1 0.8751973410884919 0.6104788490444493 0.08774407976734525 0.018037363109297832
1 0.874781886165351 0.6377496242216019 0.08774407976734525 0.018037363109297832
1 0.8746987951807229 0.6942237491947606 0.08774407976734525 0.018037363109297832
1 0.8751973410884919 0.6671677045308139 0.08774407976734525 0.018037363109297832
1 0.8738678853344413 0.722353446424737 0.08774407976734525 0.018037363109297832
1 0.7739094308267553 0.6680266265836375 0.08724553385957623 0.018466824135709683
1 0.7731616119651018 0.7204208718058837 0.08724553385957623 0.018466824135709683
1 0.774740340673037 0.6952974017607902 0.08724553385957623 0.018466824135709683
1 0.7745326132114666 0.4412712046381791 0.08599916909015372 0.019755207214945242
1 0.7738678853344412 0.4715482070002147 0.08599916909015372 0.019755207214945242
1 0.7742002492729538 0.4996779042301911 0.08599916909015372 0.019755207214945242
1 0.7740340673036975 0.5273781404337556 0.08599916909015372 0.019755207214945242
1 0.7738678853344412 0.555507837663732 0.08599916909015372 0.019755207214945242
1 0.5682176983797258 0.23147949323598882 0.09796427087660989 0.021473051320592657
1 0.566306605733278 0.2561735022546704 0.09796427087660989 0.021473051320592657
1 0.5671375155795596 0.2879536182091475 0.09796427087660989 0.021473051320592657
1 0.5674698795180723 0.3147949323598883 0.0966348151225592 0.019755207214945242
1 0.6680099709181554 0.23190895426240068 0.09065226422933112 0.021473051320592657
1 0.6682176983797258 0.25928709469615635 0.09023680930619028 0.016104788490444492
1 0.6676776069796427 0.28516212153747045 0.09065226422933112 0.021473051320592657
1 0.6685085168259244 0.31393601030706464 0.09065226422933112 0.021473051320592657
1 0.5673036975488159 0.4710113807171999 0.09630245118404653 0.020399398754563022
1 0.5675529705027005 0.4980674253811467 0.09630245118404653 0.020399398754563022
1 0.5673867885334442 0.5249087395318874 0.09630245118404653 0.020399398754563022
1 0.566805151641047 0.5541120893278935 0.09630245118404653 0.020399398754563022
1 0.5666389696717906 0.5811681339918402 0.09630245118404653 0.020399398754563022
1 0.5682176983797258 0.6590079450289886 0.09796427087660989 0.021043590294180802
1 0.56734524304113 0.6877818337985828 0.09655172413793103 0.018896285162121537
1 0.5675114250103864 0.7151599742323385 0.0968840880764437 0.018681554648915612
1 0.5670544245949315 0.7438264977453296 0.0966348151225592 0.015460596950826713
0 0.5708766098878272 0.8709469615632381 0.011217282924802658 0.017178441056474127
0 0.5837557125051932 0.8703027700236203 0.013045284586622352 0.016748980030062272
1 0.5673036975488159 0.8162980459523298 0.09580390527627752 0.017822632596091903
1 0.56734524304113 0.8433540906162765 0.09522226838388034 0.024694009018681556
1 0.5659742417947653 0.8693364827141937 0.09580390527627752 0.017822632596091903
1 0.6661404237640216 0.6602963281082241 0.08641462401329456 0.015460596950826713
1 0.6675945159950145 0.6884260253382005 0.08982135438304945 0.018896285162121537
1 0.6678437889488991 0.7150526089757354 0.08982135438304945 0.018896285162121537
1 0.6684254258412963 0.7442559587717414 0.08982135438304945 0.018896285162121537
1 0.6676776069796427 0.8149022976164914 0.08982135438304945 0.018896285162121537
1 0.6679268799335272 0.8436761863860854 0.08982135438304945 0.018896285162121537
1 0.6691732447029497 0.8703027700236203 0.08982135438304945 0.018896285162121537
1 0.8216036560033236 0.8088898432467254 0.09156626506024096 0.018466824135709683
1 0.8211882010801828 0.8359458879106721 0.09156626506024096 0.018466824135709683
1 0.8216867469879519 0.8632166630878247 0.09156626506024096 0.018466824135709683
