0 0.40214451313755795 0.24321857068335942 0.03419629057187017 0.01278038601982264
0 0.6125386398763524 0.2434793948878456 0.019899536321483773 0.013302034428794992
2 0.7609157650695518 0.24321857068335942 0.022217928902627512 0.01278038601982264
2 0.5499420401854714 0.24413145539906103 0.017194744976816074 0.010954616588419406
0 0.41644126738794435 0.2589984350547731 0.06278979907264297 0.012519561815336464
2 0.5499420401854714 0.2589984350547731 0.017194744976816074 0.012519561815336464
0 0.4079404945904173 0.2749087115284298 0.04578825347758887 0.012519561815336464
2 0.5499420401854714 0.2749087115284298 0.017194744976816074 0.012519561815336464
0 0.6099304482225657 0.2895148669796557 0.01738794435857805 0.017214397496087636
0 0.3981839258114374 0.2905581637976004 0.02627511591962906 0.012519561815336464
2 0.5499420401854714 0.2905581637976004 0.017194744976816074 0.012519561815336464
2 0.7576313755795981 0.291471048513302 0.01564914992272025 0.01069379238393323
0 0.4184698608964451 0.3613719353155973 0.06684698608964451 0.015388628064684403
0 0.616499227202473 0.3615023474178404 0.027820710973724884 0.013562858633281168
2 0.5499420401854714 0.36189358372456965 0.017194744976816074 0.01069379238393323
2 0.7661321483771252 0.36189358372456965 0.032650695517774345 0.01069379238393323
0 0.4223338485316847 0.37689097548252476 0.07457496136012365 0.012519561815336464
2 0.5499420401854714 0.3776734480959833 0.017194744976816074 0.010954616588419406
0 0.616306027820711 0.38784559207094416 0.030525502318392583 0.01617110067814293
2 0.7654559505409583 0.3873239436619718 0.03400309119010819 0.012519561815336464
0 0.4150888717156105 0.39345331246739695 0.06008500772797527 0.01069379238393323
2 0.5499420401854714 0.39345331246739695 0.017194744976816074 0.01069379238393323
0 0.4053323029366306 0.40936358894105374 0.040571870170015456 0.01069379238393323
2 0.5499420401854714 0.40936358894105374 0.017194744976816074 0.01069379238393323
0 0.6190108191653787 0.4119718309859155 0.03554868624420402 0.01278038601982264
2 0.7661321483771252 0.41366718831507565 0.032650695517774345 0.012519561815336464
0 0.41190108191653785 0.4251434533124674 0.053709428129829984 0.010954616588419406
2 0.5499420401854714 0.4251434533124674 0.017194744976816074 0.010954616588419406
0 0.41190108191653785 0.44001043296817943 0.053709428129829984 0.012519561815336464
0 0.6172720247295209 0.4417057902973396 0.02936630602782071 0.015910276473656754
2 0.7654559505409583 0.44001043296817943 0.03400309119010819 0.012519561815336464
2 0.5499420401854714 0.44092331768388104 0.017194744976816074 0.01069379238393323
0 0.6300231839258115 0.5069118414188837 0.05757341576506955 0.015910276473656754
0 0.4047527047913447 0.5086071987480438 0.03941267387944358 0.012519561815336464
2 0.5525502318392581 0.5076943140323422 0.02241112828438949 0.01069379238393323
2 0.758307573415765 0.5076943140323422 0.017001545595054096 0.01069379238393323
0 0.41054868624420404 0.5262128325508607 0.05100463678516229 0.01278038601982264
2 0.5525502318392581 0.5262128325508607 0.02241112828438949 0.01278038601982264
0 0.6207496136012365 0.5273865414710485 0.03632148377125193 0.015127803860198226
2 0.7609157650695518 0.5262128325508607 0.022217928902627512 0.01278038601982264
0 0.41054868624420404 0.5464267083985394 0.05100463678516229 0.010954616588419406
2 0.5511978361669243 0.5456442357850808 0.02241112828438949 0.012519561815336464
0 0.616306027820711 0.5464267083985394 0.030139103554868624 0.014084507042253521
2 0.7609157650695518 0.5456442357850808 0.022217928902627512 0.012519561815336464
0 0.4190494590417311 0.564945226917058 0.06800618238021638 0.012519561815336464
2 0.5525502318392581 0.564945226917058 0.02241112828438949 0.012519561815336464
0 0.6221986089644513 0.5653364632237872 0.03921947449768161 0.013302034428794992
2 0.7609157650695518 0.5640323422013563 0.022217928902627512 0.01069379238393323
0 0.6119590417310664 0.5822900365153886 0.019899536321483773 0.015910276473656754
0 0.4223338485316847 0.5834637454355764 0.07457496136012365 0.014606155451225874
2 0.5525502318392581 0.5833333333333334 0.02241112828438949 0.01069379238393323
2 0.7609157650695518 0.5833333333333334 0.022217928902627512 0.01069379238393323
0 0.39171174652241114 0.7068335941575378 0.016035548686244204 0.015127803860198226
2 0.5518740340030912 0.7073552425665102 0.023763523956723338 0.012519561815336464
0 0.6259659969088099 0.7073552425665102 0.04714064914992272 0.012519561815336464
2 0.7595633693972179 0.7073552425665102 0.022217928902627512 0.012519561815336464
0 0.3948995363214838 0.729264475743349 0.02511591962905719 0.016692749087115284
2 0.5518740340030912 0.7309598330725091 0.021058732612055642 0.01069379238393323
0 0.6106066460587326 0.7297861241523214 0.01680834621329212 0.013562858633281168
2 0.7661321483771252 0.7300469483568075 0.032650695517774345 0.012519561815336464
0 0.39238794435857804 0.752999478351591 0.01738794435857805 0.014606155451225874
2 0.5518740340030912 0.752999478351591 0.023763523956723338 0.012519561815336464
0 0.6300231839258115 0.7539123630672926 0.05486862442040186 0.014345331246739697
2 0.7595633693972179 0.7539123630672926 0.022217928902627512 0.01069379238393323
1 0.47295208655332305 0.2420448617631716 0.17735703245749615 0.012519561815336464
1 0.47295208655332305 0.25795513823682836 0.1731066460587326 0.014606155451225874
1 0.47353168469860896 0.27386541471048514 0.17194744976816073 0.01564945226917058
1 0.47333848531684697 0.2896452790818988 0.17890262751159197 0.01695357329160146
1 0.6888523956723338 0.24413145539906103 0.1713678516228748 0.014606155451225874
1 0.6839258114374034 0.2893844548774126 0.16576506955177744 0.021648408972352633
1 0.47198608964451316 0.36058946270213876 0.17387944358578053 0.01486697965571205
1 0.47275888717156106 0.3763693270735524 0.17697063369397217 0.012519561815336464
1 0.4722758887171561 0.3935837245696401 0.17252704791344667 0.013562858633281168
1 0.4722758887171561 0.40714658320292124 0.1775502318392581 0.012519561815336464
1 0.4724690880989181 0.42462180490349505 0.17561823802163834 0.013562858633281168
1 0.4703438948995363 0.44001043296817943 0.17986862442040186 0.010432968179447054
1 0.47440108191653785 0.5079551382368284 0.18102782071097373 0.015910276473656754
1 0.47353168469860896 0.5264736567553469 0.17697063369397217 0.013302034428794992
1 0.473145285935085 0.5453834115805947 0.1777434312210201 0.014606155451225874
1 0.47440108191653785 0.565075639019301 0.17832302936630604 0.01643192488262911
1 0.4752704791344668 0.5826812728221179 0.1777434312210201 0.014084507042253521
1 0.47353168469860896 0.7050078247261345 0.18199381761978362 0.018779342723004695
1 0.47275888717156106 0.7295252999478351 0.17928902627511592 0.015127803860198226
1 0.4740146831530139 0.7549556598852374 0.17909582689335393 0.01643192488262911
1 0.6875965996908809 0.7077464788732394 0.1688562596599691 0.01486697965571205
1 0.6859544049459042 0.7532603025560772 0.17020865533230295 0.014606155451225874
1 0.6835394126738794 0.5074334898278561 0.16692426584234932 0.01695357329160146
1 0.6862442040185471 0.5652060511215441 0.1688562596599691 0.015127803860198226
1 0.6866306027820711 0.5267344809598331 0.17194744976816073 0.015388628064684403
1 0.686727202472952 0.5460354720918101 0.17098145285935085 0.013302034428794992
1 0.6870170015455951 0.5832029212310903 0.16846986089644514 0.013041210224308816
1 0.6925231839258115 0.7287428273343767 0.1802550231839258 0.015127803860198226
0 0.6300231839258115 0.582811684924361 0.017001545595054096 0.014345331246739697
0 0.6557187017001546 0.5837245696400626 0.027820710973724884 0.013041210224308816
0 0.6921367851622875 0.5826812728221179 0.03651468315301391 0.012519561815336464
0 0.6497295208655333 0.5658581116327596 0.017001545595054096 0.014345331246739697
0 0.6748454404945904 0.5646844027125717 0.027820710973724884 0.013041210224308816
0 0.7104907264296755 0.5641627543035994 0.03651468315301391 0.012519561815336464
0 0.6669242658423493 0.5461658841940532 0.027820710973724884 0.013041210224308816
0 0.7021831530139103 0.5459050599895671 0.03651468315301391 0.012519561815336464
0 0.6404559505409583 0.5465571205007824 0.017001545595054096 0.014345331246739697
0 0.6487635239567233 0.5272561293688054 0.017001545595054096 0.014345331246739697
0 0.6740726429675425 0.5284298382889933 0.027820710973724884 0.013041210224308816
0 0.7093315301391035 0.5260824204486176 0.03651468315301391 0.012519561815336464
0 0.6406491499227203 0.4406624934793949 0.017001545595054096 0.014345331246739697
0 0.6651854714064915 0.44105372978612417 0.027820710973724884 0.013041210224308816
0 0.6890455950540958 0.43961919666145016 0.01564914992272025 0.013302034428794992
0 0.6464451313755796 0.41249347939488784 0.017001545595054096 0.014345331246739697
0 0.6946483771251932 0.4130151278038602 0.01564914992272025 0.013302034428794992
0 0.6705950540958269 0.4144496609285342 0.027820710973724884 0.013041210224308816
0 0.6942619783616693 0.41249347939488784 0.01564914992272025 0.013302034428794992
0 0.6657650695517774 0.38706311945748567 0.027820710973724884 0.013041210224308816
0 0.6418083462132921 0.38745435576421494 0.017001545595054096 0.014345331246739697
0 0.6394899536321483 0.3613719353155973 0.017001545595054096 0.014345331246739697
0 0.6642194744976816 0.3622848200312989 0.027820710973724884 0.013041210224308816
0 0.6903979907264297 0.38719353155972874 0.01564914992272025 0.013302034428794992
0 0.6892387944358578 0.36058946270213876 0.01564914992272025 0.013302034428794992
1 0.6930061823802164 0.3617631716223266 0.1831530139103555 0.016692749087115284
1 0.6930061823802164 0.3868022952529995 0.1831530139103555 0.016692749087115284
1 0.6918469860896446 0.41210224308815857 0.1831530139103555 0.016692749087115284
1 0.6935857805255023 0.44183620239958266 0.1831530139103555 0.016692749087115284
0 0.6534003091190108 0.24374021909233176 0.022797527047913446 0.013823682837767345
0 0.6744590417310664 0.24321857068335942 0.01661514683153014 0.01278038601982264
0 0.6327279752704791 0.24504434011476264 0.01661514683153014 0.01278038601982264
0 0.6380409582689336 0.2912102243088159 0.03844667697063369 0.01278038601982264
0 0.6855680061823802 0.29107981220657275 0.04849304482225657 0.011997913406364111
0 0.633983771251932 0.7309598330725091 0.028786707882534776 0.013823682837767345
0 0.6919435857805255 0.7317423056859677 0.028786707882534776 0.013823682837767345
0 0.6625772797527048 0.7314814814814815 0.028786707882534776 0.013823682837767345
0 0.4095826893353941 0.7535211267605634 0.01738794435857805 0.014606155451225874
0 0.4332496136012365 0.7535211267605634 0.024922720247295208 0.015127803860198226
0 0.4617465224111283 0.7543035993740219 0.026661514683153014 0.01564945226917058
0 0.4671561051004637 0.7316118935837246 0.026661514683153014 0.01564945226917058
0 0.44039799072642966 0.730829420970266 0.024922720247295208 0.015127803860198226
0 0.41537867078825347 0.7300469483568075 0.01738794435857805 0.014606155451225874
0 0.4082302936630603 0.7076160667709963 0.01738794435857805 0.014606155451225874
0 0.4326700154559505 0.7076160667709963 0.024922720247295208 0.015127803860198226
0 0.4598145285935085 0.7091810119979134 0.026661514683153014 0.01564945226917058
