0 0.6162442626222311 0.3659842894548917 0.08820594691678307 0.028326588907403
0 0.16523647974456196 0.37800523684836945 0.09658750748353621 0.02666031897167341
0 0.6102574336459788 0.3974053796715068 0.07583316703252843 0.02499404903594382
0 0.1573538215924965 0.4182337538681266 0.09399321492716024 0.02666031897167341
0 0.6045699461185392 0.43108783622946917 0.06525643584114947 0.02904070459414425
0 0.16643384553981241 0.45477267317305403 0.10177609259628817 0.031183051654368008
0 0.6254240670524845 0.46417519638181387 0.10576731191378966 0.028088550345155915
0 0.16314108960287368 0.49059747679124016 0.0927958491319098 0.025232087598190907
0 0.5980842147275993 0.49678647940966436 0.05108760726401916 0.025232087598190907
0 0.1567551386948713 0.5278505117829089 0.07962482538415486 0.02499404903594382
0 0.16763121133506287 0.5670078552725542 0.10377170225503891 0.03808616995953344
0 0.6345040909998004 0.597714829802428 0.12392735980842147 0.025232087598190907
0 0.15485930951905807 0.6023565817662462 0.07902614248652963 0.03165912877886218
0 0.6358012372779884 0.6303261128302785 0.12652165236479745 0.028088550345155915
0 0.16972660147675114 0.6412758866936443 0.10676511674316504 0.0342775529635801
0 0.628118140091798 0.6650797429183528 0.11235282378766713 0.0342775529635801
0 0.1789064059070046 0.6787669602475601 0.12432648174017162 0.03261128302785051
0 0.6416882857713031 0.6981671030706974 0.13909399321492716 0.0342775529635801
0 0.1658351626421872 0.7150678409902405 0.09778487327878667 0.02666031897167341
0 0.15934943125124726 0.7522018567007855 0.0848134104969068 0.02666031897167341
0 0.21632408700858113 0.6016424660795049 0.04071043703851527 0.03023089740537967
0 0.25374176811015764 0.6023565817662462 0.023348633007383757 0.029754820280885504
0 0.3045300339253642 0.6025946203284932 0.06745160646577529 0.031183051654368008
