0 0.6794520547945205 0.20645792563600782 0.3917808219178082 0.04500978473581213
0 0.1226027397260274 0.20939334637964774 0.11643835616438356 0.03913894324853229
0 0.1589041095890411 0.2573385518590998 0.18904109589041096 0.0410958904109589
0 0.6472602739726028 0.2602739726027397 0.3273972602739726 0.046966731898238745
0 0.15273972602739727 0.3082191780821918 0.17671232876712328 0.0410958904109589
0 0.552054794520548 0.31898238747553814 0.136986301369863 0.043052837573385516
0 0.16917808219178082 0.3561643835616438 0.2095890410958904 0.043052837573385516
0 0.5897260273972603 0.37377690802348335 0.21232876712328766 0.043052837573385516
0 0.20273972602739726 0.4050880626223092 0.27671232876712326 0.043052837573385516
0 0.16301369863013698 0.45401174168297453 0.2 0.050880626223091974
0 0.5938356164383561 0.48336594911937375 0.22054794520547946 0.050880626223091974
0 0.18082191780821918 0.5039138943248532 0.2356164383561644 0.04500978473581213
0 0.6123287671232877 0.538160469667319 0.25753424657534246 0.043052837573385516
0 0.21780821917808219 0.5518590998043053 0.30684931506849317 0.03913894324853229
0 0.6431506849315068 0.5929549902152642 0.31917808219178084 0.043052837573385516
0 0.21164383561643835 0.5998043052837574 0.2945205479452055 0.0410958904109589
0 0.6554794520547945 0.6487279843444227 0.34383561643835614 0.04892367906066536
0 0.22876712328767124 0.6536203522504892 0.3287671232876712 0.050880626223091974
2 0.4267123287671233 0.21232876712328766 0.045205479452054796 0.033268101761252444
2 0.4280821917808219 0.26125244618395305 0.04794520547945205 0.0410958904109589
2 0.42945205479452053 0.3101761252446184 0.056164383561643834 0.03718199608610567
2 0.42876712328767125 0.35714285714285715 0.043835616438356165 0.033268101761252444
2 0.42876712328767125 0.410958904109589 0.043835616438356165 0.03131115459882583
2 0.4267123287671233 0.45499021526418787 0.04246575342465753 0.033268101761252444
2 0.4267123287671233 0.5039138943248532 0.045205479452054796 0.029354207436399216
2 0.4273972602739726 0.5538160469667319 0.043835616438356165 0.0273972602739726
2 0.4280821917808219 0.6056751467710372 0.045205479452054796 0.03718199608610567
2 0.4267123287671233 0.6536203522504892 0.03972602739726028 0.03131115459882583
2 0.9157534246575343 0.21037181996086105 0.04794520547945205 0.0410958904109589
2 0.9171232876712329 0.2651663405088063 0.05342465753424658 0.0410958904109589
2 0.9184931506849315 0.32093933463796476 0.05342465753424658 0.03131115459882583
2 0.9164383561643835 0.3747553816046967 0.04657534246575343 0.03718199608610567
2 0.9184931506849315 0.436399217221135 0.04246575342465753 0.03131115459882583
2 0.9184931506849315 0.487279843444227 0.04794520547945205 0.03913894324853229
2 0.9157534246575343 0.5440313111545988 0.04246575342465753 0.03913894324853229
2 0.9157534246575343 0.6027397260273972 0.04246575342465753 0.046966731898238745
2 0.9171232876712329 0.6565557729941291 0.045205479452054796 0.033268101761252444
1 0.2582191780821918 0.21232876712328766 0.3958904109589041 0.05283757338551859
1 0.2602739726027397 0.2602739726027397 0.4 0.050880626223091974
1 0.2547945205479452 0.30528375733855184 0.3863013698630137 0.046966731898238745
1 0.2534246575342466 0.3532289628180039 0.38904109589041097 0.05283757338551859
1 0.2554794520547945 0.4041095890410959 0.3821917808219178 0.04500978473581213
1 0.2541095890410959 0.45499021526418787 0.38767123287671235 0.04892367906066536
1 0.2534246575342466 0.5048923679060665 0.38904109589041097 0.043052837573385516
1 0.2541095890410959 0.5557729941291585 0.38493150684931504 0.043052837573385516
1 0.2568493150684932 0.6037181996086106 0.37945205479452054 0.0410958904109589
1 0.2541095890410959 0.6555772994129159 0.37945205479452054 0.03913894324853229
1 0.7095890410958904 0.20645792563600782 0.44931506849315067 0.04500978473581213
1 0.7143835616438357 0.26320939334637966 0.4589041095890411 0.04500978473581213
1 0.7164383561643836 0.31800391389432486 0.4712328767123288 0.04892367906066536
1 0.7123287671232876 0.3698630136986301 0.4575342465753425 0.050880626223091974
1 0.7116438356164384 0.4863013698630137 0.4643835616438356 0.05283757338551859
0 0.586986301369863 0.4315068493150685 0.21232876712328766 0.05283757338551859
0 0.7102739726027397 0.4315068493150685 0.46164383561643835 0.04892367906066536
1 0.7082191780821918 0.538160469667319 0.4547945205479452 0.046966731898238745
1 0.713013698630137 0.5998043052837574 0.4589041095890411 0.05283757338551859
1 0.7109589041095891 0.6506849315068494 0.46301369863013697 0.05675146771037182
