0 0.9438244047619048 0.1437389770723104 0.03249007936507937 0.02204585537918871
0 0.9464285714285714 0.18231922398589065 0.03670634920634921 0.01895943562610229
0 0.9608134920634921 0.22530864197530864 0.0679563492063492 0.01675485008818342
0 0.9528769841269841 0.26587301587301587 0.053075396825396824 0.02204585537918871
0 0.9613095238095238 0.3055555555555556 0.07242063492063493 0.02204585537918871
0 0.5648561507936508 0.3205467372134039 0.04241071428571429 0.018518518518518517
0 0.9522569444444444 0.34678130511463845 0.05679563492063492 0.021604938271604937
0 0.9613095238095238 0.3873456790123457 0.0744047619047619 0.016313932980599646
0 0.22730654761904762 0.4010141093474427 0.05233134920634921 0.02513227513227513
0 0.3864087301587302 0.4078483245149912 0.054563492063492064 0.021164021164021163
0 0.5333581349206349 0.4074074074074074 0.08854166666666667 0.024691358024691357
0 0.6762152777777778 0.40850970017636684 0.0642361111111111 0.021604938271604937
0 0.9372519841269841 0.42680776014109345 0.028769841269841268 0.01675485008818342
2 0.22891865079365079 0.45348324514991184 0.028769841269841268 0.01895943562610229
0 0.6671626984126984 0.45877425044091713 0.046130952380952384 0.02513227513227513
0 0.9496527777777778 0.4671516754850088 0.05357142857142857 0.01455026455026455
0 0.6734871031746031 0.5066137566137566 0.06125992063492063 0.019400352733686066
0 0.9521329365079365 0.5074955908289241 0.06448412698412699 0.020282186948853614
0 0.9508928571428571 0.546957671957672 0.06448412698412699 0.01984126984126984
0 0.6654265873015873 0.5544532627865961 0.04513888888888889 0.022486772486772486
0 0.23040674603174602 0.5687830687830688 0.05009920634920635 0.024691358024691357
0 0.38492063492063494 0.5720899470899471 0.043154761904761904 0.02072310405643739
0 0.5323660714285714 0.5734126984126984 0.03943452380952381 0.01895943562610229
0 0.9587053571428571 0.5875220458553791 0.08010912698412699 0.01895943562610229
0 0.9484126984126984 0.6256613756613757 0.061507936507936505 0.01675485008818342
0 0.9658978174603174 0.70326278659612 0.06770833333333333 0.04938271604938271
0 0.23214285714285715 0.732583774250441 0.05009920634920635 0.021604938271604937
0 0.38467261904761907 0.7356701940035273 0.06448412698412699 0.023368606701940034
0 0.5300099206349206 0.7365520282186949 0.04662698412698413 0.02513227513227513
0 0.9482886904761905 0.7762345679012346 0.06969246031746032 0.01895943562610229
0 0.9418402777777778 0.7916666666666666 0.05927579365079365 0.015432098765432098
0 0.9554811507936508 0.814594356261023 0.08655753968253968 0.023368606701940034
0 0.9437003968253969 0.8293650793650794 0.06547619047619048 0.012345679012345678
0 0.9536210317460317 0.8540564373897708 0.08779761904761904 0.020282186948853614
0 0.9542410714285714 0.8686067019400353 0.08903769841269842 0.01675485008818342
0 0.23722718253968253 0.8895502645502645 0.06473214285714286 0.027777777777777776
0 0.9534970238095238 0.8921957671957672 0.09052579365079365 0.022486772486772486
0 0.38430059523809523 0.8959435626102292 0.06076388888888889 0.024691358024691357
0 0.5293898809523809 0.8996913580246914 0.07862103174603174 0.026895943562610228
0 0.9476686507936508 0.9067460317460317 0.07886904761904762 0.016313932980599646
0 0.9534970238095238 0.9298941798941799 0.09052579365079365 0.021164021164021163
0 0.9496527777777778 0.9444444444444444 0.08779761904761904 0.01763668430335097
0 0.9528769841269841 0.9673721340388007 0.09176587301587301 0.019400352733686066
0 0.9430803571428571 0.982363315696649 0.07762896825396826 0.01763668430335097
2 0.5646081349206349 0.35383597883597884 0.03794642857142857 0.016313932980599646
0 0.662078373015873 0.6020723104056437 0.03695436507936508 0.02513227513227513
2 0.7957589285714286 0.4096119929453263 0.03149801587301587 0.020282186948853614
2 0.7951388888888888 0.4618606701940035 0.037698412698412696 0.02513227513227513
2 0.7963789682539683 0.5119047619047619 0.037698412698412696 0.030864197530864196
2 0.7915426587301587 0.5590828924162258 0.03794642857142857 0.02292768959435626
2 0.7924107142857143 0.611331569664903 0.04365079365079365 0.013668430335097001
2 0.38268849206349204 0.4565696649029982 0.032242063492063495 0.023368606701940034
2 0.533234126984127 0.4565696649029982 0.03373015873015873 0.029541446208112873
2 0.2333829365079365 0.6194885361552028 0.03670634920634921 0.01675485008818342
2 0.38467261904761907 0.623015873015873 0.037698412698412696 0.01675485008818342
2 0.5336061507936508 0.6280864197530864 0.029017857142857144 0.015432098765432098
2 0.23040674603174602 0.7835097001763669 0.04265873015873016 0.02204585537918871
2 0.37537202380952384 0.7881393298059964 0.03794642857142857 0.02072310405643739
2 0.5358382936507936 0.7890211640211641 0.033482142857142856 0.015432098765432098
2 0.23933531746031747 0.9387125220458554 0.036210317460317464 0.014991181657848324
2 0.3851686507936508 0.9437830687830688 0.027281746031746032 0.016313932980599646
2 0.5313740079365079 0.9521604938271605 0.03249007936507937 0.028659611992945325
1 0.22805059523809523 0.42680776014109345 0.053323412698412696 0.08024691358024691
1 0.3878968253968254 0.43364197530864196 0.056051587301587304 0.0718694885361552
1 0.5348462301587301 0.43452380952380953 0.08754960317460317 0.08686067019400352
1 0.5647321428571429 0.3386243386243386 0.042162698412698416 0.0582010582010582
1 0.2300347222222222 0.593694885361552 0.051835317460317464 0.07716049382716049
1 0.38467261904761907 0.5992063492063492 0.046130952380952384 0.07936507936507936
1 0.5329861111111112 0.6009700176366843 0.041666666666666664 0.07583774250440917
1 0.23152281746031747 0.7568342151675485 0.05133928571428571 0.07098765432098765
1 0.38392857142857145 0.7645502645502645 0.06448412698412699 0.0855379188712522
1 0.5308779761904762 0.7623456790123457 0.045882936507936505 0.082010582010582
1 0.23635912698412698 0.9104938271604939 0.06448412698412699 0.07231040564373897
1 0.38405257936507936 0.9188712522045855 0.060267857142857144 0.06613756613756613
1 0.5285218253968254 0.9210758377425045 0.0798611111111111 0.08641975308641975
1 0.728546626984127 0.4115961199294533 0.16592261904761904 0.04188712522045855
1 0.7315228174603174 0.4607583774250441 0.16989087301587302 0.043209876543209874
1 0.7299107142857143 0.5130070546737213 0.16865079365079366 0.04188712522045855
1 0.7287946428571429 0.5634920634920635 0.16790674603174602 0.036155202821869487
1 0.7301587301587301 0.6128747795414462 0.17559523809523808 0.04056437389770723
