0 0.38026211278792693 0.1684322033898305 0.058379666401906276 0.01765536723163842
0 0.15051628276409848 0.16031073446327684 0.03653693407466243 0.01694915254237288
0 0.37728355837966643 0.20480225988700565 0.05321683876092136 0.01694915254237288
0 0.15369340746624305 0.19703389830508475 0.04050833995234313 0.01694915254237288
0 0.7037331215250199 0.24929378531073446 0.06830818109610802 0.031073446327683617
0 0.16858617950754567 0.23728813559322035 0.06711675933280381 0.0211864406779661
0 0.7009531374106434 0.2814265536723164 0.07386814932486101 0.033192090395480225
0 0.16123907863383638 0.2740112994350282 0.05321683876092136 0.01977401129943503
0 0.38204924543288327 0.2796610169491525 0.059571088165210485 0.015536723163841809
0 0.6888403494837172 0.3004943502824859 0.04805401111993646 0.03036723163841808
0 0.17037331215250198 0.3110875706214689 0.07148530579825259 0.023305084745762712
0 0.3810563939634631 0.3149717514124294 0.057585385226370134 0.014124293785310734
0 0.69340746624305 0.3305084745762712 0.061953931691818905 0.031073446327683617
0 0.6920174741858618 0.3587570621468927 0.058379666401906276 0.029661016949152543
0 0.3858220810166799 0.3534604519774011 0.06473391580619539 0.01765536723163842
0 0.16243050039714058 0.3478107344632768 0.05242255758538523 0.014830508474576272
0 0.6936060365369341 0.3877118644067797 0.0687053216838761 0.03389830508474576
0 0.3812549642573471 0.3898305084745763 0.05559968228752978 0.015536723163841809
0 0.1862589356632248 0.3862994350282486 0.10007942811755362 0.01694915254237288
0 0.6773232724384433 0.413135593220339 0.03931691818903892 0.022598870056497175
0 0.38661636219221607 0.4265536723163842 0.06632247815726768 0.018361581920903956
0 0.15270055599682286 0.4212570621468927 0.03057982525814138 0.013418079096045197
0 0.6898332009531374 0.4438559322033898 0.06671961874503574 0.028954802259887006
0 0.6656076250992852 0.4696327683615819 0.022239872915011914 0.01694915254237288
0 0.39158061953931694 0.24046610169491525 0.07863383637807785 0.020480225988700564
0 0.37688641779189835 0.4632768361581921 0.043685464654487687 0.015536723163841809
0 0.1715647339158062 0.4604519774011299 0.06671961874503574 0.015536723163841809
0 0.6775218427323273 0.4992937853107345 0.04924543288324067 0.026836158192090395
0 0.4044876886417792 0.5028248587570622 0.09888800635424941 0.015536723163841809
0 0.17037331215250198 0.4985875706214689 0.06354249404289118 0.015536723163841809
0 0.664416203335981 0.5236581920903954 0.02938840349483717 0.020480225988700564
0 0.6717633042096902 0.5550847457627118 0.04328832406671962 0.022598870056497175
0 0.1691818903891978 0.5342514124293786 0.05877680698967434 0.016242937853107344
0 0.17791898332009531 0.5727401129943502 0.07545671167593328 0.018361581920903956
0 0.1691818903891978 0.6087570621468926 0.056393963463065924 0.01694915254237288
0 0.7128673550436855 0.6998587570621468 0.02779984114376489 0.018361581920903956
0 0.5901509134233519 0.696680790960452 0.050833995234312944 0.021892655367231638
2 0.4996028594122319 0.7009180790960452 0.023828435266084195 0.014830508474576272
0 0.38383637807783955 0.6998587570621468 0.05599682287529786 0.015536723163841809
0 0.5847895154884829 0.7344632768361582 0.03772835583796664 0.0211864406779661
2 0.500198570293884 0.7355225988700564 0.022637013502779985 0.014830508474576272
0 0.39853057982525814 0.7344632768361582 0.08935663224781573 0.015536723163841809
0 0.1755361397934869 0.7482344632768362 0.0659253375694996 0.01765536723163842
0 0.7184273232724384 0.7715395480225988 0.03971405877680699 0.016242937853107344
2 0.5023828435266084 0.7708333333333334 0.024622716441620333 0.01765536723163842
0 0.5869737887212073 0.7718926553672316 0.03812549642573471 0.01694915254237288
0 0.40528196981731535 0.7722457627118644 0.09809372517871326 0.019067796610169493
0 0.18705321683876092 0.7831920903954802 0.08498808578236695 0.01694915254237288
0 0.7152501985702939 0.8107344632768362 0.03415409054805401 0.0211864406779661
0 0.5915409054805401 0.8075564971751412 0.052819698173153296 0.019067796610169493
0 0.39158061953931694 0.8068502824858758 0.07386814932486101 0.014830508474576272
0 0.19559173947577443 0.820268361581921 0.10206513105639396 0.01765536723163842
0 0.40071485305798255 0.8442796610169492 0.0937251787132645 0.019067796610169493
0 0.20035742652899127 0.8527542372881356 0.1108022239872915 0.01765536723163842
0 0.38959491660047657 0.8820621468926554 0.07942811755361398 0.018361581920903956
0 0.20154884829229547 0.8905367231638418 0.11159650516282764 0.01977401129943503
0 0.5007942811755361 0.9170197740112994 0.023828435266084195 0.014830508474576272
0 0.1920174741858618 0.9240819209039548 0.09571088165210484 0.016242937853107344
2 0.2982525814138205 0.928319209039548 0.023034154090548053 0.020480225988700564
0 0.3967434471803018 0.91454802259887 0.08895949166004766 0.018361581920903956
0 0.7132644956314536 0.7358757062146892 0.03335980937251787 0.015536723163841809
2 0.7789912629070691 0.2676553672316384 0.019459888800635424 0.015536723163841809
2 0.7801826846703733 0.2934322033898305 0.025019857029388404 0.024717514124293787
2 0.7774027005559968 0.3195621468926554 0.019459888800635424 0.021892655367231638
2 0.7748212867355043 0.3485169491525424 0.017474185861795076 0.01765536723163842
2 0.7752184273232724 0.3771186440677966 0.023828435266084195 0.02401129943502825
2 0.77263701350278 0.403954802259887 0.021048451151707705 0.018361581920903956
2 0.7704527402700556 0.4343220338983051 0.020651310563939634 0.018361581920903956
2 0.7690627482128674 0.4600988700564972 0.019459888800635424 0.020480225988700564
2 0.7686656076250993 0.4879943502824859 0.021048451151707705 0.01977401129943503
2 0.7652899126290706 0.5148305084745762 0.019857029388403495 0.01977401129943503
2 0.7650913423351866 0.5455508474576272 0.020254169976171566 0.021892655367231638
2 0.7631056393963463 0.573093220338983 0.022637013502779985 0.012005649717514125
2 0.7766084193804607 0.701271186440678 0.021842732327243843 0.018361581920903956
2 0.7777998411437649 0.7376412429378532 0.02660841938046068 0.016242937853107344
2 0.7750198570293884 0.7725988700564972 0.022637013502779985 0.014124293785310734
2 0.7754169976171564 0.809322033898305 0.025019857029388404 0.018361581920903956
2 0.6445591739475774 0.7040960451977402 0.02779984114376489 0.018361581920903956
2 0.6465448768864178 0.7369350282485876 0.03177124702144559 0.014830508474576272
2 0.647537728355838 0.7687146892655368 0.028196981731532962 0.01765536723163842
2 0.647537728355838 0.8061440677966102 0.028196981731532962 0.019067796610169493
2 0.4988085782366958 0.8082627118644068 0.026211278792692614 0.014830508474576272
2 0.49722001588562353 0.840042372881356 0.023828435266084195 0.016242937853107344
2 0.5003971405877681 0.881002824858757 0.025416997617156472 0.016242937853107344
2 0.48669579030976967 0.1687853107344633 0.024225575853852262 0.01694915254237288
2 0.517474185861795 0.1698446327683616 0.023828435266084195 0.014830508474576272
2 0.488880063542494 0.2051553672316384 0.026211278792692614 0.016242937853107344
2 0.5180698967434472 0.20798022598870056 0.021842732327243843 0.016242937853107344
2 0.4882843526608419 0.24046610169491525 0.020254169976171566 0.019067796610169493
2 0.5192613185067514 0.24717514124293785 0.020254169976171566 0.014124293785310734
2 0.48709293089753775 0.2810734463276836 0.022637013502779985 0.018361581920903956
2 0.5194598888006354 0.2824858757062147 0.025416997617156472 0.018361581920903956
2 0.47934868943606035 0.317090395480226 0.03494837172359015 0.026836158192090395
2 0.5200555996822875 0.3192090395480226 0.027402700555996824 0.01977401129943503
2 0.48709293089753775 0.3541666666666667 0.025814138204924543 0.016242937853107344
2 0.5178713264495631 0.3559322033898305 0.019857029388403495 0.011299435028248588
2 0.49007148530579825 0.3898305084745763 0.02938840349483717 0.018361581920903956
2 0.517474185861795 0.3926553672316384 0.019857029388403495 0.01694915254237288
2 0.4880857823669579 0.4254943502824859 0.024622716441620333 0.01765536723163842
2 0.5166799046862589 0.4279661016949153 0.026211278792692614 0.0211864406779661
2 0.48391580619539315 0.4671610169491525 0.03216838760921366 0.016242937853107344
2 0.5202541699761716 0.471045197740113 0.02938840349483717 0.022598870056497175
2 0.4882843526608419 0.5017655367231638 0.03137410643367752 0.019067796610169493
2 0.2652899126290707 0.1617231638418079 0.023034154090548053 0.015536723163841809
2 0.2978554408260524 0.16242937853107345 0.024622716441620333 0.01694915254237288
2 0.2640984908657665 0.1973870056497175 0.026211278792692614 0.016242937853107344
2 0.29567116759332807 0.1998587570621469 0.024225575853852262 0.01694915254237288
2 0.26548848292295474 0.2365819209039548 0.02660841938046068 0.0211864406779661
2 0.29646544876886416 0.24046610169491525 0.025019857029388404 0.013418079096045197
2 0.25992851469420175 0.2690677966101695 0.03137410643367752 0.01977401129943503
2 0.2976568705321684 0.274364406779661 0.028196981731532962 0.020480225988700564
2 0.2601270849880858 0.3100282485875706 0.03415409054805401 0.0211864406779661
2 0.29964257347100876 0.3103813559322034 0.027402700555996824 0.024717514124293787
2 0.2585385226370135 0.3516949152542373 0.030976965845909452 0.026836158192090395
2 0.29845115170770453 0.3534604519774011 0.03057982525814138 0.021892655367231638
2 0.2603256552819698 0.3870056497175141 0.0329626687847498 0.01694915254237288
2 0.3006354249404289 0.3898305084745763 0.030182684670373314 0.02401129943502825
2 0.2571485305798253 0.4251412429378531 0.025814138204924543 0.018361581920903956
2 0.29964257347100876 0.4269067796610169 0.02660841938046068 0.019067796610169493
2 0.2642970611596505 0.4611581920903955 0.027402700555996824 0.018361581920903956
2 0.2664813343923749 0.4985875706214689 0.023034154090548053 0.015536723163841809
2 0.2652899126290707 0.5363700564971752 0.026211278792692614 0.01765536723163842
2 0.2646942017474186 0.5699152542372882 0.025019857029388404 0.01977401129943503
2 0.26548848292295474 0.609816384180791 0.03216838760921366 0.024717514124293787
2 0.2960683081810961 0.4632768361581921 0.024225575853852262 0.01694915254237288
2 0.2962668784749801 0.5741525423728814 0.020651310563939634 0.012711864406779662
2 0.29745830023828435 0.6101694915254238 0.023034154090548053 0.01977401129943503
2 0.2664813343923749 0.7489406779661016 0.023034154090548053 0.016242937853107344
2 0.2966640190627482 0.7503531073446328 0.024622716441620333 0.014830508474576272
2 0.2664813343923749 0.782132768361582 0.020651310563939634 0.023305084745762712
2 0.2972597299444003 0.7846045197740112 0.023431294678316124 0.0211864406779661
2 0.267077045274027 0.8192090395480226 0.028196981731532962 0.015536723163841809
2 0.2972597299444003 0.8199152542372882 0.02660841938046068 0.025423728813559324
2 0.2694598888006354 0.8576977401129944 0.028196981731532962 0.021892655367231638
2 0.29864972200158857 0.8559322033898306 0.023828435266084195 0.012711864406779662
2 0.29706115965051627 0.893361581920904 0.021445591739475776 0.01694915254237288
2 0.26687847498014294 0.8937146892655368 0.020651310563939634 0.024717514124293787
2 0.26906274821286735 0.9276129943502824 0.027402700555996824 0.019067796610169493
2 0.2200158856235107 0.16701977401129944 0.17871326449563146 0.033192090395480225
1 0.22061159650516282 0.20480225988700565 0.17434471803018267 0.03389830508474576
1 0.22259729944400317 0.24364406779661016 0.17116759332803813 0.03248587570621469
1 0.22398729150119143 0.2817796610169492 0.17871326449563146 0.03389830508474576
1 0.22398729150119143 0.3135593220338983 0.17791898332009531 0.03389830508474576
1 0.22478157267672755 0.3877118644067797 0.17712470214455917 0.03248587570621469
1 0.2243844320889595 0.3587570621468927 0.17791898332009531 0.03672316384180791
1 0.22637013502779985 0.4265536723163842 0.18030182684670373 0.03389830508474576
1 0.22239872915011913 0.4696327683615819 0.1691818903891978 0.03389830508474576
1 0.20869737887212073 0.5021186440677966 0.13939634630659253 0.031073446327683617
1 0.2108816521048451 0.5399011299435028 0.1437648927720413 0.03036723163841808
1 0.22359015091342335 0.5734463276836158 0.1699761715647339 0.02824858757062147
1 0.2243844320889595 0.614406779661017 0.1715647339158062 0.026836158192090395
1 0.2255758538522637 0.751412429378531 0.16600476568705322 0.02401129943502825
1 0.22637013502779985 0.7888418079096046 0.16600476568705322 0.031073446327683617
1 0.22776012708498808 0.8255649717514124 0.16799046862589356 0.03248587570621469
1 0.22736298649722 0.8591101694915254 0.1664019062748213 0.028954802259887006
1 0.22756155679110404 0.8958333333333334 0.16441620333598095 0.02754237288135593
1 0.22736298649722 0.9307909604519774 0.1687847498014297 0.03248587570621469
1 0.4334789515488483 0.6977401129943502 0.1584590945194599 0.0211864406779661
1 0.4338760921366164 0.7390536723163842 0.16322478157267672 0.033192090395480225
1 0.4352660841938046 0.7764830508474576 0.1572676727561557 0.02754237288135593
1 0.43566322478157266 0.8125 0.16282764098490865 0.028954802259887006
1 0.4312946783161239 0.8463983050847458 0.15647339158061954 0.028954802259887006
1 0.43169181890389197 0.8848870056497176 0.16441620333598095 0.03248587570621469
1 0.43367752184273234 0.9230225988700564 0.16123907863383638 0.03389830508474576
1 0.44082605242255757 0.1705508474576271 0.17871326449563146 0.03177966101694915
1 0.43983320095313744 0.21045197740112995 0.1806989674344718 0.031073446327683617
1 0.4426131850675139 0.24258474576271186 0.17593328038125497 0.0346045197740113
1 0.4426131850675139 0.2810734463276836 0.1783161239078634 0.03248587570621469
1 0.443208895949166 0.3160310734463277 0.18268467037331215 0.028954802259887006
1 0.43983320095313744 0.3622881355932203 0.1767275615567911 0.03248587570621469
1 0.44082605242255757 0.3986581920903955 0.17712470214455917 0.03177966101694915
1 0.4416203335980937 0.4318502824858757 0.17394757744241462 0.028954802259887006
1 0.4449960285941223 0.4675141242937853 0.1783161239078634 0.03389830508474576
1 0.4299046862589357 0.5021186440677966 0.1489277204130262 0.031073446327683617
1 0.6145750595710882 0.6984463276836158 0.09729944400317712 0.03672316384180791
1 0.613780778395552 0.7379943502824858 0.09571088165210484 0.03672316384180791
1 0.6165607625099285 0.7771892655367232 0.09650516282764099 0.03177966101694915
1 0.6155679110405083 0.8135593220338984 0.0976965845909452 0.029661016949152543
1 0.7307386814932486 0.2549435028248588 0.12708498808578236 0.043785310734463276
1 0.7239872915011915 0.2803672316384181 0.1254964257347101 0.04096045197740113
1 0.7241858617950755 0.3128531073446328 0.13701350277998411 0.03954802259887006
1 0.7247815726767276 0.3361581920903955 0.12311358220810167 0.043785310734463276
1 0.7220015885623511 0.3679378531073446 0.12152501985702939 0.04943502824858757
1 0.7198173153296267 0.3930084745762712 0.12033359809372518 0.03742937853107345
1 0.7174344718030182 0.4205508474576271 0.12430500397140588 0.04307909604519774
1 0.7166401906274821 0.442090395480226 0.12430500397140588 0.03389830508474576
1 0.7172359015091342 0.4636299435028249 0.12073073868149325 0.026129943502824857
1 0.715647339158062 0.503177966101695 0.1254964257347101 0.03742937853107345
1 0.7140587768069897 0.5342514124293786 0.1254964257347101 0.03742937853107345
1 0.710285941223193 0.5600282485875706 0.12430500397140588 0.043785310734463276
1 0.744241461477363 0.7019774011299436 0.09054805401111994 0.03248587570621469
1 0.7446386020651311 0.7411723163841808 0.09849086576648133 0.02754237288135593
1 0.7410643367752184 0.7771892655367232 0.08816521048451152 0.026129943502824857
1 0.7426528991262907 0.813912429378531 0.08895949166004766 0.03177966101694915
