0 0.41845703125 0.5704041720990873 0.05859375 0.014341590612777053
0 0.549560546875 0.5723598435462842 0.06201171875 0.01564537157757497
0 0.6826171875 0.5720338983050848 0.0634765625 0.016297262059973925
0 0.55078125 0.589960886571056 0.05859375 0.01564537157757497
0 0.411376953125 0.589960886571056 0.04443359375 0.01564537157757497
0 0.546630859375 0.6104954367666232 0.05224609375 0.01108213820078227
0 0.412353515625 0.6069100391134289 0.05029296875 0.01564537157757497
0 0.7001953125 0.5951760104302477 0.0986328125 0.020860495436766623
0 0.566162109375 0.628096479791395 0.09619140625 0.013689700130378096
0 0.411376953125 0.6271186440677966 0.05517578125 0.011734028683181226
0 0.675537109375 0.6199478487614081 0.05126953125 0.018252933507170794
0 0.549560546875 0.6483050847457628 0.06298828125 0.013689700130378096
0 0.41259765625 0.6470013037809648 0.05078125 0.012385919165580182
0 0.683837890625 0.6417861799217731 0.07080078125 0.02151238591916558
0 0.544677734375 0.6691655801825294 0.07080078125 0.009778357235984355
0 0.41455078125 0.6665580182529335 0.05859375 0.013689700130378096
0 0.6845703125 0.6659061277705346 0.068359375 0.01499348109517601
0 0.546630859375 0.6890482398956975 0.05517578125 0.01955671447196871
0 0.677734375 0.6910039113428944 0.05078125 0.01955671447196871
0 0.41748046875 0.6844850065189049 0.0625 0.014341590612777053
0 0.543212890625 0.7128422425032594 0.04443359375 0.016297262059973925
0 0.5458984375 0.7301173402868318 0.0615234375 0.01564537157757497
0 0.547607421875 0.7513037809647979 0.05517578125 0.013689700130378096
0 0.54150390625 0.7666232073011734 0.0419921875 0.014341590612777053
2 0.4892578125 0.5710560625814863 0.009765625 0.011734028683181226
2 0.489990234375 0.5915906127770535 0.01318359375 0.009778357235984355
2 0.4892578125 0.6078878748370273 0.0107421875 0.013689700130378096
2 0.489013671875 0.6271186440677966 0.01123046875 0.010430247718383311
2 0.48974609375 0.6476531942633638 0.0107421875 0.01108213820078227
2 0.489501953125 0.6665580182529335 0.01123046875 0.01499348109517601
2 0.48876953125 0.6854628422425033 0.009765625 0.012385919165580182
2 0.62060546875 0.5730117340286832 0.01171875 0.009126466753585397
2 0.62158203125 0.5919165580182529 0.01171875 0.01303780964797914
2 0.6201171875 0.6111473272490222 0.0107421875 0.01108213820078227
2 0.622802734375 0.6297262059973925 0.01318359375 0.011734028683181226
2 0.621826171875 0.6502607561929595 0.01123046875 0.013689700130378096
2 0.622802734375 0.6694915254237288 0.01220703125 0.009126466753585397
2 0.622802734375 0.6877444589308996 0.01025390625 0.01694915254237288
2 0.623291015625 0.7164276401564538 0.01123046875 0.009126466753585397
2 0.621826171875 0.7320730117340287 0.00732421875 0.011734028683181226
2 0.62353515625 0.7535853976531942 0.009765625 0.007822685788787484
2 0.62646484375 0.7695567144719687 0.0126953125 0.00847457627118644
2 0.7607421875 0.5736636245110821 0.015625 0.009126466753585397
2 0.76123046875 0.597457627118644 0.0126953125 0.01108213820078227
2 0.7626953125 0.6209256844850065 0.017578125 0.012385919165580182
2 0.761962890625 0.6447196870925684 0.01318359375 0.01564537157757497
2 0.764892578125 0.6701434159061278 0.01220703125 0.010430247718383311
2 0.76416015625 0.6936114732724902 0.0146484375 0.014341590612777053
1 0.44287109375 0.5707301173402868 0.10546875 0.013689700130378096
1 0.44189453125 0.589960886571056 0.1064453125 0.01303780964797914
1 0.4404296875 0.6082138200782269 0.109375 0.01694915254237288
1 0.439453125 0.6254889178617992 0.1103515625 0.016297262059973925
1 0.441650390625 0.6463494132985659 0.10986328125 0.01499348109517601
1 0.439697265625 0.665580182529335 0.10986328125 0.01564537157757497
1 0.440673828125 0.6848109517601043 0.10888671875 0.017601043024771838
1 0.572998046875 0.5720338983050848 0.10888671875 0.01499348109517601
1 0.573486328125 0.5889830508474576 0.10595703125 0.01499348109517601
1 0.5732421875 0.6108213820078227 0.1103515625 0.01303780964797914
1 0.572998046875 0.628096479791395 0.11083984375 0.01499348109517601
1 0.574951171875 0.6483050847457628 0.10986328125 0.016297262059973925
1 0.5703125 0.6688396349413298 0.1181640625 0.011734028683181226
1 0.572998046875 0.6910039113428944 0.10986328125 0.01955671447196871
1 0.5751953125 0.7121903520208605 0.109375 0.016297262059973925
1 0.572265625 0.7291395045632334 0.1103515625 0.016297262059973925
1 0.5751953125 0.7513037809647979 0.111328125 0.013689700130378096
1 0.578857421875 0.7666232073011734 0.11572265625 0.014341590612777053
1 0.70849609375 0.5713820078226858 0.1162109375 0.017601043024771838
1 0.709716796875 0.5948500651890483 0.11865234375 0.020208604954367666
1 0.709716796875 0.6192959582790091 0.12060546875 0.01694915254237288
1 0.709228515625 0.6421121251629727 0.12060546875 0.02216427640156454
1 0.7119140625 0.6665580182529335 0.1201171875 0.017601043024771838
1 0.71435546875 0.6932855280312907 0.1201171875 0.022816166883963495
