0 0.20268924302788843 0.06257668711656442 0.14043824701195218 0.023312883435582823
2 0.5801792828685259 0.06196319018404908 0.09860557768924302 0.015950920245398775
0 0.19621513944223107 0.09601226993865031 0.1294820717131474 0.02147239263803681
2 0.5786852589641435 0.09478527607361963 0.09561752988047809 0.016564417177914112
0 0.20268924302788843 0.12883435582822086 0.14243027888446216 0.0196319018404908
2 0.6802788844621513 0.1276073619631902 0.09760956175298804 0.01717791411042945
0 0.2813745019920319 0.16165644171779142 0.299800796812749 0.020245398773006136
2 0.6797808764940239 0.16012269938650306 0.09860557768924302 0.01717791411042945
0 0.26643426294820716 0.19294478527607362 0.27191235059760954 0.022699386503067485
2 0.6797808764940239 0.19263803680981595 0.09860557768924302 0.01717791411042945
0 0.21215139442231076 0.22668711656441717 0.16334661354581673 0.02392638036809816
2 0.6807768924302788 0.2254601226993865 0.09661354581673307 0.017791411042944787
0 0.20119521912350596 0.25858895705521473 0.1394422310756972 0.01901840490797546
0 0.2295816733067729 0.2911042944785276 0.19621513944223107 0.01901840490797546
2 0.6817729083665338 0.29049079754601226 0.09860557768924302 0.017791411042944787
0 0.20019920318725098 0.3236196319018405 0.13745019920318724 0.01901840490797546
2 0.6797808764940239 0.3230061349693252 0.09860557768924302 0.017791411042944787
0 0.18824701195219123 0.35736196319018404 0.11354581673306773 0.020245398773006136
2 0.6797808764940239 0.35552147239263804 0.09860557768924302 0.017791411042944787
0 0.2290836653386454 0.3889570552147239 0.1952191235059761 0.0196319018404908
2 0.6797808764940239 0.3880368098159509 0.09860557768924302 0.017791411042944787
0 0.22161354581673307 0.4217791411042945 0.1802788844621514 0.020245398773006136
0 0.20766932270916336 0.45521472392638035 0.15239043824701196 0.0196319018404908
2 0.6797808764940239 0.4530674846625767 0.09860557768924302 0.017791411042944787
0 0.2450199203187251 0.4874233128834356 0.22709163346613545 0.02147239263803681
2 0.6807768924302788 0.4849693251533742 0.09661354581673307 0.017791411042944787
0 0.22559760956175298 0.5199386503067485 0.18824701195219123 0.02147239263803681
2 0.6807768924302788 0.5180981595092025 0.09661354581673307 0.017791411042944787
0 0.21613545816733068 0.5512269938650307 0.1693227091633466 0.022699386503067485
2 0.6817729083665338 0.5515337423312884 0.09860557768924302 0.015950920245398775
2 0.6787848605577689 0.5828220858895705 0.09860557768924302 0.01717791411042945
0 0.21115537848605578 0.5858895705521472 0.1593625498007968 0.020858895705521473
0 0.3097609561752988 0.6171779141104294 0.35856573705179284 0.0196319018404908
2 0.6807768924302788 0.6165644171779141 0.09661354581673307 0.015950920245398775
2 0.6817729083665338 0.6496932515337424 0.09661354581673307 0.01717791411042945
0 0.36254980079681276 0.6503067484662577 0.46215139442231074 0.018404907975460124
0 0.3451195219123506 0.6846625766871166 0.4312749003984064 0.024539877300613498
2 0.6797808764940239 0.6822085889570552 0.09860557768924302 0.01717791411042945
0 0.351593625498008 0.7153374233128834 0.4442231075697211 0.020858895705521473
0 0.6797808764940239 0.7122699386503067 0.09860557768924302 0.01717791411042945
0 0.20816733067729085 0.7975460122699386 0.14741035856573706 0.018404907975460124
2 0.6817729083665338 0.798159509202454 0.09860557768924302 0.01717791411042945
0 0.15836653386454183 0.8315950920245399 0.053784860557768925 0.01901840490797546
2 0.6797808764940239 0.837116564417178 0.09860557768924302 0.017791411042944787
0 0.19272908366533864 0.8641104294478528 0.12250996015936255 0.01901840490797546
2 0.6797808764940239 0.8763803680981596 0.09860557768924302 0.017791411042944787
2 0.6797808764940239 0.25828220858895706 0.10458167330677291 0.014723926380368098
2 0.6817729083665338 0.4205521472392638 0.09860557768924302 0.017791411042944787
2 0.6797808764940239 0.7134969325153374 0.09860557768924302 0.01717791411042945
1 0.4307768924302789 0.10184049079754601 0.6045816733067729 0.03067484662576687
1 0.42729083665338646 0.13558282208588956 0.599601593625498 0.0343558282208589
1 0.42828685258964144 0.1668711656441718 0.599601593625498 0.03067484662576687
1 0.4292828685258964 0.19846625766871165 0.599601593625498 0.030061349693251534
1 0.4262948207171315 0.2650306748466258 0.5936254980079682 0.03190184049079755
1 0.4262948207171315 0.23159509202453987 0.5916334661354582 0.03128834355828221
1 0.43177290836653387 0.29570552147239265 0.602589641434263 0.029447852760736196
1 0.43326693227091634 0.3285276073619632 0.6095617529880478 0.03374233128834356
1 0.4312749003984064 0.36257668711656443 0.601593625498008 0.03680981595092025
1 0.4307768924302789 0.3969325153374233 0.602589641434263 0.029447852760736196
1 0.43276892430278885 0.4607361963190184 0.600597609561753 0.03190184049079755
1 0.4312749003984064 0.4279141104294479 0.599601593625498 0.02883435582822086
1 0.4307768924302789 0.4950920245398773 0.6065737051792829 0.03067484662576687
1 0.42778884462151395 0.5269938650306748 0.598605577689243 0.03067484662576687
1 0.43177290836653387 0.558282208588957 0.602589641434263 0.03190184049079755
1 0.43326693227091634 0.591717791411043 0.6075697211155379 0.03251533742331288
1 0.43227091633466136 0.6230061349693251 0.603585657370518 0.03374233128834356
1 0.4302788844621514 0.6585889570552147 0.599601593625498 0.03496932515337423
1 0.4312749003984064 0.689877300613497 0.601593625498008 0.03128834355828221
1 0.4312749003984064 0.7230061349693252 0.6055776892430279 0.03374233128834356
1 0.4312749003984064 0.804601226993865 0.6055776892430279 0.03374233128834356
1 0.43276892430278885 0.8368098159509203 0.602589641434263 0.03190184049079755
1 0.43177290836653387 0.8733128834355828 0.6065737051792829 0.03619631901840491
2 0.5766932270916335 0.12699386503067484 0.09760956175298804 0.01717791411042945
2 0.6792828685258964 0.09539877300613497 0.09561752988047809 0.016564417177914112
2 0.6777888446215139 0.06319018404907975 0.09860557768924302 0.015950920245398775
1 0.43376494023904383 0.06687116564417178 0.6045816733067729 0.03067484662576687
