0 0.2680301399354144 0.06458923512747876 0.26264800861141013 0.020396600566572238
2 0.7583423035522067 0.06515580736543909 0.11517761033369214 0.0169971671388102
0 0.18514531754574812 0.1311614730878187 0.10333692142088267 0.019830028328611898
2 0.7583423035522067 0.1339943342776204 0.11517761033369214 0.017563739376770537
0 0.25511302475780406 0.16458923512747875 0.23681377825618946 0.018696883852691217
2 0.7583423035522067 0.16912181303116147 0.11517761033369214 0.017563739376770537
0 0.21367061356297093 0.19858356940509916 0.15823466092572658 0.020963172804532578
2 0.7583423035522067 0.20311614730878186 0.11517761033369214 0.017563739376770537
0 0.24165769644779334 0.230028328611898 0.21420882669537136 0.02379603399433428
2 0.7583423035522067 0.2376770538243626 0.11517761033369214 0.01643059490084986
0 0.23358449946178686 0.26345609065155806 0.19806243272335844 0.0226628895184136
2 0.7583423035522067 0.27223796033994335 0.11517761033369214 0.017563739376770537
0 0.3153928955866523 0.29745042492917845 0.3638320775026911 0.018130311614730877
2 0.7604951560818084 0.30623229461756374 0.11517761033369214 0.01643059490084986
0 0.20559741657696448 0.33031161473087817 0.1377825618945102 0.02152974504249292
2 0.7583423035522067 0.3413597733711048 0.11517761033369214 0.017563739376770537
0 0.20667384284176535 0.3643059490084986 0.13993541442411195 0.02152974504249292
2 0.728740581270183 0.375070821529745 0.17007534983853606 0.0169971671388102
0 0.2556512378902045 0.4498583569405099 0.24004305705059203 0.018130311614730877
0 0.25618945102260493 0.4838526912181303 0.2432723358449946 0.020396600566572238
2 0.6404736275565124 0.48328611898017 0.116254036598493 0.018130311614730877
0 0.26318622174381057 0.5186968838526912 0.2529601722282024 0.020963172804532578
2 0.6404736275565124 0.5164305949008499 0.116254036598493 0.017563739376770537
0 0.2109795479009688 0.5898016997167139 0.155005382131324 0.020396600566572238
2 0.7572658772874058 0.588385269121813 0.11733046286329386 0.017563739376770537
0 0.1969860064585576 0.6215297450424929 0.12701829924650163 0.02152974504249292
2 0.7572658772874058 0.6212464589235127 0.11733046286329386 0.017563739376770537
2 0.7572658772874058 0.6535410764872521 0.11733046286329386 0.017563739376770537
0 0.28632938643702904 0.6552407932011332 0.2992465016146394 0.02209631728045326
0 0.22981700753498385 0.6872521246458924 0.19052744886975242 0.019263456090651557
2 0.7572658772874058 0.6864022662889518 0.11733046286329386 0.017563739376770537
0 0.3444564047362756 0.7620396600566572 0.4155005382131324 0.0226628895184136
2 0.8030139935414424 0.7606232294617564 0.11410118406889128 0.017563739376770537
0 0.271259418729817 0.796600566572238 0.271259418729817 0.02152974504249292
2 0.8030139935414424 0.7943342776203967 0.11410118406889128 0.0169971671388102
0 0.2373519913885899 0.8294617563739377 0.20129171151776104 0.020396600566572238
2 0.8030139935414424 0.8280453257790368 0.11410118406889128 0.017563739376770537
0 0.3519913885898816 0.8626062322946175 0.4284176533907427 0.020963172804532578
2 0.8030139935414424 0.8620396600566572 0.11410118406889128 0.017563739376770537
0 0.2163616792249731 0.8968838526912182 0.16361679224973089 0.02152974504249292
0 0.23519913885898816 0.9294617563739377 0.1969860064585576 0.019830028328611898
2 0.8040904198062433 0.928328611898017 0.11194833153928956 0.017563739376770537
0 0.2163616792249731 0.9637393767705382 0.16361679224973089 0.020396600566572238
2 0.6415500538213132 0.44957507082152975 0.116254036598493 0.01529745042492918
2 0.8019375672766416 0.8974504249291785 0.10764262648008611 0.026062322946175637
1 0.4747039827771798 0.06430594900849858 0.6889128094725512 0.024362606232294616
1 0.47954790096878364 0.13711048158640227 0.689989235737352 0.037393767705382434
1 0.47954790096878364 0.201699716713881 0.689989235737352 0.03059490084985836
1 0.48008611410118407 0.2368271954674221 0.6889128094725512 0.03172804532577904
1 0.47416576964477936 0.2719546742209632 0.6856835306781486 0.0339943342776204
1 0.46932185145317545 0.3031161473087819 0.6759956942949408 0.03172804532577904
1 0.48008611410118407 0.33682719546742207 0.6867599569429494 0.03342776203966006
1 0.47255113024757806 0.4541076487252125 0.6781485468245425 0.035694050991501414
1 0.47255113024757806 0.4906515580736544 0.6803013993541442 0.0339943342776204
1 0.47524219590958017 0.5237960339943343 0.6856835306781486 0.03229461756373938
1 0.4747039827771798 0.5923512747875355 0.6803013993541442 0.03456090651558073
1 0.4736275565123789 0.6288951841359773 0.682454251883746 0.03172804532577904
1 0.47416576964477936 0.6617563739376771 0.6792249730893434 0.03286118980169972
1 0.4730893433799785 0.696600566572238 0.6792249730893434 0.03456090651558073
1 0.49623250807319697 0.7677053824362606 0.7276641550053822 0.036260623229461754
1 0.503767491926803 0.8382436260623229 0.7298170075349839 0.03456090651558073
1 0.5016146393972013 0.8028328611898017 0.7341227125941873 0.03059490084985836
1 0.5032292787944026 0.8699716713881019 0.728740581270183 0.03456090651558073
1 0.49730893433799783 0.9033994334277621 0.7276641550053822 0.028895184135977338
1 0.49784714747039827 0.9368271954674221 0.7158234660925726 0.037960339943342775
1 0.4747039827771798 0.3685552407932011 0.6867599569429494 0.03342776203966006
2 0.7545748116254036 0.45014164305949006 0.116254036598493 0.01529745042492918
2 0.7545748116254036 0.4838526912181303 0.116254036598493 0.018130311614730877
2 0.7567276641550054 0.5175637393767706 0.116254036598493 0.017563739376770537
1 0.47685683530678147 0.171671388101983 0.6867599569429494 0.03172804532577904
