0 0.24731182795698925 0.06203007518796992 0.2086021505376344 0.025241675617615467
2 0.714516129032258 0.0625671321160043 0.12365591397849462 0.017722878625134265
0 0.25 0.09532760472610097 0.2161290322580645 0.02309344790547798
2 0.7155913978494624 0.09505907626208378 0.12150537634408602 0.017185821697099892
0 0.26344086021505375 0.12943071965628355 0.24301075268817204 0.02040816326530612
2 0.7155913978494624 0.12781954887218044 0.12150537634408602 0.017185821697099892
0 0.2763440860215054 0.16138560687432868 0.26881720430107525 0.01987110633727175
2 0.714516129032258 0.16165413533834586 0.12365591397849462 0.017185821697099892
0 0.25591397849462366 0.19414607948442536 0.23225806451612904 0.01987110633727175
2 0.7155913978494624 0.19414607948442536 0.12150537634408602 0.017722878625134265
0 0.2838709677419355 0.22663802363050484 0.2838709677419355 0.02040816326530612
2 0.7155913978494624 0.22663802363050484 0.12150537634408602 0.017185821697099892
0 0.22258064516129034 0.2593984962406015 0.16129032258064516 0.018259935553168637
2 0.7155913978494624 0.2591299677765843 0.12150537634408602 0.017722878625134265
0 0.2806451612903226 0.29269602577873255 0.27741935483870966 0.021482277121374866
2 0.7155913978494624 0.291890440386681 0.12150537634408602 0.017722878625134265
0 0.260752688172043 0.3278732545649839 0.23763440860215054 0.024167561761546726
2 0.714516129032258 0.3257250268528464 0.12365591397849462 0.017722878625134265
0 0.21666666666666667 0.3582169709989259 0.15161290322580645 0.02040816326530612
2 0.714516129032258 0.3582169709989259 0.12365591397849462 0.017185821697099892
0 0.22741935483870968 0.3923200859291085 0.17311827956989248 0.020945220193340493
2 0.714516129032258 0.3907089151450054 0.12365591397849462 0.017722878625134265
0 0.23440860215053763 0.42346938775510207 0.18064516129032257 0.017722878625134265
2 0.714516129032258 0.42320085929108486 0.12365591397849462 0.017185821697099892
0 0.256989247311828 0.4564983888292159 0.22580645161290322 0.018259935553168637
2 0.7155913978494624 0.45596133190118154 0.12150537634408602 0.017185821697099892
0 0.2854838709677419 0.547798066595059 0.2870967741935484 0.01933404940923738
2 0.7155913978494624 0.5483351235230934 0.12150537634408602 0.017185821697099892
0 0.3086021505376344 0.5813641245972073 0.33978494623655914 0.020945220193340493
2 0.7155913978494624 0.5808270676691729 0.12150537634408602 0.017722878625134265
0 0.3086021505376344 0.6138560687432868 0.3333333333333333 0.018259935553168637
2 0.7155913978494624 0.6133190118152524 0.12150537634408602 0.017185821697099892
0 0.3596774193548387 0.6479591836734694 0.43548387096774194 0.017722878625134265
2 0.7155913978494624 0.6458109559613319 0.12150537634408602 0.017722878625134265
0 0.3010752688172043 0.6796455424274973 0.31827956989247314 0.01987110633727175
2 0.7161290322580646 0.6793770139634802 0.12258064516129032 0.02040816326530612
0 0.2521505376344086 0.7599355531686359 0.22258064516129034 0.022556390977443608
2 0.714516129032258 0.7591299677765844 0.12365591397849462 0.017722878625134265
0 0.27204301075268816 0.7953813104189044 0.2623655913978495 0.02040816326530612
2 0.7155913978494624 0.7929645542427497 0.12150537634408602 0.017722878625134265
0 0.3478494623655914 0.8273361976369495 0.41397849462365593 0.01987110633727175
2 0.714516129032258 0.8262620837808807 0.12365591397849462 0.018796992481203006
2 0.7155913978494624 0.8595596133190118 0.12150537634408602 0.017722878625134265
0 0.2661290322580645 0.859828141783029 0.24193548387096775 0.02040816326530612
0 0.2591397849462366 0.8933941997851772 0.23440860215053763 0.01987110633727175
2 0.7161290322580646 0.89312567132116 0.12258064516129032 0.02040816326530612
0 0.24731182795698925 0.9258861439312567 0.2129032258064516 0.022556390977443608
2 0.7155913978494624 0.9258861439312567 0.12150537634408602 0.017185821697099892
0 0.2446236559139785 0.959452201933405 0.2032258064516129 0.02309344790547798
2 0.7155913978494624 0.9583780880773362 0.12150537634408602 0.017722878625134265
1 0.45698924731182794 0.16729323308270677 0.6365591397849463 0.02953813104189044
1 0.46182795698924733 0.10016111707841031 0.635483870967742 0.0359828141783029
1 0.45483870967741935 0.13587540279269603 0.6344086021505376 0.0322234156820623
1 0.4591397849462366 0.19951664876476907 0.6408602150537634 0.03168635875402793
1 0.4559139784946237 0.2650375939849624 0.6387096774193548 0.028464017185821696
1 0.4591397849462366 0.23415682062298604 0.6387096774193548 0.034371643394199784
1 0.45645161290322583 0.2977980665950591 0.6333333333333333 0.03383458646616541
1 0.4629032258064516 0.3995703544575725 0.6419354838709678 0.0322234156820623
1 0.45698924731182794 0.33055853920515577 0.6365591397849463 0.03490870032223416
1 0.4586021505376344 0.36600429645542426 0.6268817204301075 0.03168635875402793
1 0.46182795698924733 0.4323308270676692 0.635483870967742 0.034371643394199784
1 0.46021505376344085 0.4658968850698174 0.6301075268817204 0.03383458646616541
1 0.460752688172043 0.5547798066595059 0.6376344086021506 0.031149301825993556
1 0.46021505376344085 0.6511815252416756 0.6387096774193548 0.03276047261009667
1 0.4596774193548387 0.6203007518796992 0.6376344086021506 0.034371643394199784
1 0.4612903225806452 0.6877013963480129 0.6365591397849463 0.0359828141783029
1 0.4596774193548387 0.8329752953813104 0.6397849462365591 0.03544575725026853
1 0.46021505376344085 0.8007518796992481 0.6387096774193548 0.0322234156820623
1 0.460752688172043 0.9001074113856069 0.6397849462365591 0.03329752953813104
1 0.46021505376344085 0.8657357679914071 0.6365591397849463 0.034371643394199784
1 0.4575268817204301 0.9315252416756176 0.6311827956989248 0.03276047261009667
1 0.4612903225806452 0.9650912996777659 0.632258064516129 0.036519871106337275
1 0.45806451612903226 0.7647690655209453 0.6387096774193548 0.0322234156820623
1 0.4575268817204301 0.5870032223415682 0.6376344086021506 0.031149301825993556
1 0.4596774193548387 0.0663265306122449 0.635483870967742 0.0359828141783029
