2 0.9433333333333334 0.24041666666666667 0.1 0.0225
0 0.5922222222222222 0.24541666666666667 0.18888888888888888 0.025833333333333333
2 0.9461111111111111 0.2875 0.10111111111111111 0.023333333333333334
0 0.5861111111111111 0.29333333333333333 0.17222222222222222 0.023333333333333334
2 0.9455555555555556 0.33458333333333334 0.1 0.020833333333333332
0 0.5755555555555556 0.33875 0.1511111111111111 0.024166666666666666
2 0.9466666666666667 0.38125 0.09777777777777778 0.020833333333333332
0 0.6055555555555555 0.385 0.2111111111111111 0.025
2 0.40944444444444444 0.44916666666666666 0.09 0.02
0 0.08722222222222223 0.4533333333333333 0.17222222222222222 0.02666666666666667
2 0.9205555555555556 0.4525 0.14777777777777779 0.023333333333333334
0 0.6 0.45625 0.22 0.024166666666666666
0 0.6327777777777778 0.49083333333333334 0.28555555555555556 0.023333333333333334
2 0.9433333333333334 0.4895833333333333 0.10222222222222223 0.020833333333333332
2 0.41388888888888886 0.4975 0.08777777777777777 0.021666666666666667
0 0.08777777777777777 0.5033333333333333 0.17333333333333334 0.025
0 0.6772222222222222 0.52625 0.37222222222222223 0.020833333333333332
2 0.9438888888888889 0.5258333333333334 0.10333333333333333 0.02
2 0.415 0.5479166666666667 0.09 0.020833333333333332
0 0.10666666666666667 0.5516666666666666 0.2111111111111111 0.02666666666666667
0 0.67 0.56125 0.35777777777777775 0.0225
2 0.945 0.5629166666666666 0.10111111111111111 0.019166666666666665
2 0.41833333333333333 0.5966666666666667 0.09 0.021666666666666667
0 0.5838888888888889 0.59875 0.18555555555555556 0.0225
0 0.08222222222222222 0.6054166666666667 0.16 0.030833333333333334
2 0.945 0.5995833333333334 0.10111111111111111 0.019166666666666665
0 0.6 0.6366666666666667 0.21333333333333335 0.025
2 0.945 0.6354166666666666 0.10111111111111111 0.020833333333333332
2 0.43444444444444447 0.6695833333333333 0.09111111111111111 0.019166666666666665
0 0.09777777777777778 0.6729166666666667 0.19333333333333333 0.020833333333333332
0 0.10444444444444445 0.7120833333333333 0.20666666666666667 0.0225
2 0.43444444444444447 0.7095833333333333 0.09111111111111111 0.0175
0 0.5955555555555555 0.7208333333333333 0.06666666666666667 0.018333333333333333
2 0.9355555555555556 0.72375 0.09555555555555556 0.0175
0 0.13055555555555556 0.75125 0.2588888888888889 0.019166666666666665
2 0.43666666666666665 0.7495833333333334 0.09111111111111111 0.0175
0 0.5977777777777777 0.7545833333333334 0.07111111111111111 0.019166666666666665
2 0.9355555555555556 0.755 0.09555555555555556 0.018333333333333333
0 0.6122222222222222 0.7845833333333333 0.09555555555555556 0.019166666666666665
2 0.9355555555555556 0.78625 0.09555555555555556 0.0175
0 0.08166666666666667 0.7908333333333334 0.16111111111111112 0.021666666666666667
2 0.43555555555555553 0.7879166666666667 0.08888888888888889 0.0175
0 0.6072222222222222 0.8154166666666667 0.08555555555555555 0.019166666666666665
2 0.9355555555555556 0.81625 0.09555555555555556 0.0175
0 0.6377777777777778 0.8470833333333333 0.14666666666666667 0.019166666666666665
2 0.9355555555555556 0.8475 0.09555555555555556 0.018333333333333333
0 0.6333333333333333 0.87625 0.13555555555555557 0.0175
2 0.9355555555555556 0.8775 0.09333333333333334 0.018333333333333333
0 0.6238888888888889 0.9075 0.11666666666666667 0.023333333333333334
2 0.9338888888888889 0.9066666666666666 0.09222222222222222 0.016666666666666666
0 0.6422222222222222 0.9370833333333334 0.14888888888888888 0.0175
2 0.9288888888888889 0.9375 0.09333333333333334 0.015
1 0.22833333333333333 0.465 0.45444444444444443 0.05
1 0.23555555555555555 0.5120833333333333 0.4666666666666667 0.0475
1 0.235 0.56125 0.4588888888888889 0.049166666666666664
1 0.23722222222222222 0.6091666666666666 0.47 0.045
1 0.24333333333333335 0.6733333333333333 0.48444444444444446 0.025
1 0.2477777777777778 0.715 0.4866666666666667 0.025
1 0.24555555555555555 0.7575 0.4866666666666667 0.03833333333333333
1 0.24555555555555555 0.7991666666666667 0.48 0.03666666666666667
1 0.7472222222222222 0.25333333333333335 0.5055555555555555 0.045
1 0.7472222222222222 0.2995833333333333 0.5033333333333333 0.0375
1 0.7483333333333333 0.3458333333333333 0.49 0.043333333333333335
1 0.7511111111111111 0.3975 0.49777777777777776 0.05
1 0.7427777777777778 0.4575 0.5011111111111111 0.03666666666666667
1 0.7394444444444445 0.49625 0.5077777777777778 0.0325
1 0.7405555555555555 0.5354166666666667 0.5011111111111111 0.03916666666666667
1 0.7472222222222222 0.57 0.5055555555555555 0.035
1 0.7466666666666667 0.6079166666666667 0.5066666666666667 0.03916666666666667
1 0.7483333333333333 0.6425 0.4988888888888889 0.03833333333333333
1 0.7744444444444445 0.7233333333333334 0.42444444444444446 0.03166666666666667
1 0.7733333333333333 0.7541666666666667 0.4266666666666667 0.023333333333333334
1 0.7766666666666666 0.7875 0.42 0.021666666666666667
1 0.7738888888888888 0.8166666666666667 0.4255555555555556 0.028333333333333332
1 0.7761111111111111 0.84625 0.4166666666666667 0.024166666666666666
1 0.7733333333333333 0.8729166666666667 0.42 0.025833333333333333
1 0.7744444444444445 0.9045833333333333 0.41333333333333333 0.0225
1 0.77 0.9379166666666666 0.41555555555555557 0.0275
