0 0.11588541666666667 0.2197265625 0.06380208333333333 0.02734375
0 0.109375 0.287841796875 0.078125 0.02978515625
2 0.4710286458333333 0.355712890625 0.057942708333333336 0.01708984375
0 0.16666666666666666 0.36279296875 0.20442708333333334 0.0234375
2 0.4778645833333333 0.408447265625 0.044270833333333336 0.01611328125
0 0.1123046875 0.418212890625 0.123046875 0.02490234375
2 0.4710286458333333 0.465576171875 0.057942708333333336 0.01611328125
0 0.12174479166666667 0.468017578125 0.13541666666666666 0.02294921875
0 0.1669921875 0.4970703125 0.23111979166666666 0.021484375
2 0.4700520833333333 0.494384765625 0.059895833333333336 0.01611328125
0 0.18782552083333334 0.53857421875 0.287109375 0.029296875
2 0.4762369791666667 0.5341796875 0.047526041666666664 0.017578125
0 0.13639322916666666 0.60009765625 0.19986979166666666 0.0322265625
2 0.4674479166666667 0.5986328125 0.061197916666666664 0.0185546875
0 0.12076822916666667 0.670654296875 0.18815104166666666 0.03271484375
2 0.4733072916666667 0.6650390625 0.049479166666666664 0.0185546875
2 0.4749348958333333 0.69287109375 0.052734375 0.017578125
2 0.4752604166666667 0.723388671875 0.05078125 0.02001953125
0 0.08756510416666667 0.79443359375 0.138671875 0.0185546875
2 0.4840494791666667 0.79345703125 0.031901041666666664 0.013671875
0 0.09505208333333333 0.81201171875 0.15364583333333334 0.0205078125
0 0.3154296875 0.812255859375 0.16080729166666666 0.01904296875
2 0.4820963541666667 0.810302734375 0.031901041666666664 0.01220703125
2 0.8723958333333334 0.844970703125 0.1015625 0.05908203125
0 0.045572916666666664 0.834716796875 0.061197916666666664 0.01513671875
2 0.4833984375 0.8271484375 0.031901041666666664 0.013671875
0 0.2903645833333333 0.830322265625 0.10807291666666667 0.01318359375
2 0.4850260416666667 0.84716796875 0.029947916666666668 0.0146484375
0 0.039388020833333336 0.853271484375 0.051432291666666664 0.01513671875
0 0.2802734375 0.844970703125 0.09830729166666667 0.01611328125
2 0.4847005208333333 0.8623046875 0.031901041666666664 0.013671875
0 0.0302734375 0.872314453125 0.039713541666666664 0.01611328125
2 0.4840494791666667 0.882568359375 0.031901041666666664 0.01318359375
0 0.0634765625 0.892822265625 0.107421875 0.02001953125
2 0.4690755208333333 0.211669921875 0.06575520833333333 0.02783203125
2 0.4690755208333333 0.283935546875 0.06315104166666667 0.01806640625
2 0.21256510416666666 0.796630859375 0.038411458333333336 0.01611328125
2 0.2099609375 0.81689453125 0.033203125 0.0166015625
2 0.20768229166666666 0.8369140625 0.029947916666666668 0.013671875
2 0.20475260416666666 0.857421875 0.037109375 0.013671875
2 0.20735677083333334 0.87939453125 0.037109375 0.017578125
2 0.20963541666666666 0.900390625 0.04296875 0.015625
0 0.2805989583333333 0.796630859375 0.08463541666666667 0.01708984375
0 0.2838541666666667 0.8662109375 0.1015625 0.017578125
0 0.30859375 0.885498046875 0.14973958333333334 0.02099609375
0 0.3483072916666667 0.90478515625 0.23046875 0.0234375
2 0.4850260416666667 0.900390625 0.03125 0.0126953125
1 0.296875 0.2314453125 0.4375 0.0703125
1 0.2867838541666667 0.3056640625 0.4290364583333333 0.072265625
1 0.2783203125 0.375 0.4264322916666667 0.0498046875
1 0.275390625 0.425048828125 0.4453125 0.05126953125
1 0.2737630208333333 0.47265625 0.447265625 0.0244140625
1 0.2770182291666667 0.502197265625 0.451171875 0.02685546875
1 0.2737630208333333 0.552734375 0.4563802083333333 0.064453125
1 0.265625 0.616455078125 0.4700520833333333 0.06201171875
1 0.12532552083333334 0.795166015625 0.224609375 0.02197265625
1 0.12076822916666667 0.813232421875 0.21419270833333334 0.02001953125
1 0.1201171875 0.83447265625 0.21158854166666666 0.021484375
1 0.12044270833333333 0.854736328125 0.21354166666666666 0.01611328125
1 0.11946614583333333 0.874267578125 0.21158854166666666 0.02490234375
1 0.11588541666666667 0.89794921875 0.21614583333333334 0.0263671875
1 0.37109375 0.792724609375 0.2578125 0.01123046875
1 0.37109375 0.8125 0.2604166666666667 0.013671875
1 0.3668619791666667 0.8291015625 0.2571614583333333 0.0107421875
1 0.3671875 0.84716796875 0.26953125 0.01171875
1 0.3658854166666667 0.864990234375 0.2708333333333333 0.01220703125
1 0.3678385416666667 0.883544921875 0.265625 0.01611328125
1 0.3671875 0.90234375 0.2682291666666667 0.0244140625
0 0.7311197916666666 0.849609375 0.20963541666666666 0.0859375
1 0.7757161458333334 0.84716796875 0.2962239583333333 0.0859375
1 0.3525390625 0.696533203125 0.2962239583333333 0.02197265625
1 0.349609375 0.721435546875 0.2916666666666667 0.02587890625
1 0.2623697916666667 0.66796875 0.4791666666666667 0.0283203125
