2 0.4674479166666667 0.162109375 0.08333333333333333 0.015625
0 0.208984375 0.167724609375 0.125 0.01611328125
2 0.4680989583333333 0.209228515625 0.08463541666666667 0.01708984375
0 0.22135416666666666 0.212646484375 0.1640625 0.01708984375
0 0.24674479166666666 0.28515625 0.2421875 0.0205078125
2 0.4674479166666667 0.28662109375 0.0859375 0.0146484375
0 0.19921875 0.340576171875 0.16536458333333334 0.01904296875
2 0.4671223958333333 0.340087890625 0.08658854166666667 0.01611328125
0 0.2431640625 0.39453125 0.2649739583333333 0.0224609375
2 0.4664713541666667 0.397216796875 0.087890625 0.01513671875
0 0.19205729166666666 0.451416015625 0.18489583333333334 0.01904296875
2 0.4664713541666667 0.4560546875 0.09049479166666667 0.0146484375
0 0.1845703125 0.51025390625 0.19986979166666666 0.0205078125
2 0.4664713541666667 0.51708984375 0.09049479166666667 0.0146484375
0 0.234375 0.591552734375 0.3151041666666667 0.02197265625
2 0.4654947916666667 0.59912109375 0.09635416666666667 0.017578125
2 0.9222005208333334 0.6435546875 0.037109375 0.0146484375
0 0.5810546875 0.645263671875 0.046223958333333336 0.01611328125
0 0.1484375 0.656494140625 0.1640625 0.02197265625
2 0.9264322916666666 0.664306640625 0.0390625 0.01513671875
0 0.5843098958333334 0.666259765625 0.052734375 0.01611328125
2 0.46484375 0.668701171875 0.09765625 0.01611328125
2 0.9300130208333334 0.685791015625 0.038411458333333336 0.01611328125
0 0.5732421875 0.687744140625 0.026692708333333332 0.01513671875
0 0.6080729166666666 0.710205078125 0.09765625 0.02294921875
2 0.93359375 0.70849609375 0.0390625 0.0146484375
0 0.1513671875 0.727294921875 0.185546875 0.02197265625
2 0.9378255208333334 0.730712890625 0.041015625 0.01708984375
0 0.5826822916666666 0.731201171875 0.045572916666666664 0.01611328125
2 0.46484375 0.7421875 0.1015625 0.017578125
0 0.66015625 0.756103515625 0.20052083333333334 0.02099609375
2 0.9404296875 0.753662109375 0.038411458333333336 0.01611328125
0 0.6044921875 0.777587890625 0.08528645833333333 0.01708984375
2 0.9440104166666666 0.7763671875 0.0390625 0.0146484375
0 0.13639322916666666 0.799072265625 0.181640625 0.01904296875
2 0.9482421875 0.7998046875 0.041015625 0.017578125
0 0.5836588541666666 0.801025390625 0.043619791666666664 0.01708984375
2 0.4576822916666667 0.8193359375 0.11067708333333333 0.025390625
0 0.6321614583333334 0.82373046875 0.13802083333333334 0.0185546875
2 0.9527994791666666 0.824462890625 0.042317708333333336 0.01708984375
0 0.5953776041666666 0.848876953125 0.07096354166666667 0.02490234375
2 0.95703125 0.847900390625 0.040364583333333336 0.01708984375
0 0.587890625 0.8720703125 0.049479166666666664 0.0185546875
2 0.9602864583333334 0.87255859375 0.044270833333333336 0.017578125
0 0.13118489583333334 0.896240234375 0.19856770833333334 0.02490234375
0 0.6363932291666666 0.897216796875 0.14388020833333334 0.02099609375
2 0.9645182291666666 0.89794921875 0.042317708333333336 0.0185546875
0 0.6253255208333334 0.922119140625 0.123046875 0.02587890625
2 0.46484375 0.9228515625 0.10807291666666667 0.0185546875
2 0.9677734375 0.924560546875 0.043619791666666664 0.02001953125
0 0.6471354166666666 0.949462890625 0.1640625 0.02294921875
2 0.9733072916666666 0.949462890625 0.045572916666666664 0.02001953125
1 0.3287760416666667 0.17724609375 0.3645833333333333 0.0458984375
1 0.322265625 0.238525390625 0.3854166666666667 0.06982421875
1 0.31640625 0.300537109375 0.3880208333333333 0.04345703125
1 0.314453125 0.356201171875 0.39453125 0.04248046875
1 0.3079427083333333 0.407470703125 0.4049479166666667 0.05322265625
1 0.3043619791666667 0.466796875 0.4147135416666667 0.05078125
1 0.3011067708333333 0.5322265625 0.427734375 0.060546875
1 0.2945963541666667 0.60791015625 0.443359375 0.0615234375
1 0.2880859375 0.67529296875 0.4498697916666667 0.05859375
1 0.2880859375 0.74658203125 0.4641927083333333 0.05859375
1 0.2799479166666667 0.83251953125 0.4700520833333333 0.08984375
1 0.2770182291666667 0.919921875 0.4928385416666667 0.072265625
1 0.751953125 0.64404296875 0.3893229166666667 0.0166015625
1 0.7552083333333334 0.664306640625 0.3958333333333333 0.02099609375
1 0.7561848958333334 0.6875 0.3977864583333333 0.021484375
1 0.7587890625 0.706298828125 0.400390625 0.01806640625
1 0.7610677083333334 0.7294921875 0.40234375 0.0244140625
1 0.7610677083333334 0.75439453125 0.40234375 0.021484375
1 0.7659505208333334 0.775146484375 0.412109375 0.02197265625
1 0.7659505208333334 0.80029296875 0.4147135416666667 0.0234375
1 0.7718098958333334 0.824462890625 0.4147135416666667 0.01904296875
1 0.771484375 0.847412109375 0.4205729166666667 0.02001953125
1 0.7737630208333334 0.872314453125 0.427734375 0.01904296875
1 0.7763671875 0.89501953125 0.427734375 0.0224609375
1 0.7770182291666666 0.919921875 0.431640625 0.025390625
1 0.7815755208333334 0.94873046875 0.4342447916666667 0.021484375
2 0.8531901041666666 0.19775390625 0.07356770833333333 0.033203125
0 0.6429036458333334 0.303466796875 0.10872395833333333 0.02099609375
1 0.7389322916666666 0.24658203125 0.3046875 0.13671875
