2 0.4436848958333333 0.16015625 0.091796875 0.0166015625
0 0.2021484375 0.165771484375 0.17513020833333334 0.01611328125
2 0.4440104166666667 0.217529296875 0.09505208333333333 0.01611328125
0 0.146484375 0.223876953125 0.08723958333333333 0.01708984375
2 0.4143880208333333 0.283935546875 0.039713541666666664 0.01806640625
0 0.15299479166666666 0.28759765625 0.11458333333333333 0.017578125
0 0.59765625 0.29345703125 0.10416666666666667 0.015625
2 0.416015625 0.33349609375 0.04296875 0.01953125
0 0.1416015625 0.342529296875 0.107421875 0.02001953125
2 0.4147135416666667 0.387451171875 0.040364583333333336 0.01904296875
2 0.8658854166666666 0.40283203125 0.1015625 0.0634765625
0 0.19596354166666666 0.39697265625 0.234375 0.021484375
0 0.6015625 0.410888671875 0.11197916666666667 0.03955078125
0 0.6070963541666666 0.429443359375 0.06705729166666667 0.02392578125
0 0.6136067708333334 0.44921875 0.11263020833333333 0.0419921875
2 0.4147135416666667 0.444091796875 0.044270833333333336 0.01904296875
0 0.1455078125 0.4521484375 0.14908854166666666 0.0185546875
0 0.6184895833333334 0.46826171875 0.11458333333333333 0.03515625
0 0.6246744791666666 0.487548828125 0.09049479166666667 0.03076171875
2 0.4143880208333333 0.50341796875 0.043619791666666664 0.0205078125
0 0.6311848958333334 0.5078125 0.07486979166666667 0.0322265625
0 0.1328125 0.5146484375 0.14713541666666666 0.021484375
0 0.63671875 0.52783203125 0.07942708333333333 0.033203125
2 0.412109375 0.581787109375 0.04296875 0.01806640625
0 0.19270833333333334 0.593505859375 0.28125 0.02392578125
2 0.916015625 0.64208984375 0.0390625 0.0146484375
2 0.4134114583333333 0.648681640625 0.048177083333333336 0.01904296875
0 0.6061197916666666 0.647705078125 0.1171875 0.01806640625
0 0.12662760416666666 0.664794921875 0.17513020833333334 0.02197265625
2 0.9205729166666666 0.663818359375 0.040364583333333336 0.01611328125
0 0.5791015625 0.66943359375 0.06315104166666667 0.0146484375
2 0.9248046875 0.685791015625 0.038411458333333336 0.01611328125
0 0.5888671875 0.691162109375 0.08268229166666667 0.01611328125
2 0.9293619791666666 0.707763671875 0.037109375 0.01611328125
0 0.58203125 0.714599609375 0.06510416666666667 0.01611328125
2 0.9342447916666666 0.731201171875 0.040364583333333336 0.01611328125
0 0.5930989583333334 0.73876953125 0.08854166666666667 0.021484375
2 0.4117838541666667 0.74072265625 0.047526041666666664 0.01953125
0 0.10286458333333333 0.755859375 0.14192708333333334 0.0224609375
2 0.9361979166666666 0.754150390625 0.040364583333333336 0.01513671875
0 0.6064453125 0.76123046875 0.111328125 0.0244140625
2 0.9430338541666666 0.778076171875 0.041015625 0.01611328125
0 0.5930989583333334 0.783935546875 0.08463541666666667 0.02001953125
2 0.9466145833333334 0.80224609375 0.040364583333333336 0.017578125
0 0.6067708333333334 0.80810546875 0.10807291666666667 0.021484375
2 0.4114583333333333 0.814697265625 0.05078125 0.02001953125
2 0.9488932291666666 0.82568359375 0.042317708333333336 0.017578125
0 0.080078125 0.83154296875 0.10677083333333333 0.0185546875
0 0.5794270833333334 0.8310546875 0.049479166666666664 0.017578125
2 0.9541015625 0.8505859375 0.042317708333333336 0.017578125
0 0.5748697916666666 0.857666015625 0.040364583333333336 0.02099609375
2 0.9586588541666666 0.8759765625 0.043619791666666664 0.0185546875
0 0.59765625 0.879638671875 0.08203125 0.01611328125
2 0.4111328125 0.89501953125 0.050130208333333336 0.021484375
2 0.9632161458333334 0.900634765625 0.042317708333333336 0.01904296875
0 0.6259765625 0.9052734375 0.13736979166666666 0.0224609375
0 0.07649739583333333 0.912109375 0.12434895833333333 0.0224609375
2 0.9680989583333334 0.9267578125 0.045572916666666664 0.0185546875
0 0.5852864583333334 0.931884765625 0.05078125 0.01904296875
2 0.9733072916666666 0.9541015625 0.045572916666666664 0.0185546875
0 0.5950520833333334 0.9580078125 0.0703125 0.0185546875
2 0.8365885416666666 0.194091796875 0.06380208333333333 0.03369140625
1 0.2985026041666667 0.180419921875 0.3860677083333333 0.05517578125
1 0.294921875 0.236328125 0.3919270833333333 0.0576171875
1 0.2945963541666667 0.296630859375 0.4016927083333333 0.04541015625
1 0.2897135416666667 0.34765625 0.4075520833333333 0.052734375
0 0.6057942708333334 0.428466796875 0.06705729166666667 0.02392578125
1 0.2867838541666667 0.404296875 0.4147135416666667 0.052734375
1 0.2783203125 0.4638671875 0.4329427083333333 0.0595703125
1 0.2783203125 0.53271484375 0.4485677083333333 0.0791015625
1 0.2692057291666667 0.606201171875 0.462890625 0.06787109375
1 0.2610677083333333 0.6845703125 0.4752604166666667 0.08984375
1 0.2692057291666667 0.7666015625 0.4680989583333333 0.072265625
1 0.2584635416666667 0.845947265625 0.4869791666666667 0.08447265625
1 0.2532552083333333 0.9326171875 0.5 0.0947265625
1 0.7418619791666666 0.645751953125 0.3951822916666667 0.02197265625
1 0.7467447916666666 0.665283203125 0.3958333333333333 0.01904296875
1 0.7513020833333334 0.689208984375 0.4075520833333333 0.02099609375
1 0.7467447916666666 0.71142578125 0.4049479166666667 0.0205078125
1 0.7509765625 0.73583984375 0.404296875 0.0263671875
1 0.7604166666666666 0.75732421875 0.4088541666666667 0.0234375
1 0.7565104166666666 0.780517578125 0.4049479166666667 0.02197265625
1 0.7623697916666666 0.80419921875 0.421875 0.025390625
1 0.7639973958333334 0.82958984375 0.416015625 0.0244140625
1 0.7630208333333334 0.855712890625 0.4205729166666667 0.02001953125
1 0.7685546875 0.879638671875 0.4290364583333333 0.02587890625
1 0.7701822916666666 0.9013671875 0.4283854166666667 0.0244140625
1 0.7744140625 0.9296875 0.4342447916666667 0.0234375
1 0.7786458333333334 0.958251953125 0.4401041666666667 0.02783203125
1 0.7320963541666666 0.464111328125 0.380859375 0.17333984375
1 0.70703125 0.240234375 0.3255208333333333 0.130859375
2 0.4723307291666667 0.895751953125 0.06705729166666667 0.02294921875
2 0.4739583333333333 0.814453125 0.055989583333333336 0.0185546875
2 0.4736328125 0.74072265625 0.059244791666666664 0.01953125
2 0.4700520833333333 0.6494140625 0.057291666666666664 0.01953125
2 0.4710286458333333 0.581298828125 0.055338541666666664 0.01806640625
2 0.4723307291666667 0.501220703125 0.060546875 0.01806640625
2 0.4674479166666667 0.443603515625 0.055989583333333336 0.01806640625
2 0.4694010416666667 0.3876953125 0.053385416666666664 0.0224609375
2 0.4716796875 0.3310546875 0.050130208333333336 0.0166015625
2 0.4690755208333333 0.282958984375 0.046223958333333336 0.01806640625
