2 0.3821614583333333 0.165771484375 0.033854166666666664 0.01220703125
0 0.20865885416666666 0.1650390625 0.15559895833333334 0.017578125
2 0.3805338541666667 0.194091796875 0.033203125 0.01220703125
0 0.2109375 0.194091796875 0.17447916666666666 0.01513671875
2 0.3795572916666667 0.22216796875 0.03515625 0.0107421875
0 0.17154947916666666 0.224365234375 0.10611979166666667 0.01513671875
2 0.37890625 0.251708984375 0.033854166666666664 0.01220703125
0 0.17545572916666666 0.25244140625 0.12044270833333333 0.015625
2 0.8736979166666666 0.265869140625 0.033854166666666664 0.01220703125
0 0.7373046875 0.27001953125 0.19986979166666666 0.01953125
2 0.376953125 0.281494140625 0.033854166666666664 0.01220703125
2 0.8763020833333334 0.282958984375 0.03515625 0.01220703125
0 0.7275390625 0.285888671875 0.18033854166666666 0.01708984375
0 0.16373697916666666 0.282470703125 0.107421875 0.01416015625
2 0.8795572916666666 0.299560546875 0.03515625 0.01220703125
0 0.6793619791666666 0.304931640625 0.07877604166666667 0.01220703125
2 0.3753255208333333 0.311279296875 0.033203125 0.01220703125
2 0.8792317708333334 0.31787109375 0.030598958333333332 0.0126953125
0 0.7041015625 0.3212890625 0.126953125 0.0166015625
0 0.16471354166666666 0.31201171875 0.11979166666666667 0.015625
2 0.884765625 0.33544921875 0.03515625 0.013671875
0 0.6930338541666666 0.33935546875 0.103515625 0.013671875
2 0.3743489583333333 0.342529296875 0.03515625 0.01220703125
2 0.8883463541666666 0.353271484375 0.035807291666666664 0.01220703125
0 0.6946614583333334 0.357421875 0.10286458333333333 0.013671875
0 0.13020833333333334 0.34375 0.061197916666666664 0.0166015625
2 0.8909505208333334 0.3720703125 0.037109375 0.013671875
0 0.67578125 0.3759765625 0.061197916666666664 0.013671875
2 0.8942057291666666 0.39013671875 0.037109375 0.013671875
0 0.6748046875 0.394775390625 0.059244791666666664 0.01513671875
2 0.5983072916666666 0.4228515625 0.03515625 0.013671875
2 0.8994140625 0.422119140625 0.037109375 0.01220703125
0 0.7014973958333334 0.42529296875 0.107421875 0.0166015625
2 0.90234375 0.44091796875 0.0390625 0.013671875
0 0.392578125 0.4287109375 0.0546875 0.021484375
0 0.7180989583333334 0.444580078125 0.13671875 0.01806640625
2 0.9055989583333334 0.461181640625 0.0390625 0.01513671875
0 0.4140625 0.46337890625 0.09895833333333333 0.01953125
2 0.5992838541666666 0.4619140625 0.037109375 0.013671875
0 0.7249348958333334 0.463623046875 0.150390625 0.01708984375
2 0.6012369791666666 0.4814453125 0.037109375 0.013671875
2 0.9091796875 0.4814453125 0.038411458333333336 0.013671875
0 0.71875 0.484375 0.13411458333333334 0.0146484375
2 0.9127604166666666 0.50146484375 0.0390625 0.0146484375
0 0.4108072916666667 0.486083984375 0.09375 0.01904296875
0 0.6982421875 0.5048828125 0.09049479166666667 0.017578125
2 0.6025390625 0.52099609375 0.037109375 0.0146484375
2 0.9156901041666666 0.523681640625 0.038411458333333336 0.01708984375
0 0.6826171875 0.52490234375 0.054036458333333336 0.0146484375
0 0.4176432291666667 0.52197265625 0.111328125 0.0166015625
2 0.9195963541666666 0.543212890625 0.038411458333333336 0.01513671875
0 0.6982421875 0.5458984375 0.08528645833333333 0.0146484375
2 0.3317057291666667 0.5498046875 0.037109375 0.0146484375
0 0.12858072916666666 0.552978515625 0.11002604166666667 0.01611328125
0 0.4049479166666667 0.56005859375 0.0859375 0.017578125
2 0.6044921875 0.5654296875 0.037109375 0.0146484375
2 0.9231770833333334 0.5654296875 0.0390625 0.0146484375
0 0.6878255208333334 0.566650390625 0.057942708333333336 0.01513671875
2 0.3304036458333333 0.571533203125 0.037109375 0.01513671875
0 0.10188802083333333 0.573974609375 0.06315104166666667 0.01611328125
2 0.9264322916666666 0.586181640625 0.0390625 0.01513671875
0 0.6904296875 0.5888671875 0.06315104166666667 0.0146484375
2 0.3294270833333333 0.5927734375 0.0390625 0.0146484375
0 0.10904947916666667 0.593994140625 0.083984375 0.01513671875
2 0.6064453125 0.6083984375 0.037109375 0.0146484375
2 0.3274739583333333 0.613525390625 0.0390625 0.01513671875
0 0.0947265625 0.616943359375 0.06315104166666667 0.01611328125
0 0.408203125 0.601806640625 0.10286458333333333 0.01611328125
0 0.7236328125 0.625732421875 0.12565104166666666 0.01611328125
2 0.9326171875 0.625244140625 0.041015625 0.01513671875
2 0.3264973958333333 0.6357421875 0.037109375 0.0146484375
0 0.09049479166666667 0.636962890625 0.061197916666666664 0.01513671875
2 0.9368489583333334 0.648193359375 0.0390625 0.01611328125
0 0.7154947916666666 0.648681640625 0.10677083333333333 0.01513671875
2 0.6087239583333334 0.655517578125 0.0390625 0.01513671875
2 0.3251953125 0.65771484375 0.037109375 0.0146484375
0 0.09733072916666667 0.6591796875 0.08268229166666667 0.0146484375
0 0.4287109375 0.645263671875 0.14778645833333334 0.01904296875
0 0.7259114583333334 0.672119140625 0.12369791666666667 0.01708984375
2 0.9423828125 0.671630859375 0.042317708333333336 0.01611328125
2 0.3232421875 0.680419921875 0.037109375 0.01611328125
0 0.07584635416666667 0.6826171875 0.046223958333333336 0.0146484375
0 0.07649739583333333 0.830810546875 0.09700520833333333 0.02197265625
0 0.3111979166666667 0.830322265625 0.040364583333333336 0.01904296875
0 0.7386067708333334 0.80029296875 0.12955729166666666 0.1572265625
0 0.052408854166666664 0.855712890625 0.057942708333333336 0.01708984375
0 0.3102213541666667 0.855712890625 0.042317708333333336 0.01708984375
0 0.07421875 0.881591796875 0.10807291666666667 0.01708984375
0 0.3082682291666667 0.8818359375 0.042317708333333336 0.017578125
0 0.7415364583333334 0.908935546875 0.1171875 0.04345703125
0 0.06282552083333333 0.907958984375 0.095703125 0.02587890625
0 0.3069661458333333 0.908447265625 0.042317708333333336 0.01904296875
1 0.2659505208333333 0.171875 0.2688802083333333 0.029296875
1 0.2607421875 0.201904296875 0.275390625 0.02880859375
1 0.2568359375 0.229736328125 0.2819010416666667 0.02587890625
1 0.2555338541666667 0.2587890625 0.287109375 0.02734375
1 0.2516276041666667 0.289794921875 0.287109375 0.03271484375
1 0.24934895833333334 0.32080078125 0.2916666666666667 0.0302734375
1 0.2431640625 0.35009765625 0.2975260416666667 0.029296875
1 0.765625 0.267578125 0.2578125 0.01953125
1 0.7685546875 0.284423828125 0.2532552083333333 0.01904296875
1 0.7701822916666666 0.30517578125 0.2565104166666667 0.0205078125
1 0.767578125 0.30224609375 0.2669270833333333 0.0185546875
1 0.7718098958333334 0.323486328125 0.2701822916666667 0.01904296875
1 0.7701822916666666 0.33740234375 0.2643229166666667 0.0205078125
1 0.7727864583333334 0.35693359375 0.26953125 0.0205078125
1 0.7766927083333334 0.37548828125 0.2721354166666667 0.0185546875
1 0.78125 0.39599609375 0.2734375 0.0224609375
1 0.7845052083333334 0.42626953125 0.2747395833333333 0.0205078125
1 0.78515625 0.44580078125 0.2838541666666667 0.0185546875
1 0.7884114583333334 0.46435546875 0.27734375 0.0185546875
1 0.7916666666666666 0.48388671875 0.2838541666666667 0.0185546875
1 0.7916666666666666 0.50146484375 0.2838541666666667 0.0244140625
1 0.7936197916666666 0.50439453125 0.2877604166666667 0.0224609375
1 0.7975260416666666 0.52783203125 0.2877604166666667 0.0224609375
1 0.7975260416666666 0.548828125 0.2825520833333333 0.017578125
1 0.7955729166666666 0.52587890625 0.2864583333333333 0.0205078125
1 0.7955729166666666 0.54541015625 0.296875 0.0205078125
1 0.7994791666666666 0.56689453125 0.296875 0.0185546875
1 0.8046875 0.58642578125 0.2994791666666667 0.0244140625
1 0.8092447916666666 0.62548828125 0.2981770833333333 0.0205078125
1 0.8118489583333334 0.64794921875 0.30859375 0.0224609375
1 0.8151041666666666 0.669921875 0.2994791666666667 0.021484375
1 0.4921875 0.43359375 0.2526041666666667 0.033203125
1 0.490234375 0.461669921875 0.2513020833333333 0.01806640625
1 0.4928385416666667 0.490234375 0.2591145833333333 0.03515625
1 0.4938151041666667 0.528076171875 0.259765625 0.03369140625
1 0.4908854166666667 0.56982421875 0.265625 0.0400390625
1 0.4899088541666667 0.6123046875 0.271484375 0.0390625
1 0.4889322916666667 0.655029296875 0.2825520833333333 0.04052734375
1 0.21028645833333334 0.55078125 0.2721354166666667 0.015625
1 0.21158854166666666 0.56982421875 0.27734375 0.0205078125
1 0.20963541666666666 0.59326171875 0.2890625 0.0185546875
1 0.20182291666666666 0.61474609375 0.2838541666666667 0.0224609375
1 0.20182291666666666 0.63525390625 0.2838541666666667 0.0224609375
1 0.20052083333333334 0.658203125 0.2942708333333333 0.017578125
1 0.19791666666666666 0.68505859375 0.2916666666666667 0.0224609375
1 0.17903645833333334 0.82763671875 0.30859375 0.0244140625
1 0.17903645833333334 0.85498046875 0.3059895833333333 0.0224609375
1 0.17643229166666666 0.880859375 0.3190104166666667 0.029296875
1 0.17447916666666666 0.90576171875 0.3177083333333333 0.0224609375
