2 0.8743489583333334 0.222412109375 0.033854166666666664 0.01318359375
0 0.6630859375 0.228271484375 0.056640625 0.01318359375
2 0.3486328125 0.228271484375 0.031901041666666664 0.01220703125
2 0.8766276041666666 0.23974609375 0.033203125 0.013671875
0 0.16634114583333334 0.230224609375 0.07486979166666667 0.01416015625
2 0.6087239583333334 0.241943359375 0.03515625 0.01318359375
2 0.3486328125 0.2431640625 0.031901041666666664 0.013671875
0 0.4244791666666667 0.247802734375 0.10286458333333333 0.01611328125
2 0.8815104166666666 0.25537109375 0.033854166666666664 0.013671875
0 0.1650390625 0.245361328125 0.07486979166666667 0.01513671875
2 0.6090494791666666 0.256591796875 0.035807291666666664 0.01513671875
2 0.3466796875 0.259521484375 0.031901041666666664 0.01220703125
0 0.4453125 0.261962890625 0.14713541666666666 0.02001953125
0 0.16666666666666666 0.26171875 0.07942708333333333 0.0166015625
2 0.8828125 0.271484375 0.033854166666666664 0.013671875
0 0.6715494791666666 0.2744140625 0.07356770833333333 0.013671875
2 0.8951822916666666 0.447265625 0.0390625 0.017578125
0 0.6998697916666666 0.450439453125 0.09244791666666667 0.01708984375
2 0.3248697916666667 0.4501953125 0.033854166666666664 0.013671875
0 0.11295572916666667 0.4501953125 0.043619791666666664 0.0146484375
2 0.8981119791666666 0.468505859375 0.037109375 0.01513671875
0 0.6946614583333334 0.4697265625 0.08203125 0.01953125
2 0.32421875 0.468994140625 0.03515625 0.01513671875
0 0.1279296875 0.4697265625 0.07877604166666667 0.013671875
2 0.900390625 0.48681640625 0.03515625 0.0185546875
2 0.322265625 0.48779296875 0.03515625 0.013671875
0 0.6858723958333334 0.492919921875 0.06575520833333333 0.01611328125
0 0.11588541666666667 0.489013671875 0.059895833333333336 0.01513671875
2 0.6266276041666666 0.49755859375 0.035807291666666664 0.017578125
0 0.44921875 0.500244140625 0.1640625 0.01513671875
2 0.9059244791666666 0.5068359375 0.035807291666666664 0.0185546875
2 0.322265625 0.508056640625 0.03515625 0.01513671875
2 0.6259765625 0.51953125 0.034505208333333336 0.0166015625
0 0.10384114583333333 0.50830078125 0.042317708333333336 0.013671875
0 0.4020182291666667 0.52099609375 0.07096354166666667 0.015625
2 0.9104817708333334 0.52880859375 0.038411458333333336 0.017578125
2 0.3206380208333333 0.527587890625 0.035807291666666664 0.01513671875
0 0.6865234375 0.529052734375 0.059244791666666664 0.01513671875
0 0.12727864583333334 0.52880859375 0.09440104166666667 0.0146484375
2 0.6292317708333334 0.537109375 0.034505208333333336 0.015625
0 0.408203125 0.541015625 0.0859375 0.0166015625
2 0.912109375 0.54931640625 0.03515625 0.015625
2 0.3206380208333333 0.54833984375 0.035807291666666664 0.0146484375
0 0.716796875 0.550048828125 0.1171875 0.01611328125
0 0.09993489583333333 0.550048828125 0.048828125 0.01611328125
2 0.6302083333333334 0.55712890625 0.032552083333333336 0.021484375
0 0.4091796875 0.562255859375 0.087890625 0.01611328125
2 0.9166666666666666 0.571044921875 0.036458333333333336 0.01708984375
0 0.7685546875 0.572021484375 0.212890625 0.01611328125
2 0.3196614583333333 0.568359375 0.03515625 0.0146484375
0 0.1181640625 0.568603515625 0.08658854166666667 0.01904296875
2 0.91796875 0.592529296875 0.033854166666666664 0.01708984375
0 0.7682291666666666 0.5927734375 0.21354166666666666 0.01953125
2 0.3206380208333333 0.590087890625 0.031901041666666664 0.01513671875
0 0.12727864583333334 0.591064453125 0.11002604166666667 0.01513671875
2 0.931640625 0.614990234375 0.03515625 0.01806640625
0 0.7164713541666666 0.616943359375 0.10091145833333333 0.02001953125
0 0.15885416666666666 0.6474609375 0.1875 0.037109375
2 0.10286458333333333 0.682861328125 0.08723958333333333 0.03076171875
2 0.6399739583333334 0.778564453125 0.0390625 0.01611328125
0 0.384765625 0.778076171875 0.06901041666666667 0.01708984375
2 0.642578125 0.804443359375 0.04296875 0.01611328125
0 0.380859375 0.80224609375 0.06510416666666667 0.01953125
0 0.9684244791666666 0.830810546875 0.042317708333333336 0.01708984375
2 0.6416015625 0.8271484375 0.039713541666666664 0.021484375
0 0.396484375 0.826904296875 0.09635416666666667 0.01708984375
0 0.9749348958333334 0.85546875 0.046223958333333336 0.02734375
0 0.3981119791666667 0.85302734375 0.10221354166666667 0.021484375
2 0.6429036458333334 0.85400390625 0.041015625 0.0205078125
0 0.9755859375 0.880126953125 0.044921875 0.02490234375
0 0.390625 0.876708984375 0.09375 0.02294921875
2 0.64453125 0.8798828125 0.036458333333333336 0.0224609375
0 0.07356770833333333 0.877685546875 0.09244791666666667 0.02099609375
0 0.9775390625 0.912353515625 0.044921875 0.02587890625
0 0.3909505208333333 0.905029296875 0.09830729166666667 0.02197265625
2 0.6432291666666666 0.90673828125 0.037760416666666664 0.0205078125
0 0.07356770833333333 0.906005859375 0.10026041666666667 0.02490234375
1 0.248046875 0.229736328125 0.24348958333333334 0.01611328125
1 0.24739583333333334 0.244384765625 0.2421875 0.01513671875
1 0.2451171875 0.260986328125 0.24153645833333334 0.02001953125
1 0.5009765625 0.2451171875 0.2545572916666667 0.013671875
1 0.5032552083333334 0.260986328125 0.2578125 0.02001953125
0 0.6774088541666666 0.244873046875 0.08528645833333333 0.01416015625
0 0.6754557291666666 0.2607421875 0.07747395833333333 0.0146484375
1 0.7652994791666666 0.224853515625 0.2623697916666667 0.02099609375
1 0.7646484375 0.24072265625 0.2532552083333333 0.01953125
1 0.7682291666666666 0.257568359375 0.26171875 0.02001953125
1 0.7731119791666666 0.27392578125 0.2662760416666667 0.017578125
1 0.158203125 0.666259765625 0.19661458333333334 0.07763671875
1 0.21712239583333334 0.448974609375 0.2571614583333333 0.01708984375
1 0.21321614583333334 0.468505859375 0.255859375 0.01904296875
1 0.21419270833333334 0.48779296875 0.2552083333333333 0.01953125
1 0.20930989583333334 0.508056640625 0.259765625 0.01708984375
1 0.20638020833333334 0.5283203125 0.2630208333333333 0.021484375
1 0.205078125 0.5478515625 0.2643229166666667 0.017578125
1 0.20377604166666666 0.5693359375 0.2643229166666667 0.0185546875
1 0.20182291666666666 0.588623046875 0.265625 0.02099609375
1 0.5087890625 0.499267578125 0.283203125 0.01220703125
1 0.5061848958333334 0.51953125 0.2819010416666667 0.017578125
1 0.5052083333333334 0.539794921875 0.2838541666666667 0.02001953125
1 0.5068359375 0.560546875 0.2805989583333333 0.0185546875
0 0.6865234375 0.509521484375 0.064453125 0.01708984375
1 0.7861328125 0.44873046875 0.2649739583333333 0.021484375
1 0.78515625 0.469970703125 0.26953125 0.02099609375
1 0.7854817708333334 0.489013671875 0.2727864583333333 0.01708984375
1 0.7900390625 0.50927734375 0.267578125 0.017578125
1 0.79296875 0.529296875 0.2734375 0.017578125
1 0.794921875 0.548828125 0.27734375 0.0185546875
1 0.7972005208333334 0.571533203125 0.2779947916666667 0.01904296875
1 0.7991536458333334 0.592529296875 0.2819010416666667 0.02392578125
1 0.8043619791666666 0.6162109375 0.2845052083333333 0.021484375
1 0.5032552083333334 0.777587890625 0.3125 0.02294921875
1 0.5052083333333334 0.802490234375 0.3216145833333333 0.02001953125
1 0.5061848958333334 0.826904296875 0.314453125 0.02294921875
1 0.5026041666666666 0.85107421875 0.3177083333333333 0.025390625
1 0.5052083333333334 0.8779296875 0.3190104166666667 0.021484375
1 0.5035807291666666 0.904052734375 0.3196614583333333 0.02294921875
2 0.3098958333333333 0.88134765625 0.040364583333333336 0.01953125
2 0.3069661458333333 0.907470703125 0.042317708333333336 0.02001953125
1 0.17578125 0.87744140625 0.30859375 0.02734375
1 0.17708333333333334 0.9052734375 0.3046875 0.0234375
0 0.7145182291666666 0.830078125 0.087890625 0.021484375
0 0.7242838541666666 0.857421875 0.10611979166666667 0.021484375
0 0.7213541666666666 0.882568359375 0.09375 0.02294921875
0 0.7578125 0.9091796875 0.16927083333333334 0.021484375
1 0.8291015625 0.82861328125 0.3274739583333333 0.021484375
1 0.8326822916666666 0.8583984375 0.32421875 0.01953125
1 0.8304036458333334 0.882080078125 0.3326822916666667 0.02392578125
1 0.8372395833333334 0.9130859375 0.3255208333333333 0.0263671875
