0 0.6417836293628121 0.356937248128958 0.13811948826232767 0.0222606025714834
2 0.7582908955409265 0.35789675686048744 0.04570860762638181 0.020341585108424487
0 0.6177493479070922 0.38361159086547686 0.09029934169668365 0.02494722701976588
2 0.7582908955409265 0.38207637689502977 0.04570860762638181 0.020341585108424487
0 0.6157620171407279 0.4565342544617156 0.08334368401440814 0.020341585108424487
2 0.7582908955409265 0.4565342544617156 0.04570860762638181 0.020341585108424487
0 0.596199229909328 0.4807138744962579 0.045211774934790706 0.021492995586259837
2 0.7582908955409265 0.4796584148915755 0.04570860762638181 0.01823066589905968
0 0.623525027946839 0.5031663788140472 0.09936653831822134 0.024179620034542316
2 0.7582908955409265 0.5027825753214354 0.04570860762638181 0.020341585108424487
0 0.603403303937399 0.5268662444828248 0.06135883741150168 0.020149683362118594
2 0.7582908955409265 0.5268662444828248 0.04570860762638181 0.020149683362118594
0 0.6157620171407279 0.5499904049126847 0.08607626381815923 0.018422567645365574
2 0.7582908955409265 0.5499904049126847 0.04570860762638181 0.018422567645365574
0 0.6183703887715811 0.574170024947227 0.08856042727611477 0.018422567645365574
2 0.7582908955409265 0.574170024947227 0.04570860762638181 0.018422567645365574
2 0.7582908955409265 0.5972941853770869 0.04570860762638181 0.020149683362118594
0 0.5942740032294125 0.5982536941086164 0.04310023599552851 0.01823066589905968
0 0.6472487889703142 0.6232968720015352 0.15451496708483417 0.024179620034542316
2 0.7597813936157 0.6220495106505469 0.04546019128058626 0.01823066589905968
1 0.6797292261830828 0.45682210708117443 0.2097876040243448 0.022452504317789293
1 0.6794187057508384 0.4796584148915755 0.21040864488883368 0.021301093839953943
1 0.6776797913302696 0.505277298023412 0.20568873431871817 0.02341201304931875
1 0.6776176872438207 0.528209556706966 0.2097876040243448 0.020149683362118594
1 0.6773071668115762 0.5517175206294377 0.2091665631598559 0.020341585108424487
1 0.6776797913302696 0.5730186144693916 0.21115389392622033 0.01803876415275379
1 0.677990311762514 0.5964306275187105 0.21053285306173147 0.020341585108424487
1 0.6773071668115762 0.6209940510458645 0.21314122469258479 0.028785261945883708
1 0.676313501428394 0.3581846094799463 0.21115389392622033 0.02782575321435425
1 0.6762513973419451 0.38591441182114755 0.2097876040243448 0.025714834004989445
