0 0.333994708994709 0.41443452380952384 0.3558201058201058 0.029265873015873016
0 0.29012345679012347 0.4459325396825397 0.2689594356261023 0.030257936507936508
2 0.6948853615520282 0.45101686507936506 0.09082892416225749 0.025049603174603176
0 0.31084656084656087 0.4782986111111111 0.30335097001763667 0.025049603174603176
0 0.3941798941798942 0.5333581349206349 0.46649029982363316 0.029513888888888888
0 0.2819664902998236 0.5654761904761905 0.23677248677248677 0.022321428571428572
2 0.6929012345679012 0.5864335317460317 0.09038800705467372 0.025049603174603176
0 0.32583774250440917 0.5954861111111112 0.32451499118165783 0.022321428571428572
0 0.3099647266313933 0.6268601190476191 0.2980599647266314 0.03149801587301587
0 0.3073192239858907 0.6837797619047619 0.28835978835978837 0.027777777777777776
0 0.36860670194003525 0.7142857142857143 0.41181657848324515 0.03273809523809524
2 0.6929012345679012 0.7204861111111112 0.09038800705467372 0.0248015873015873
0 0.3514109347442681 0.7451636904761905 0.37566137566137564 0.025049603174603176
1 0.45171957671957674 0.4444444444444444 0.5886243386243386 0.0873015873015873
1 0.45083774250440917 0.5792410714285714 0.5789241622574955 0.12822420634920634
1 0.4488536155202822 0.712921626984127 0.5749559082892416 0.08953373015873016
