2 0.4279100529100529 0.1892361111111111 0.09303350970017636 0.027777777777777776
0 0.6651234567901234 0.2292906746031746 0.14858906525573193 0.028521825396825396
2 0.8353174603174603 0.2322668650793651 0.0701058201058201 0.027529761904761904
0 0.2724867724867725 0.23350694444444445 0.21957671957671956 0.02554563492063492
0 0.6629188712522046 0.25830853174603174 0.14417989417989419 0.029017857142857144
0 0.2841710758377425 0.2612847222222222 0.24206349206349206 0.024553571428571428
0 0.3247354497354497 0.29030257936507936 0.32407407407407407 0.03050595238095238
0 0.6940035273368607 0.28918650793650796 0.20105820105820105 0.030257936507936508
0 0.683641975308642 0.3175843253968254 0.18562610229276896 0.03050595238095238
0 0.29828042328042326 0.31634424603174605 0.26499118165784835 0.023065476190476192
0 0.7358906525573192 0.34561011904761907 0.28835978835978837 0.03050595238095238
0 0.2751322751322751 0.35119047619047616 0.21428571428571427 0.023313492063492064
0 0.6732804232804233 0.37487599206349204 0.16049382716049382 0.028025793650793652
0 0.2876984126984127 0.3800843253968254 0.23412698412698413 0.021081349206349208
0 0.7021604938271605 0.40500992063492064 0.22178130511463845 0.02976190476190476
0 0.32848324514991184 0.40811011904761907 0.3165784832451499 0.029017857142857144
0 0.6929012345679012 0.43117559523809523 0.20326278659611993 0.028025793650793652
0 0.29541446208112876 0.43427579365079366 0.26455026455026454 0.020833333333333332
0 0.7231040564373897 0.46118551587301587 0.2583774250440917 0.030009920634920636
0 0.27028218694885364 0.47023809523809523 0.19576719576719576 0.022321428571428572
0 0.6662257495590829 0.4905753968253968 0.1437389770723104 0.02628968253968254
0 0.2843915343915344 0.4976438492063492 0.21869488536155202 0.022569444444444444
0 0.6697530864197531 0.5187251984126984 0.1419753086419753 0.025049603174603176
0 0.32275132275132273 0.525421626984127 0.2962962962962963 0.029513888888888888
0 0.6878306878306878 0.5446428571428571 0.18342151675485008 0.022321428571428572
0 0.3073192239858907 0.5496031746031746 0.2601410934744268 0.021825396825396824
0 0.6626984126984127 0.5746527777777778 0.13403880070546736 0.025297619047619048
0 0.25418871252204583 0.5890376984126984 0.15299823633156967 0.01984126984126984
2 0.857363315696649 0.6013144841269841 0.04894179894179894 0.01314484126984127
0 0.6999559082892416 0.6094990079365079 0.21208112874779542 0.03050595238095238
0 0.26587301587301587 0.6163194444444444 0.1763668430335097 0.01984126984126984
0 0.3037918871252205 0.6437251984126984 0.25485008818342153 0.029017857142857144
0 0.671957671957672 0.6405009920634921 0.14638447971781304 0.021081349206349208
2 0.826058201058201 0.6501736111111112 0.051587301587301584 0.019593253968253968
0 0.6730599647266314 0.6682787698412699 0.15476190476190477 0.028521825396825396
0 0.2934303350970018 0.6705109126984127 0.23500881834215168 0.02554563492063492
1 0.333994708994709 0.4314236111111111 0.34523809523809523 0.5101686507936508
1 0.7385361552028219 0.39967757936507936 0.2874779541446208 0.3707837301587302
1 0.7422839506172839 0.6083829365079365 0.2914462081128748 0.029265873015873016
1 0.7279541446208113 0.6557539682539683 0.25308641975308643 0.050595238095238096
2 0.4759700176366843 0.667906746031746 0.0701058201058201 0.022321428571428572
2 0.4742063492063492 0.5500992063492064 0.062169312169312166 0.020337301587301588
1 0.3445767195767196 0.6706349206349206 0.3373015873015873 0.02628968253968254
2 0.47200176366843033 0.4347718253968254 0.062169312169312166 0.020337301587301588
2 0.4671516754850088 0.3169642857142857 0.062169312169312166 0.020337301587301588
1 0.3306878306878307 0.3160962301587302 0.335978835978836 0.023561507936507936
1 0.333994708994709 0.4340277777777778 0.3443562610229277 0.022321428571428572
1 0.34523809523809523 0.550719246031746 0.3421516754850088 0.0220734126984127
