0 0.8671875 0.14048239895697523 0.044921875 0.031942633637548894
2 0.63818359375 0.21544980443285527 0.03125 0.018904823989569754
0 0.453857421875 0.2033898305084746 0.11181640625 0.02346805736636245
0 0.435791015625 0.24804432855280312 0.07470703125 0.02803129074315515
2 0.638427734375 0.2633637548891786 0.03076171875 0.01694915254237288
0 0.429931640625 0.2838983050847458 0.06982421875 0.02151238591916558
2 0.63818359375 0.29465449804432853 0.0224609375 0.01303780964797914
0 0.433837890625 0.31747066492829207 0.07861328125 0.02346805736636245
2 0.63916015625 0.32757496740547587 0.0263671875 0.016297262059973925
0 0.42822265625 0.34778357235984353 0.0693359375 0.025423728813559324
2 0.63720703125 0.3601694915254237 0.025390625 0.017601043024771838
2 0.636962890625 0.3924380704041721 0.02001953125 0.01955671447196871
0 0.428466796875 0.38005215123859193 0.08251953125 0.02216427640156454
0 0.424560546875 0.4299217731421121 0.06689453125 0.024119947848761408
2 0.636962890625 0.4410039113428944 0.02001953125 0.016297262059973925
2 0.919921875 0.45827900912646674 0.021484375 0.018252933507170794
0 0.693115234375 0.44621903520208606 0.03076171875 0.020208604954367666
2 0.35009765625 0.4494784876140808 0.0263671875 0.018904823989569754
0 0.40869140625 0.46121251629726207 0.0400390625 0.02151238591916558
2 0.640625 0.4742503259452412 0.0166015625 0.017601043024771838
2 0.920654296875 0.48891786179921776 0.02099609375 0.020860495436766623
0 0.699951171875 0.4788135593220339 0.04931640625 0.022816166883963495
0 0.126708984375 0.43318122555410693 0.06689453125 0.025423728813559324
0 0.4111328125 0.4957627118644068 0.0419921875 0.022816166883963495
2 0.6396484375 0.5055410691003911 0.017578125 0.02151238591916558
2 0.922119140625 0.5228161668839635 0.02392578125 0.01955671447196871
0 0.70166015625 0.5110821382007823 0.05078125 0.02346805736636245
0 0.15673828125 0.5065189048239895 0.134765625 0.02216427640156454
2 0.3466796875 0.5172750977835724 0.0302734375 0.018904823989569754
0 0.410888671875 0.5290091264667536 0.04150390625 0.020208604954367666
2 0.63623046875 0.538135593220339 0.021484375 0.016297262059973925
0 0.7275390625 0.5446544980443285 0.099609375 0.031942633637548894
2 0.924072265625 0.5580182529335072 0.02490234375 0.02346805736636245
2 0.635986328125 0.5720338983050848 0.02001953125 0.016297262059973925
0 0.43603515625 0.5622555410691004 0.0947265625 0.025423728813559324
0 0.710205078125 0.5958279009126467 0.06298828125 0.027379400260756193
2 0.9248046875 0.6069100391134289 0.0244140625 0.01955671447196871
2 0.3427734375 0.5818122555410691 0.0302734375 0.020208604954367666
2 0.631591796875 0.6046284224250326 0.02099609375 0.016297262059973925
0 0.138427734375 0.5730117340286832 0.11669921875 0.02607561929595828
0 0.4091796875 0.5935462842242504 0.0478515625 0.016297262059973925
0 0.75341796875 0.6310299869621904 0.158203125 0.03129074315514994
2 0.92333984375 0.6401564537157758 0.021484375 0.018252933507170794
0 0.694091796875 0.6978487614080835 0.03173828125 0.024119947848761408
2 0.92724609375 0.7105606258148631 0.0224609375 0.018252933507170794
0 0.4482421875 0.7161016949152542 0.134765625 0.026727509778357236
0 0.635009765625 0.7268578878748371 0.02392578125 0.01694915254237288
0 0.702880859375 0.733702737940026 0.05712890625 0.025423728813559324
2 0.92822265625 0.7477183833116037 0.0244140625 0.020860495436766623
0 0.4501953125 0.7519556714471969 0.1416015625 0.026727509778357236
0 0.63525390625 0.7630378096479792 0.0244140625 0.017601043024771838
0 0.695556640625 0.7685788787483703 0.03564453125 0.02346805736636245
2 0.929443359375 0.7816166883963495 0.02392578125 0.01955671447196871
0 0.428466796875 0.7891134289439374 0.10400390625 0.02803129074315515
0 0.634765625 0.7975880052151239 0.0224609375 0.017601043024771838
0 0.692138671875 0.8044328552803129 0.03369140625 0.027379400260756193
2 0.93017578125 0.8168187744458931 0.0224609375 0.02346805736636245
0 0.702880859375 0.839960886571056 0.05712890625 0.024119947848761408
2 0.93115234375 0.8546284224250326 0.0234375 0.02216427640156454
1 0.52587890625 0.20697522816166883 0.2529296875 0.037157757496740544
1 0.524169921875 0.25358539765319427 0.25830078125 0.035202086049543675
1 0.523193359375 0.2861799217731421 0.25537109375 0.03129074315514994
1 0.5234375 0.31910039113428945 0.2626953125 0.026727509778357236
1 0.5234375 0.3539765319426336 0.2626953125 0.03389830508474576
1 0.51806640625 0.38722294654498046 0.2578125 0.04302477183833116
1 0.51904296875 0.43415906127770537 0.2587890625 0.03389830508474576
1 0.51953125 0.4664276401564537 0.2626953125 0.031942633637548894
1 0.518798828125 0.5016297262059974 0.25927734375 0.03455019556714472
1 0.518798828125 0.5335723598435462 0.26416015625 0.031942633637548894
1 0.51953125 0.5658409387222947 0.259765625 0.03650586701434159
1 0.515625 0.6003911342894394 0.2607421875 0.03129074315514994
1 0.515869140625 0.7183833116036505 0.27001953125 0.03650586701434159
1 0.51416015625 0.7542372881355932 0.271484375 0.03911342894393742
1 0.511962890625 0.7891134289439374 0.26806640625 0.03455019556714472
1 0.228515625 0.44132985658409385 0.2744140625 0.041720990873533245
1 0.225830078125 0.5136897001303781 0.27880859375 0.03780964797913951
1 0.218505859375 0.5743155149934811 0.28173828125 0.03389830508474576
1 0.804931640625 0.45273794002607565 0.25537109375 0.033246414602346806
1 0.8046875 0.48402868318122555 0.2578125 0.033246414602346806
1 0.806396484375 0.516297262059974 0.26025390625 0.03650586701434159
1 0.80810546875 0.5518252933507171 0.2646484375 0.0423728813559322
1 0.807373046875 0.6016949152542372 0.26123046875 0.028683181225554105
1 0.80517578125 0.6333116036505867 0.2578125 0.039765319426336376
1 0.80859375 0.7066492829204694 0.267578125 0.03650586701434159
1 0.80712890625 0.7382659713168188 0.2666015625 0.033246414602346806
1 0.809326171875 0.7731421121251629 0.26904296875 0.03650586701434159
1 0.809814453125 0.8116036505867015 0.26806640625 0.03389830508474576
1 0.8095703125 0.8477835723598436 0.26953125 0.03585397653194263
