2 0.614013671875 0.17242503259452413 0.02392578125 0.016297262059973925
0 0.488525390625 0.17926988265971316 0.22314453125 0.01955671447196871
0 0.473876953125 0.2105606258148631 0.19384765625 0.02346805736636245
0 0.475341796875 0.24348109517601044 0.19677734375 0.022816166883963495
2 0.614501953125 0.2861799217731421 0.03173828125 0.018252933507170794
0 0.434326171875 0.27672750977835725 0.11181640625 0.020208604954367666
2 0.328857421875 0.3438722294654498 0.03271484375 0.018904823989569754
0 0.119384765625 0.3347457627118644 0.07373046875 0.02151238591916558
2 0.334228515625 0.39015645371577573 0.03271484375 0.020208604954367666
0 0.142822265625 0.3878748370273794 0.12353515625 0.020860495436766623
2 0.610107421875 0.4064537157757497 0.02392578125 0.018904823989569754
0 0.426025390625 0.40808344198174706 0.09521484375 0.018252933507170794
2 0.92138671875 0.4071056062581486 0.0263671875 0.016297262059973925
0 0.6806640625 0.41166883963494133 0.052734375 0.018904823989569754
2 0.6103515625 0.43970013037809647 0.0244140625 0.018904823989569754
0 0.4345703125 0.439374185136897 0.1123046875 0.018252933507170794
2 0.3349609375 0.4530638852672751 0.0302734375 0.018252933507170794
2 0.9228515625 0.4592568448500652 0.0263671875 0.016297262059973925
0 0.4375 0.47164276401564537 0.119140625 0.02151238591916558
2 0.61083984375 0.4703389830508475 0.025390625 0.017601043024771838
0 0.138427734375 0.45436766623207303 0.11376953125 0.02346805736636245
0 0.677978515625 0.46447196870925683 0.05029296875 0.01499348109517601
2 0.61083984375 0.5026075619295959 0.0302734375 0.01955671447196871
0 0.443603515625 0.5029335071707953 0.12841796875 0.017601043024771838
2 0.33740234375 0.5179269882659713 0.033203125 0.017601043024771838
2 0.924072265625 0.5280312907431551 0.03466796875 0.018252933507170794
2 0.610595703125 0.5338983050847458 0.03173828125 0.018252933507170794
0 0.4443359375 0.5348761408083442 0.1318359375 0.017601043024771838
0 0.141357421875 0.522490221642764 0.12255859375 0.029335071707953065
0 0.68212890625 0.529986962190352 0.0537109375 0.02216427640156454
0 0.445556640625 0.5661668839634941 0.13525390625 0.022816166883963495
2 0.611572265625 0.5655149934810951 0.03173828125 0.017601043024771838
2 0.336669921875 0.5853976531942634 0.03173828125 0.018252933507170794
0 0.709716796875 0.5948500651890483 0.10888671875 0.020208604954367666
0 0.429443359375 0.5990873533246415 0.10205078125 0.018252933507170794
2 0.925537109375 0.5977835723598436 0.02685546875 0.01955671447196871
2 0.611328125 0.6023468057366362 0.0263671875 0.020860495436766623
0 0.16943359375 0.5896349413298566 0.1796875 0.022816166883963495
0 0.7080078125 0.6294002607561929 0.10546875 0.022816166883963495
0 0.42724609375 0.6303780964797914 0.095703125 0.020860495436766623
2 0.339111328125 0.6349413298565841 0.03076171875 0.01955671447196871
2 0.611328125 0.6339634941329857 0.0263671875 0.017601043024771838
2 0.927978515625 0.6342894393741851 0.02880859375 0.018252933507170794
0 0.151123046875 0.6411342894393742 0.14306640625 0.022816166883963495
0 0.4365234375 0.6623207301173403 0.1142578125 0.020860495436766623
0 0.697509765625 0.6639504563233377 0.08154296875 0.018904823989569754
2 0.61279296875 0.6665580182529335 0.0263671875 0.018904823989569754
2 0.927001953125 0.6704693611473272 0.02392578125 0.02151238591916558
2 0.336181640625 0.6844850065189049 0.03271484375 0.018252933507170794
0 0.4228515625 0.6952411994784876 0.08984375 0.022816166883963495
2 0.614013671875 0.6971968709256845 0.02587890625 0.018904823989569754
0 0.16259765625 0.6942633637548892 0.166015625 0.028683181225554105
2 0.61279296875 0.7320730117340287 0.03125 0.01955671447196871
0 0.451904296875 0.728161668839635 0.14501953125 0.02216427640156454
1 0.213134765625 0.33735332464146023 0.26806640625 0.03585397653194263
1 0.215576171875 0.38689700130378096 0.27099609375 0.025423728813559324
1 0.214111328125 0.45371577574967403 0.27001953125 0.02607561929595828
1 0.217041015625 0.5211864406779662 0.27685546875 0.02803129074315515
1 0.218017578125 0.5876792698826597 0.27587890625 0.026727509778357236
1 0.216796875 0.6382007822685789 0.2783203125 0.02346805736636245
1 0.216552734375 0.6916558018252934 0.27490234375 0.035202086049543675
2 0.6142578125 0.2076271186440678 0.0263671875 0.02151238591916558
2 0.615234375 0.24022164276401564 0.029296875 0.016297262059973925
2 0.502685546875 0.17829204693611472 0.25146484375 0.024119947848761408
2 0.502197265625 0.21316818774445892 0.25537109375 0.02998696219035202
2 0.50439453125 0.24185136897001303 0.2529296875 0.02607561929595828
2 0.50341796875 0.28292046936114734 0.2568359375 0.03259452411994785
1 0.501220703125 0.4067796610169492 0.24658203125 0.018252933507170794
1 0.50146484375 0.44002607561929596 0.2470703125 0.024771838331160364
1 0.501953125 0.4706649282920469 0.2451171875 0.02346805736636245
1 0.50244140625 0.5042372881355932 0.2490234375 0.024119947848761408
1 0.5029296875 0.5345501955671447 0.2490234375 0.01955671447196871
1 0.5029296875 0.5661668839634941 0.2490234375 0.024119947848761408
1 0.503173828125 0.598109517601043 0.24755859375 0.030638852672750978
1 0.50244140625 0.6323337679269883 0.2490234375 0.028683181225554105
1 0.502197265625 0.6665580182529335 0.24755859375 0.024119947848761408
1 0.501953125 0.6971968709256845 0.25 0.025423728813559324
1 0.5048828125 0.7297913950456323 0.248046875 0.020208604954367666
1 0.79345703125 0.41166883963494133 0.2841796875 0.02151238591916558
1 0.79443359375 0.46251629726205995 0.28515625 0.022816166883963495
1 0.79833984375 0.529986962190352 0.2890625 0.02216427640156454
1 0.79931640625 0.5961538461538461 0.287109375 0.026727509778357236
1 0.800537109375 0.6300521512385919 0.29443359375 0.026727509778357236
1 0.798583984375 0.6681877444589309 0.28271484375 0.03259452411994785