0 0.19389312977099238 0.303125 0.26564885496183205 0.027083333333333334
2 0.4763358778625954 0.3067708333333333 0.05801526717557252 0.023958333333333335
2 0.9015267175572519 0.3109375 0.05648854961832061 0.023958333333333335
0 0.17786259541984734 0.3307291666666667 0.22748091603053436 0.026041666666666668
2 0.4816793893129771 0.3333333333333333 0.06259541984732825 0.022916666666666665
2 0.9007633587786259 0.3380208333333333 0.051908396946564885 0.028125
0 0.17786259541984734 0.35625 0.233587786259542 0.03125
2 0.48396946564885496 0.35989583333333336 0.05801526717557252 0.023958333333333335
0 0.6274809160305344 0.31197916666666664 0.18931297709923664 0.021875
0 0.2381679389312977 0.3859375 0.3511450381679389 0.028125
2 0.4854961832061069 0.38645833333333335 0.05801526717557252 0.020833333333333332
2 0.9022900763358779 0.39114583333333336 0.051908396946564885 0.023958333333333335
0 0.18702290076335878 0.4119791666666667 0.24885496183206107 0.030208333333333334
2 0.4847328244274809 0.41458333333333336 0.059541984732824425 0.025
2 0.9 0.41822916666666665 0.05343511450381679 0.021875
0 0.20305343511450383 0.4375 0.2778625954198473 0.029166666666666667
2 0.4862595419847328 0.4401041666666667 0.05648854961832061 0.021875
2 0.9030534351145039 0.44583333333333336 0.05343511450381679 0.020833333333333332
0 0.20305343511450383 0.4661458333333333 0.2778625954198473 0.030208333333333334
2 0.4862595419847328 0.46770833333333334 0.05648854961832061 0.022916666666666665
0 0.2099236641221374 0.49375 0.2916030534351145 0.027083333333333334
2 0.48396946564885496 0.4942708333333333 0.051908396946564885 0.026041666666666668
0 0.6641221374045801 0.5130208333333334 0.2595419847328244 0.028125
2 0.8931297709923665 0.5140625 0.0549618320610687 0.023958333333333335
2 0.4870229007633588 0.5213541666666667 0.05801526717557252 0.026041666666666668
0 0.2015267175572519 0.5203125 0.2778625954198473 0.028125
0 0.6648854961832061 0.5427083333333333 0.26106870229007634 0.029166666666666667
2 0.8938931297709923 0.54375 0.05343511450381679 0.022916666666666665
2 0.4862595419847328 0.5463541666666667 0.04732824427480916 0.023958333333333335
0 0.15419847328244274 0.5479166666666667 0.1801526717557252 0.022916666666666665
2 0.8946564885496183 0.5697916666666667 0.061068702290076333 0.025
0 0.6450381679389313 0.5671875 0.2152671755725191 0.023958333333333335
2 0.4862595419847328 0.5765625 0.05343511450381679 0.021875
0 0.14580152671755725 0.5760416666666667 0.15419847328244274 0.027083333333333334
2 0.9015267175572519 0.5973958333333333 0.05648854961832061 0.028125
0 0.6183206106870229 0.5958333333333333 0.1618320610687023 0.025
0 0.9030534351145039 0.6286458333333333 0.05343511450381679 0.028125
0 0.6366412213740458 0.625 0.19541984732824427 0.025
2 0.46412213740458014 0.6447916666666667 0.0732824427480916 0.020833333333333332
0 0.15954198473282444 0.6458333333333334 0.20305343511450383 0.027083333333333334
2 0.9045801526717557 0.6552083333333333 0.05648854961832061 0.027083333333333334
0 0.6419847328244275 0.653125 0.20610687022900764 0.022916666666666665
2 0.4717557251908397 0.6713541666666667 0.05801526717557252 0.023958333333333335
0 0.12595419847328243 0.6729166666666667 0.13282442748091602 0.025
2 0.9091603053435114 0.6848958333333334 0.05648854961832061 0.028125
0 0.6519083969465649 0.6833333333333333 0.22595419847328244 0.025
2 0.4687022900763359 0.6994791666666667 0.051908396946564885 0.021875
0 0.15572519083969466 0.6989583333333333 0.18931297709923664 0.022916666666666665
2 0.9053435114503817 0.715625 0.04885496183206107 0.025
0 0.667175572519084 0.7135416666666666 0.2564885496183206 0.029166666666666667
2 0.466412213740458 0.7276041666666667 0.050381679389312976 0.023958333333333335
0 0.1282442748091603 0.7296875 0.13435114503816795 0.028125
2 0.4679389312977099 0.7552083333333334 0.05343511450381679 0.022916666666666665
0 0.15419847328244274 0.7541666666666667 0.18625954198473282 0.027083333333333334
2 0.4679389312977099 0.7822916666666667 0.05648854961832061 0.025
0 0.13816793893129772 0.7833333333333333 0.15419847328244274 0.027083333333333334
2 0.8977099236641222 0.7942708333333334 0.0732824427480916 0.021875
0 0.6122137404580152 0.7890625 0.16793893129770993 0.026041666666666668
2 0.46946564885496184 0.8098958333333334 0.05648854961832061 0.021875
0 0.1465648854961832 0.8119791666666667 0.1801526717557252 0.026041666666666668
2 0.898473282442748 0.8213541666666667 0.07480916030534351 0.021875
0 0.5885496183206107 0.8197916666666667 0.1297709923664122 0.020833333333333332
2 0.46564885496183206 0.8369791666666667 0.05801526717557252 0.021875
0 0.18244274809160305 0.8390625 0.24885496183206107 0.028125
2 0.8969465648854962 0.8473958333333333 0.06870229007633588 0.021875
0 0.5916030534351145 0.8453125 0.13893129770992366 0.026041666666666668
2 0.467175572519084 0.8645833333333334 0.061068702290076333 0.025
0 0.19389312977099238 0.86875 0.2717557251908397 0.029166666666666667
0 0.5862595419847328 0.8739583333333333 0.12213740458015267 0.022916666666666665
2 0.8969465648854962 0.8755208333333333 0.06870229007633588 0.021875
0 0.21145038167938932 0.8958333333333334 0.3068702290076336 0.029166666666666667
2 0.9 0.9046875 0.07480916030534351 0.021875
0 0.6129770992366412 0.9015625 0.166412213740458 0.023958333333333335
0 0.6312977099236641 0.9291666666666667 0.21221374045801528 0.03125
2 0.899236641221374 0.9328125 0.0732824427480916 0.021875
1 0.2870229007633588 0.30364583333333334 0.45190839694656487 0.030208333333333334
1 0.2900763358778626 0.3296875 0.4549618320610687 0.026041666666666668
1 0.2877862595419847 0.35520833333333335 0.45038167938931295 0.027083333333333334
1 0.2916030534351145 0.38229166666666664 0.4549618320610687 0.029166666666666667
1 0.28549618320610687 0.41041666666666665 0.4488549618320611 0.029166666666666667
1 0.2916030534351145 0.4119791666666667 0.45190839694656487 0.026041666666666668
1 0.2900763358778626 0.43854166666666666 0.4549618320610687 0.03333333333333333
1 0.28931297709923665 0.4713541666666667 0.44732824427480916 0.030208333333333334
1 0.28931297709923665 0.496875 0.4534351145038168 0.027083333333333334
1 0.2877862595419847 0.5208333333333334 0.4534351145038168 0.025
1 0.2885496183206107 0.5479166666666667 0.45190839694656487 0.025
1 0.2877862595419847 0.5744791666666667 0.45038167938931295 0.030208333333333334
0 0.6564885496183206 0.3385416666666667 0.2534351145038168 0.027083333333333334
0 0.6129770992366412 0.36354166666666665 0.17251908396946564 0.03125
0 0.6458015267175573 0.39166666666666666 0.23511450381679388 0.029166666666666667
0 0.6282442748091603 0.4197916666666667 0.2 0.03125
0 0.6687022900763359 0.44479166666666664 0.28091603053435116 0.03333333333333333
1 0.73206106870229 0.31354166666666666 0.40458015267175573 0.029166666666666667
1 0.732824427480916 0.33697916666666666 0.4122137404580153 0.026041666666666668
1 0.7274809160305343 0.365625 0.4076335877862595 0.029166666666666667
1 0.7305343511450382 0.39166666666666666 0.4076335877862595 0.027083333333333334
1 0.7305343511450382 0.41770833333333335 0.41374045801526715 0.027083333333333334
1 0.7305343511450382 0.4453125 0.4076335877862595 0.026041666666666668
1 0.7297709923664122 0.5125 0.39083969465648855 0.025
1 0.7305343511450382 0.5432291666666667 0.39236641221374047 0.030208333333333334
1 0.7305343511450382 0.5697916666666667 0.39236641221374047 0.027083333333333334
1 0.7351145038167939 0.5984375 0.39541984732824426 0.030208333333333334
1 0.7351145038167939 0.6265625 0.39236641221374047 0.030208333333333334
1 0.7389312977099237 0.6552083333333333 0.4 0.029166666666666667
1 0.7473282442748092 0.678125 0.39541984732824426 0.027083333333333334
1 0.7366412213740458 0.7119791666666667 0.4015267175572519 0.028125
1 0.7305343511450382 0.790625 0.39541984732824426 0.029166666666666667
1 0.7297709923664122 0.8208333333333333 0.3969465648854962 0.025
1 0.7297709923664122 0.8453125 0.40610687022900765 0.026041666666666668
1 0.7290076335877863 0.8734375 0.4015267175572519 0.028125
1 0.7312977099236642 0.9015625 0.40610687022900765 0.028125
1 0.733587786259542 0.9322916666666666 0.4015267175572519 0.025
1 0.27938931297709924 0.646875 0.44274809160305345 0.025
1 0.2786259541984733 0.6708333333333333 0.44122137404580153 0.022916666666666665
1 0.2778625954198473 0.6994791666666667 0.433587786259542 0.028125
1 0.27633587786259545 0.7265625 0.4366412213740458 0.023958333333333335
1 0.2748091603053435 0.7557291666666667 0.4305343511450382 0.026041666666666668
1 0.27251908396946567 0.7828125 0.4351145038167939 0.026041666666666668
1 0.27404580152671754 0.8104166666666667 0.44732824427480916 0.027083333333333334
1 0.2770992366412214 0.8395833333333333 0.44122137404580153 0.022916666666666665
1 0.2778625954198473 0.8645833333333334 0.4396946564885496 0.025
