0 0.5621468926553672 0.45135027799841143 0.17231638418079095 0.018665607625099286
0 0.20903954802259886 0.45452740270055597 0.12994350282485875 0.021048451151707705
0 0.2055084745762712 0.4801429706115965 0.11864406779661017 0.021445591739475776
0 0.5688559322033898 0.48212867355043687 0.18149717514124294 0.019857029388403495
0 0.2040960451977401 0.5063542494042891 0.11581920903954802 0.021445591739475776
0 0.5741525423728814 0.5133042096902304 0.18926553672316385 0.021048451151707705
0 0.2122175141242938 0.5325655281969818 0.12782485875706215 0.023034154090548053
0 0.565677966101695 0.545671167593328 0.1652542372881356 0.019857029388403495
0 0.2432909604519774 0.5593725178713265 0.18714689265536724 0.028196981731532962
0 0.5886299435028248 0.6296664019062749 0.1772598870056497 0.02660841938046068
0 0.22139830508474576 0.6413820492454329 0.1461864406779661 0.023034154090548053
0 0.5850988700564972 0.659650516282764 0.16596045197740114 0.026211278792692614
0 0.2111581920903955 0.6711675933280381 0.12146892655367232 0.021445591739475776
0 0.5999293785310734 0.6900317712470214 0.1899717514124294 0.023431294678316124
0 0.2252824858757062 0.7011517077045274 0.1497175141242938 0.024225575853852262
0 0.5741525423728814 0.721405877680699 0.134180790960452 0.024225575853852262
0 0.22492937853107345 0.7323272438443209 0.14477401129943504 0.025416997617156472
