0 0.20679012345679013 0.30493551587301587 0.15784832451499117 0.024057539682539684
2 0.5831128747795414 0.30617559523809523 0.06569664902998236 0.020089285714285716
0 0.19157848324514992 0.3332093253968254 0.1300705467372134 0.021081349206349208
2 0.5804673721340388 0.33407738095238093 0.05952380952380952 0.01984126984126984
0 0.1986331569664903 0.36235119047619047 0.1626984126984127 0.022321428571428572
2 0.580026455026455 0.3647073412698413 0.05952380952380952 0.02058531746031746
0 0.23059964726631393 0.392609126984127 0.22134038800705466 0.022321428571428572
2 0.5831128747795414 0.39347718253968256 0.06569664902998236 0.020089285714285716
0 0.19135802469135801 0.4212549603174603 0.13227513227513227 0.024057539682539684
2 0.580026455026455 0.421875 0.05952380952380952 0.020833333333333332
0 0.14770723104056438 0.44841269841269843 0.042328042328042326 0.01984126984126984
2 0.5791446208112875 0.4507688492063492 0.057760141093474424 0.020089285714285716
0 0.17328042328042328 0.4802827380952381 0.10229276895943562 0.018601190476190476
2 0.578042328042328 0.48040674603174605 0.06790123456790123 0.023313492063492064
0 0.1593915343915344 0.5074404761904762 0.0701058201058201 0.02132936507936508
2 0.5771604938271605 0.5095486111111112 0.06261022927689594 0.01711309523809524
0 0.1662257495590829 0.5369543650793651 0.0837742504409171 0.01984126984126984
2 0.5784832451499118 0.5375744047619048 0.07054673721340388 0.021081349206349208
0 0.16732804232804233 0.5654761904761905 0.08156966490299823 0.022321428571428572
2 0.5789241622574955 0.5675843253968254 0.06613756613756613 0.021081349206349208
0 0.2345679012345679 0.5958581349206349 0.22134038800705466 0.022569444444444444
2 0.5813492063492064 0.5964781746031746 0.07627865961199294 0.020337301587301588
0 0.29475308641975306 0.6242559523809523 0.3373015873015873 0.0248015873015873
2 0.576058201058201 0.6273561507936508 0.0701058201058201 0.018601190476190476
0 0.2054673721340388 0.6521577380952381 0.15784832451499117 0.023561507936507936
2 0.5769400352733686 0.6553819444444444 0.062169312169312166 0.019593253968253968
0 0.20679012345679013 0.6800595238095238 0.16049382716049382 0.022321428571428572
2 0.57826278659612 0.6846478174603174 0.0701058201058201 0.018601190476190476
1 0.37037037037037035 0.30431547619047616 0.4982363315696649 0.0248015873015873
1 0.3666225749559083 0.3333333333333333 0.49867724867724866 0.0248015873015873
1 0.3655202821869489 0.3619791666666667 0.4964726631393298 0.023561507936507936
1 0.36860670194003525 0.365203373015873 0.4947089947089947 0.021577380952380952
1 0.36067019400352734 0.39112103174603174 0.4947089947089947 0.025793650793650792
1 0.36750440917107585 0.42224702380952384 0.48897707231040566 0.021577380952380952
1 0.36353615520282184 0.4497767857142857 0.49250440917107585 0.02703373015873016
1 0.3664021164021164 0.4810267857142857 0.48677248677248675 0.022569444444444444
1 0.36750440917107585 0.5085565476190477 0.48897707231040566 0.026041666666666668
1 0.3626543209876543 0.5398065476190477 0.49074074074074076 0.028025793650793652
1 0.36948853615520283 0.5668402777777778 0.4964726631393298 0.028025793650793652
1 0.3712522045855379 0.5948660714285714 0.4964726631393298 0.021577380952380952
1 0.3683862433862434 0.6251240079365079 0.48721340388007056 0.028025793650793652
1 0.37610229276895946 0.6547619047619048 0.4982363315696649 0.0248015873015873
1 0.37037037037037035 0.6812996031746031 0.4911816578483245 0.025793650793650792
