0 0.7854938271604939 0.04079861111111111 0.040123456790123455 0.009176587301587302
0 0.18253968253968253 0.33779761904761907 0.1455026455026455 0.026785714285714284
2 0.6490299823633157 0.337921626984127 0.06349206349206349 0.021081349206349208
0 0.31216931216931215 0.3742559523809524 0.4038800705467372 0.025297619047619048
2 0.6461640211640212 0.37462797619047616 0.057760141093474424 0.021081349206349208
0 0.20789241622574955 0.4114583333333333 0.19973544973544974 0.024305555555555556
2 0.6419753086419753 0.40935019841269843 0.06261022927689594 0.023561507936507936
0 0.22971781305114639 0.4490327380952381 0.24074074074074073 0.02554563492063492
2 0.6494708994708994 0.44853670634920634 0.059964726631393295 0.024057539682539684
0 0.25418871252204583 0.4861111111111111 0.2914462081128748 0.025793650793650792
0 0.16159611992945327 0.5213293650793651 0.10714285714285714 0.022321428571428572
2 0.6494708994708994 0.5221974206349206 0.059082892416225746 0.02058531746031746
0 0.22971781305114639 0.5600198412698413 0.24867724867724866 0.027777777777777776
2 0.650352733686067 0.5593998015873016 0.06084656084656084 0.021577380952380952
0 0.24029982363315697 0.5951140873015873 0.2698412698412698 0.026041666666666668
2 0.6510141093474426 0.5970982142857143 0.06746031746031746 0.021577380952380952
0 0.2740299823633157 0.6319444444444444 0.3408289241622575 0.0248015873015873
2 0.652336860670194 0.6349206349206349 0.06481481481481481 0.021825396825396824
0 0.26587301587301587 0.6736111111111112 0.32451499118165783 0.01984126984126984
2 0.6525573192239859 0.6753472222222222 0.07407407407407407 0.022817460317460316
0 0.19554673721340388 0.7104414682539683 0.19444444444444445 0.029513888888888888
2 0.6536596119929453 0.7140376984126984 0.06746031746031746 0.01984126984126984
2 0.6512345679012346 0.48648313492063494 0.07054673721340388 0.02058531746031746
1 0.39616402116402116 0.3366815476190476 0.5806878306878307 0.02703373015873016
1 0.3915343915343915 0.3743799603174603 0.5749559082892416 0.02703373015873016
1 0.3932980599647266 0.41220238095238093 0.5749559082892416 0.0248015873015873
1 0.3941798941798942 0.44717261904761907 0.5731922398589065 0.025793650793650792
1 0.4001322751322751 0.484375 0.5886243386243386 0.029265873015873016
1 0.39638447971781304 0.5220734126984127 0.5846560846560847 0.026785714285714284
1 0.3959435626102293 0.5593998015873016 0.5767195767195767 0.026041666666666668
1 0.3924162257495591 0.5969742063492064 0.5881834215167548 0.030257936507936508
1 0.39440035273368607 0.6320684523809523 0.5921516754850088 0.03149801587301587
1 0.39704585537918874 0.6746031746031746 0.5903880070546738 0.025793650793650792
1 0.3990299823633157 0.712921626984127 0.5978835978835979 0.029017857142857144
