0 0.1642120765832106 0.22760416666666666 0.2547864506627393 0.023958333333333335
2 0.38144329896907214 0.225 0.055964653902798235 0.020833333333333332
0 0.15022091310751104 0.25416666666666665 0.2268041237113402 0.020833333333333332
2 0.38365243004418265 0.25416666666666665 0.060382916053019146 0.020833333333333332
0 0.08689248895434462 0.2838541666666667 0.10309278350515463 0.019791666666666666
2 0.3807069219440353 0.2838541666666667 0.054491899852724596 0.019791666666666666
0 0.09057437407952872 0.31302083333333336 0.101620029455081 0.019791666666666666
2 0.3807069219440353 0.31354166666666666 0.054491899852724596 0.020833333333333332
0 0.10088365243004419 0.34375 0.13107511045655376 0.020833333333333332
2 0.3799705449189985 0.34270833333333334 0.050073637702503684 0.01875
0 0.10235640648011782 0.3723958333333333 0.12812960235640647 0.019791666666666666
2 0.9042709867452136 0.38177083333333334 0.06774668630338733 0.015625
2 0.5574374079528719 0.38229166666666664 0.0662739322533137 0.014583333333333334
2 0.7334315169366715 0.38229166666666664 0.06774668630338733 0.014583333333333334
2 0.38144329896907214 0.4010416666666667 0.05891016200294551 0.022916666666666665
0 0.1332842415316642 0.40208333333333335 0.187039764359352 0.020833333333333332
0 0.13033873343151695 0.4322916666666667 0.18114874815905743 0.022916666666666665
2 0.3799705449189985 0.43125 0.053019145802650956 0.020833333333333332
0 0.18114874815905743 0.49114583333333334 0.20029455081001474 0.028125
2 0.41458026509572904 0.49166666666666664 0.030927835051546393 0.01875
0 0.17010309278350516 0.5130208333333334 0.18114874815905743 0.026041666666666668
2 0.41531664212076586 0.5109375 0.03240058910162003 0.019791666666666666
0 0.9020618556701031 0.5223958333333333 0.12812960235640647 0.017708333333333333
0 0.5552282768777614 0.5317708333333333 0.15316642120765833 0.03229166666666667
0 0.7297496318114874 0.5244791666666667 0.1487481590574374 0.017708333333333333
0 0.14653902798232696 0.5328125 0.13107511045655376 0.021875
2 0.41531664212076586 0.5317708333333333 0.03240058910162003 0.019791666666666666
2 0.7304860088365243 0.5416666666666666 0.05891016200294551 0.016666666666666666
0 0.13549337260677466 0.5515625 0.10603829160530191 0.017708333333333333
2 0.41458026509572904 0.5510416666666667 0.030927835051546393 0.016666666666666666
2 0.5567010309278351 0.5541666666666667 0.06774668630338733 0.016666666666666666
0 0.13843888070692195 0.5729166666666666 0.11782032400589101 0.020833333333333332
2 0.41531664212076586 0.5734375 0.03240058910162003 0.019791666666666666
0 0.31001472754050075 0.6546875 0.14285714285714285 0.019791666666666666
0 0.553019145802651 0.6973958333333333 0.14285714285714285 0.017708333333333333
2 0.35787923416789397 0.7036458333333333 0.029455081001472753 0.015625
2 0.5581737849779087 0.7286458333333333 0.13843888070692195 0.015625
2 0.7297496318114874 0.7145833333333333 0.13991163475699558 0.016666666666666666
0 0.8718703976435935 0.8760416666666667 0.07952871870397643 0.01875
0 0.553019145802651 0.8770833333333333 0.0780559646539028 0.014583333333333334
2 0.5537555228276878 0.8921875 0.07069219440353461 0.015625
0 0.8770250368188512 0.8880208333333334 0.0662739322533137 0.015625
2 0.9506627393225331 0.91875 0.060382916053019146 0.014583333333333334
2 0.4418262150220913 0.371875 0.055964653902798235 0.020833333333333332
1 0.2555228276877761 0.22760416666666666 0.43151693667157587 0.028125
1 0.2555228276877761 0.2552083333333333 0.43446244477172313 0.022916666666666665
1 0.2511045655375552 0.284375 0.4374079528718704 0.020833333333333332
1 0.2533136966126657 0.31302083333333336 0.43004418262150224 0.021875
1 0.2533136966126657 0.34375 0.43004418262150224 0.020833333333333332
1 0.25257731958762886 0.37395833333333334 0.43151693667157587 0.027083333333333334
1 0.2555228276877761 0.4 0.4256259204712813 0.025
1 0.22238586156111928 0.43125 0.374079528718704 0.020833333333333332
1 0.25773195876288657 0.48854166666666665 0.35051546391752575 0.020833333333333332
1 0.25699558173784975 0.5109375 0.35198821796759944 0.019791666666666666
1 0.25184094256259204 0.5317708333333333 0.35051546391752575 0.023958333333333335
1 0.25773195876288657 0.5510416666666667 0.35346097201767307 0.020833333333333332
1 0.25846833578792344 0.5713541666666667 0.3549337260677467 0.021875
0 0.5574374079528719 0.36822916666666666 0.1634756995581738 0.019791666666666666
0 0.7378497790868925 0.3671875 0.16200294550810015 0.017708333333333333
0 0.9035346097201767 0.3671875 0.13991163475699558 0.017708333333333333
0 0.7297496318114874 0.6979166666666666 0.13107511045655376 0.01875
0 0.8586156111929307 0.6958333333333333 0.10309278350515463 0.01875
0 0.6980854197349042 0.8807291666666667 0.07363770250368189 0.015625
0 0.7054491899852725 0.89375 0.11192930780559647 0.016666666666666666
0 0.874079528718704 0.9026041666666667 0.06921944035346098 0.013541666666666667
0 0.8674521354933726 0.9177083333333333 0.055964653902798235 0.016666666666666666
1 0.5581737849779087 0.37395833333333334 0.16494845360824742 0.0375
1 0.7385861561119293 0.375 0.16642120765832105 0.03125
1 0.9035346097201767 0.37447916666666664 0.14580265095729014 0.03229166666666667
2 0.9020618556701031 0.5369791666666667 0.0780559646539028 0.013541666666666667
1 0.5552282768777614 0.5375 0.1561119293078056 0.05
1 0.7297496318114874 0.5338541666666666 0.15169366715758467 0.03854166666666667
1 0.9005891016200295 0.5291666666666667 0.13107511045655376 0.035416666666666666
0 0.8571428571428571 0.7119791666666667 0.08836524300441827 0.017708333333333333
2 0.9440353460972017 0.6963541666666667 0.061855670103092786 0.013541666666666667
2 0.9344624447717231 0.709375 0.060382916053019146 0.014583333333333334
1 0.8939617083946981 0.703125 0.16789396170839468 0.035416666666666666
1 0.7297496318114874 0.7171875 0.15169366715758467 0.05520833333333333
1 0.5559646539027983 0.7109375 0.1487481590574374 0.051041666666666666
2 0.7717231222385862 0.8791666666666667 0.05891016200294551 0.014583333333333334
2 0.788659793814433 0.8921875 0.045655375552282766 0.015625
2 0.9491899852724595 0.8755208333333333 0.05154639175257732 0.013541666666666667
2 0.946980854197349 0.8901041666666667 0.044182621502209134 0.013541666666666667
2 0.9477172312223858 0.903125 0.045655375552282766 0.0125
1 0.9072164948453608 0.8739583333333333 0.14727540500736377 0.016666666666666666
1 0.9086892488954345 0.8880208333333334 0.13843888070692195 0.015625
1 0.9108983799705449 0.9015625 0.13402061855670103 0.015625
1 0.9079528718703976 0.9161458333333333 0.14285714285714285 0.017708333333333333
1 0.7319587628865979 0.8802083333333334 0.14432989690721648 0.020833333333333332
1 0.7334315169366715 0.8932291666666666 0.17083946980854198 0.015625
1 0.5537555228276878 0.8848958333333333 0.07658321060382917 0.03229166666666667
0 0.3085419734904271 0.6776041666666667 0.14580265095729014 0.06770833333333333
2 0.5581737849779087 0.7140625 0.13843888070692195 0.015625
2 0.7312223858615611 0.7302083333333333 0.13991163475699558 0.016666666666666666
2 0.44035346097201766 0.4010416666666667 0.05891016200294551 0.022916666666666665
2 0.3858615611192931 0.3729166666666667 0.055964653902798235 0.020833333333333332
2 0.43888070692194403 0.34375 0.050073637702503684 0.01875
2 0.4410898379970545 0.3145833333333333 0.054491899852724596 0.020833333333333332
2 0.4410898379970545 0.2838541666666667 0.054491899852724596 0.019791666666666666
2 0.4425625920471281 0.2520833333333333 0.060382916053019146 0.020833333333333332
2 0.4418262150220913 0.22395833333333334 0.055964653902798235 0.020833333333333332
