2 0.9580265095729014 0.22395833333333334 0.054491899852724596 0.020833333333333332
0 0.13843888070692195 0.23125 0.203240058910162 0.029166666666666667
2 0.43519882179675995 0.2296875 0.048600883652430045 0.019791666666666666
0 0.6082474226804123 0.22083333333333333 0.16200294550810015 0.027083333333333334
0 0.12592047128129602 0.26458333333333334 0.17820324005891017 0.027083333333333334
2 0.43961708394698085 0.2625 0.05154639175257732 0.020833333333333332
2 0.9580265095729014 0.2625 0.054491899852724596 0.020833333333333332
0 0.6347569955817378 0.2630208333333333 0.20913107511045656 0.021875
2 0.43888070692194403 0.29739583333333336 0.053019145802650956 0.021875
2 0.9587628865979382 0.3020833333333333 0.053019145802650956 0.020833333333333332
0 0.6568483063328424 0.3026041666666667 0.26804123711340205 0.023958333333333335
0 0.09941089837997054 0.2953125 0.1487481590574374 0.023958333333333335
2 0.4366715758468336 0.3489583333333333 0.05154639175257732 0.020833333333333332
2 0.9587628865979382 0.36041666666666666 0.053019145802650956 0.020833333333333332
0 0.12002945508100148 0.3494791666666667 0.20176730486008837 0.023958333333333335
0 0.6192930780559647 0.36041666666666666 0.18409425625920472 0.025
2 0.9587628865979382 0.4005208333333333 0.053019145802650956 0.019791666666666666
0 0.6347569955817378 0.4005208333333333 0.20913107511045656 0.023958333333333335
2 0.9580265095729014 0.4395833333333333 0.05154639175257732 0.020833333333333332
0 0.6450662739322534 0.43854166666666666 0.22385861561119294 0.022916666666666665
2 0.9587628865979382 0.478125 0.053019145802650956 0.020833333333333332
0 0.6730486008836525 0.47760416666666666 0.28276877761413843 0.023958333333333335
2 0.9580265095729014 0.5364583333333334 0.054491899852724596 0.020833333333333332
0 0.678939617083947 0.5369791666666667 0.30927835051546393 0.026041666666666668
2 0.9558173784977909 0.5973958333333333 0.053019145802650956 0.019791666666666666
0 0.6332842415316642 0.5947916666666667 0.203240058910162 0.025
0 0.21575846833578793 0.6776041666666667 0.36671575846833576 0.028125
0 0.5883652430044183 0.6817708333333333 0.0780559646539028 0.015625
2 0.8865979381443299 0.6817708333333333 0.029455081001472753 0.015625
0 0.17083946980854198 0.7026041666666667 0.2709867452135493 0.023958333333333335
0 0.6200294550810015 0.7 0.14138438880706922 0.016666666666666666
2 0.8873343151693667 0.7 0.027982326951399118 0.016666666666666666
0 0.6207658321060383 0.7171875 0.14285714285714285 0.017708333333333333
2 0.8873343151693667 0.7177083333333333 0.027982326951399118 0.016666666666666666
0 0.22459499263622976 0.7276041666666667 0.3784977908689249 0.023958333333333335
0 0.6369661266568483 0.7348958333333333 0.17820324005891017 0.017708333333333333
2 0.882179675994109 0.7375 0.017673048600883652 0.0125
0 0.6001472754050073 0.7536458333333333 0.101620029455081 0.017708333333333333
2 0.8873343151693667 0.753125 0.027982326951399118 0.014583333333333334
1 0.24815905743740796 0.23072916666666668 0.42857142857142855 0.030208333333333334
1 0.2511045655375552 0.26614583333333336 0.42857142857142855 0.030208333333333334
1 0.24594992636229748 0.2953125 0.4418262150220913 0.023958333333333335
1 0.2422680412371134 0.3489583333333333 0.44329896907216493 0.025
1 0.7592047128129602 0.2234375 0.45508100147275404 0.028125
1 0.7562592047128129 0.26197916666666665 0.45508100147275404 0.021875
1 0.7547864506627393 0.3015625 0.4639175257731959 0.023958333333333335
1 0.7555228276877761 0.36041666666666666 0.4565537555228277 0.027083333333333334
1 0.7584683357879234 0.39895833333333336 0.45949926362297494 0.025
1 0.7584683357879234 0.4375 0.4565537555228277 0.025
1 0.759941089837997 0.48020833333333335 0.4536082474226804 0.025
1 0.7569955817378498 0.5369791666666667 0.46244477172312226 0.023958333333333335
1 0.7562592047128129 0.5947916666666667 0.4521354933726068 0.025
1 0.7260677466863034 0.6802083333333333 0.35640648011782033 0.022916666666666665
1 0.727540500736377 0.6994791666666667 0.35640648011782033 0.021875
1 0.7268041237113402 0.7171875 0.35787923416789397 0.019791666666666666
1 0.7253313696612665 0.7348958333333333 0.36082474226804123 0.019791666666666666
1 0.7260677466863034 0.7541666666666667 0.35640648011782033 0.016666666666666666
0 0.7032400589101621 0.753125 0.09278350515463918 0.016666666666666666
0 0.7982326951399117 0.753125 0.09425625920471281 0.014583333333333334
