0 0.24815905743740796 0.25416666666666665 0.20176730486008837 0.025
2 0.678939617083947 0.25416666666666665 0.061855670103092786 0.025
0 0.2606774668630339 0.2921875 0.2268041237113402 0.023958333333333335
2 0.678939617083947 0.2921875 0.061855670103092786 0.023958333333333335
2 0.6782032400589102 0.32916666666666666 0.060382916053019146 0.025
0 0.24889543446244478 0.3296875 0.203240058910162 0.023958333333333335
0 0.24005891016200295 0.36822916666666666 0.18851251840942562 0.036458333333333336
2 0.678939617083947 0.3671875 0.061855670103092786 0.023958333333333335
0 0.24815905743740796 0.40260416666666665 0.20765832106038293 0.026041666666666668
2 0.678939617083947 0.4036458333333333 0.06480117820324006 0.026041666666666668
0 0.2614138438880707 0.44114583333333335 0.22533136966126657 0.023958333333333335
2 0.678939617083947 0.44166666666666665 0.05891016200294551 0.025
0 0.3011782032400589 0.4786458333333333 0.3078055964653903 0.026041666666666668
2 0.678939617083947 0.4796875 0.05891016200294551 0.023958333333333335
0 0.3181148748159057 0.5177083333333333 0.35051546391752575 0.035416666666666666
2 0.678939617083947 0.5166666666666667 0.05891016200294551 0.025
0 0.3247422680412371 0.5552083333333333 0.36082474226804123 0.0375
2 0.678939617083947 0.5541666666666667 0.05891016200294551 0.025
0 0.25184094256259204 0.5927083333333333 0.20913107511045656 0.03333333333333333
0 0.24447717231222385 0.628125 0.203240058910162 0.03125
2 0.678939617083947 0.628125 0.05891016200294551 0.022916666666666665
0 0.2650957290132548 0.6677083333333333 0.24153166421207659 0.03333333333333333
2 0.6782032400589102 0.6651041666666667 0.06921944035346098 0.023958333333333335
2 0.6826215022091311 0.7067708333333333 0.0662739322533137 0.023958333333333335
0 0.27393225331369664 0.703125 0.2533136966126657 0.03125
2 0.6826215022091311 0.7796875 0.060382916053019146 0.023958333333333335
0 0.27393225331369664 0.7770833333333333 0.25920471281296026 0.029166666666666667
2 0.6826215022091311 0.853125 0.060382916053019146 0.022916666666666665
0 0.27393225331369664 0.8526041666666667 0.2503681885125184 0.026041666666666668
2 0.6796759941089838 0.5927083333333333 0.06332842415316642 0.027083333333333334
1 0.42930780559646536 0.2546875 0.5670103092783505 0.030208333333333334
1 0.43078055964653905 0.2942708333333333 0.5670103092783505 0.026041666666666668
1 0.42783505154639173 0.32864583333333336 0.5699558173784978 0.028125
1 0.42930780559646536 0.3640625 0.5640648011782032 0.03229166666666667
1 0.42857142857142855 0.40572916666666664 0.5655375552282769 0.026041666666666668
1 0.43078055964653905 0.44114583333333335 0.5552282768777614 0.026041666666666668
2 0.4270986745213549 0.4791666666666667 0.5655375552282769 0.03125
2 0.4270986745213549 0.5182291666666666 0.5714285714285714 0.03229166666666667
1 0.4263622974963181 0.5546875 0.5699558173784978 0.034375
1 0.43004418262150224 0.5927083333333333 0.5684830633284241 0.03125
1 0.4270986745213549 0.6296875 0.5714285714285714 0.03229166666666667
1 0.4322533136966127 0.6651041666666667 0.5670103092783505 0.030208333333333334
1 0.43078055964653905 0.7026041666666667 0.5699558173784978 0.034375
1 0.43078055964653905 0.7765625 0.5670103092783505 0.028125
1 0.43151693667157587 0.8526041666666667 0.5684830633284241 0.026041666666666668
