0 0.27422557585385227 0.23481638418079095 0.2084988085782367 0.05296610169491525
0 0.6342335186656076 0.245409604519774 0.17950754567116758 0.05155367231638418
0 0.25476568705321684 0.2906073446327684 0.16004765687053216 0.054378531073446326
0 0.687648927720413 0.3057909604519774 0.29189833200953136 0.05367231638418079
0 0.24305003971405878 0.3478107344632768 0.1358220810166799 0.048728813559322036
0 0.6187450357426529 0.3661723163841808 0.15091342335186655 0.04307909604519774
0 0.2561556791104051 0.4092514124293785 0.16044479745830023 0.05155367231638418
0 0.6376092136616363 0.4201977401129944 0.19102462271644163 0.04943502824858757
2 0.4533359809372518 0.4505649717514124 0.09253375694996029 0.06779661016949153
0 0.2789912629070691 0.4661016949152542 0.20611596505162827 0.05790960451977401
0 0.6356235107227959 0.4759887005649718 0.1926131850675139 0.05649717514124294
0 0.2567513899920572 0.524364406779661 0.16163621922160445 0.054378531073446326
0 0.6701747418586179 0.5338983050847458 0.2640984908657665 0.05649717514124294
0 0.431890389197776 0.5942796610169492 0.33955520254169974 0.06285310734463277
0 0.7160444797458301 0.6091101694915254 0.11199364575059571 0.05014124293785311
0 0.38443208895949166 0.6532485875706214 0.24463860206513105 0.05508474576271186
0 0.7410643367752184 0.6666666666666666 0.1636219221604448 0.05367231638418079
0 0.3647736298649722 0.7108050847457628 0.20770452740270057 0.057203389830508475
0 0.7627084988085783 0.7238700564971752 0.20929308975377284 0.05649717514124294
0 0.31731532962668785 0.7680084745762712 0.1096108022239873 0.05155367231638418
1 0.5043685464654488 0.3852401129943503 0.6632247815726767 0.355225988700565
