0 0.21516754850088182 0.36743551587301587 0.17989417989417988 0.019593253968253968
0 0.2140652557319224 0.40587797619047616 0.19091710758377425 0.015625
0 0.24360670194003528 0.4435763888888889 0.23941798941798942 0.018105158730158732
0 0.2927689594356261 0.48214285714285715 0.3412698412698413 0.018353174603174604
2 0.31547619047619047 0.5192212301587301 0.028659611992945325 0.015128968253968254
0 0.19268077601410935 0.5193452380952381 0.15079365079365079 0.017361111111111112
0 0.21626984126984128 0.5559275793650794 0.19268077601410935 0.015625
0 0.19775132275132276 0.6166914682539683 0.1644620811287478 0.014632936507936508
0 0.19731040564373897 0.6321924603174603 0.16534391534391535 0.017361111111111112
0 0.22420634920634921 0.6501736111111112 0.22001763668430335 0.019593253968253968
0 0.14947089947089948 0.6664186507936508 0.07495590828924162 0.01488095238095238
0 0.19731040564373897 0.6842757936507936 0.16358024691358025 0.016865079365079364
0 0.21957671957671956 0.7760416666666666 0.2239858906525573 0.016865079365079364
0 0.25485008818342153 0.7940228174603174 0.29541446208112876 0.021081349206349208
0 0.2533068783068783 0.8107638888888888 0.2985008818342152 0.022321428571428572
0 0.20811287477954143 0.8275049603174603 0.2001763668430335 0.018601190476190476
2 0.3994708994708995 0.3687996031746032 0.03262786596119929 0.017361111111111112
2 0.39704585537918874 0.40500992063492064 0.03042328042328042 0.01636904761904762
2 0.39616402116402116 0.4461805555555556 0.027777777777777776 0.015873015873015872
2 0.36331569664902996 0.5575396825396826 0.09347442680776014 0.016865079365079364
1 0.27138447971781304 0.36842757936507936 0.294973544973545 0.0220734126984127
1 0.26697530864197533 0.40476190476190477 0.2967372134038801 0.015376984126984126
1 0.26807760141093473 0.44580853174603174 0.29012345679012347 0.020089285714285716
1 0.2623456790123457 0.5199652777777778 0.29717813051146386 0.02058531746031746
1 0.2638888888888889 0.5572916666666666 0.2967372134038801 0.01636904761904762
2 0.4548059964726631 0.6194196428571429 0.02513227513227513 0.01066468253968254
2 0.45436507936507936 0.6372767857142857 0.02513227513227513 0.012152777777777778
2 0.45260141093474426 0.6556299603174603 0.03042328042328042 0.01066468253968254
2 0.45105820105820105 0.6729910714285714 0.029982363315696647 0.012152777777777778
2 0.44995590828924165 0.689484126984127 0.022486772486772486 0.010912698412698412
1 0.291005291005291 0.6169394841269841 0.3562610229276896 0.018601190476190476
1 0.2927689594356261 0.6355406746031746 0.3527336860670194 0.020089285714285716
1 0.32098765432098764 0.6530257936507936 0.42592592592592593 0.021825396825396824
1 0.28880070546737213 0.6696428571428571 0.35714285714285715 0.021825396825396824
1 0.29210758377425045 0.6856398809523809 0.3567019400352734 0.021081349206349208
2 0.44907407407407407 0.7841021825396826 0.02513227513227513 0.010168650793650794
2 0.4468694885361552 0.8015873015873016 0.022486772486772486 0.011904761904761904
2 0.44598765432098764 0.8184523809523809 0.02072310405643739 0.00992063492063492
2 0.4455467372134039 0.8356894841269841 0.023368606701940034 0.011656746031746032
1 0.2859347442680776 0.7775297619047619 0.3602292768959436 0.022321428571428572
1 0.281305114638448 0.794890873015873 0.35537918871252205 0.025297619047619048
1 0.28174603174603174 0.8123759920634921 0.35802469135802467 0.0220734126984127
1 0.28350970017636684 0.830109126984127 0.3544973544973545 0.0248015873015873
2 0.5143298059964727 0.6571180555555556 0.03042328042328042 0.01066468253968254
2 0.4852292768959436 0.6556299603174603 0.03042328042328042 0.01066468253968254
2 0.39440035273368607 0.5199652777777778 0.028659611992945325 0.015128968253968254
2 0.35383597883597884 0.5209573412698413 0.028659611992945325 0.015128968253968254
