0 0.20656966490299825 0.4150545634920635 0.15652557319223986 0.016121031746031748
0 0.6640211640211641 0.41381448412698413 0.21781305114638447 0.01314484126984127
0 0.6547619047619048 0.43179563492063494 0.2001763668430335 0.015873015873015872
0 0.20083774250440917 0.43266369047619047 0.14947089947089948 0.015625
0 0.20789241622574955 0.4496527777777778 0.1626984126984127 0.014384920634920634
0 0.6618165784832452 0.45027281746031744 0.21340388007054673 0.01314484126984127
0 0.21009700176366844 0.46837797619047616 0.17239858906525574 0.017609126984126984
0 0.6444003527336861 0.46726190476190477 0.17857142857142858 0.013392857142857142
0 0.18584656084656084 0.4861111111111111 0.12301587301587301 0.014384920634920634
0 0.20679012345679013 0.5044642857142857 0.17019400352733685 0.01636904761904762
0 0.21362433862433863 0.5225694444444444 0.18298059964726632 0.014384920634920634
0 0.7506613756613757 0.5260416666666666 0.31790123456790126 0.018353174603174604
0 0.2034832451499118 0.5414186507936508 0.16710758377425045 0.013392857142857142
2 0.6664462081128748 0.5441468253968254 0.0427689594356261 0.013888888888888888
0 0.2056878306878307 0.5596478174603174 0.1715167548500882 0.01314484126984127
0 0.2841710758377425 0.5784970238095238 0.33377425044091713 0.014632936507936508
0 0.21252204585537918 0.5980902777777778 0.1948853615520282 0.014632936507936508
0 0.19047619047619047 0.6163194444444444 0.15520282186948853 0.014384920634920634
0 0.17901234567901234 0.6357886904761905 0.13227513227513227 0.014632936507936508
0 0.2092151675485009 0.6566220238095238 0.1970899470899471 0.01711309523809524
0 0.20326278659611993 0.7368551587301587 0.1948853615520282 0.015873015873015872
0 0.17328042328042328 0.7576884920634921 0.13932980599647266 0.015873015873015872
0 0.19047619047619047 0.7764136904761905 0.17901234567901234 0.014632936507936508
0 0.17548500881834214 0.7976190476190477 0.15079365079365079 0.01984126984126984
0 0.1419753086419753 0.8168402777777778 0.08641975308641975 0.014632936507936508
0 0.14770723104056438 0.8382936507936508 0.09788359788359788 0.015873015873015872
0 0.19642857142857142 0.8597470238095238 0.2006172839506173 0.018601190476190476
1 0.7497795414462081 0.535094246031746 0.3187830687830688 0.037450396825396824
2 0.7998236331569665 0.5460069444444444 0.11199294532627865 0.015625
2 0.7136243386243386 0.5451388888888888 0.0427689594356261 0.013888888888888888
