0 0.2275132275132275 0.330109126984127 0.23544973544973544 0.019345238095238096
0 0.1609347442680776 0.3474702380952381 0.10670194003527336 0.015873015873015872
0 0.1730599647266314 0.39955357142857145 0.1300705467372134 0.013392857142857142
0 0.17195767195767195 0.4176587301587302 0.12786596119929453 0.013392857142857142
0 0.18231922398589065 0.4347718253968254 0.14858906525573193 0.015873015873015872
0 0.2208994708994709 0.5076884920634921 0.2345679012345679 0.017361111111111112
0 0.21869488536155202 0.5606398809523809 0.2310405643738977 0.018105158730158732
0 0.1935626102292769 0.5791170634920635 0.17989417989417988 0.015873015873015872
0 0.14991181657848324 0.6514136904761905 0.09700176366843033 0.014632936507936508
0 0.15828924162257496 0.6697668650793651 0.11375661375661375 0.014632936507936508
0 0.6256613756613757 0.6847718253968254 0.10934744268077601 0.015873015873015872
0 0.19422398589065257 0.6881200396825397 0.1917989417989418 0.019593253968253968
0 0.6199294532627866 0.7053571428571429 0.09259259259259259 0.015376984126984126
0 0.18121693121693122 0.7068452380952381 0.16490299823633156 0.013392857142857142
0 0.6199294532627866 0.7230902777777778 0.08818342151675485 0.014632936507936508
0 0.1609347442680776 0.7261904761904762 0.11728395061728394 0.01636904761904762
0 0.18937389770723104 0.7445436507936508 0.18121693121693122 0.015873015873015872
0 0.1626984126984127 0.7621527777777778 0.12786596119929453 0.014384920634920634
0 0.18606701940035272 0.7806299603174603 0.18077601410934743 0.020089285714285716
0 0.1743827160493827 0.7986111111111112 0.15564373897707232 0.014384920634920634
0 0.1765873015873016 0.8168402777777778 0.16005291005291006 0.014632936507936508
0 0.23015873015873015 0.8366815476190477 0.26631393298059963 0.019097222222222224
2 0.48059964726631393 0.3308531746031746 0.026455026455026454 0.015376984126984126
2 0.4794973544973545 0.3490823412698413 0.024250440917107582 0.013640873015873016
2 0.4801587301587302 0.40153769841269843 0.030864197530864196 0.015376984126984126
2 0.4794973544973545 0.4202628968253968 0.024250440917107582 0.013640873015873016
2 0.4794973544973545 0.4384920634920635 0.022486772486772486 0.010912698412698412
2 0.4794973544973545 0.5081845238095238 0.024250440917107582 0.01240079365079365
2 0.47861552028218696 0.5625 0.02072310405643739 0.013392857142857142
2 0.47685185185185186 0.5797371031746031 0.024250440917107582 0.012648809523809524
2 0.4777336860670194 0.6525297619047619 0.02601410934744268 0.013888888888888888
2 0.4772927689594356 0.6715029761904762 0.023368606701940034 0.011656746031746032
2 0.4772927689594356 0.6908482142857143 0.026895943562610228 0.012648809523809524
2 0.47685185185185186 0.7094494047619048 0.024250440917107582 0.012648809523809524
2 0.47685185185185186 0.7275545634920635 0.024250440917107582 0.011656746031746032
2 0.4772927689594356 0.7459077380952381 0.026895943562610228 0.01066468253968254
2 0.47619047619047616 0.7648809523809523 0.0291005291005291 0.011408730158730158
2 0.47685185185185186 0.7836061507936508 0.027777777777777776 0.012152777777777778
2 0.47685185185185186 0.8022073412698413 0.027777777777777776 0.012152777777777778
2 0.4764109347442681 0.8205605158730159 0.021604938271604937 0.012152777777777778
2 0.4772927689594356 0.8381696428571429 0.02513227513227513 0.012648809523809524
2 0.8708112874779541 0.6876240079365079 0.02821869488536155 0.01314484126984127
2 0.8708112874779541 0.7059771825396826 0.024691358024691357 0.011160714285714286
2 0.8727954144620811 0.7249503968253969 0.027777777777777776 0.013392857142857142
1 0.302689594356261 0.32924107142857145 0.38756613756613756 0.019593253968253968
1 0.30092592592592593 0.34660218253968256 0.38756613756613756 0.02058531746031746
1 0.3013668430335097 0.3998015873015873 0.38492063492063494 0.015873015873015872
1 0.30092592592592593 0.4175347222222222 0.38580246913580246 0.01314484126984127
1 0.29916225749559083 0.43464781746031744 0.38580246913580246 0.019097222222222224
1 0.29916225749559083 0.5074404761904762 0.39109347442680775 0.017857142857142856
1 0.29563492063492064 0.5607638888888888 0.39197530864197533 0.016865079365079364
1 0.2960758377425044 0.5788690476190477 0.39109347442680775 0.01636904761904762
1 0.2962962962962963 0.6532738095238095 0.3915343915343915 0.014384920634920634
1 0.2958553791887125 0.6691468253968254 0.3915343915343915 0.01636904761904762
1 0.294973544973545 0.6881200396825397 0.3941798941798942 0.016617063492063492
1 0.2960758377425044 0.7084573412698413 0.38932980599647266 0.015625
1 0.2943121693121693 0.7255704365079365 0.38756613756613756 0.018601190476190476
1 0.2960758377425044 0.7433035714285714 0.39109347442680775 0.017857142857142856
1 0.29475308641975306 0.7630208333333334 0.3937389770723104 0.017609126984126984
1 0.2940917107583774 0.7806299603174603 0.3977072310405644 0.021081349206349208
1 0.2945326278659612 0.7992311507936508 0.3950617283950617 0.015625
1 0.29188712522045857 0.8157242063492064 0.3959435626102293 0.017361111111111112
1 0.29541446208112876 0.8355654761904762 0.3968253968253968 0.018849206349206348
1 0.7288359788359788 0.6848958333333334 0.31216931216931215 0.014136904761904762
1 0.7310405643738977 0.7044890873015873 0.31305114638447973 0.016121031746031748
1 0.7314814814814815 0.7224702380952381 0.31216931216931215 0.015376984126984126
