0 0.11419753086419752 0.29017857142857145 0.07054673721340388 0.020337301587301588
0 0.12345679012345678 0.3090277777777778 0.08641975308641975 0.014384920634920634
0 0.1349206349206349 0.32787698412698413 0.10934744268077601 0.013392857142857142
0 0.1384479717813051 0.34685019841269843 0.1164021164021164 0.01711309523809524
0 0.16181657848324515 0.3655753968253968 0.15784832451499117 0.015873015873015872
0 0.140652557319224 0.43861607142857145 0.12081128747795414 0.01314484126984127
0 0.16380070546737213 0.4574652777777778 0.16710758377425045 0.014632936507936508
0 0.19973544973544974 0.47643849206349204 0.23897707231040563 0.015873015873015872
0 0.19620811287477954 0.4945436507936508 0.23192239858906524 0.015873015873015872
0 0.17195767195767195 0.5121527777777778 0.18342151675485008 0.014384920634920634
0 0.19642857142857142 0.5303819444444444 0.23236331569664903 0.01711309523809524
0 0.2054673721340388 0.5493551587301587 0.25044091710758376 0.015873015873015872
0 0.16732804232804233 0.5687003968253969 0.17416225749559083 0.015873015873015872
0 0.16380070546737213 0.5864335317460317 0.16710758377425045 0.014632936507936508
0 0.19047619047619047 0.6066468253968254 0.22486772486772486 0.015873015873015872
0 0.15123456790123457 0.6247519841269841 0.1419753086419753 0.015873015873015872
0 0.12235449735449735 0.6429811507936508 0.08862433862433862 0.01314484126984127
0 0.10736331569664903 0.7201140873015873 0.06305114638447971 0.016617063492063492
0 0.11397707231040564 0.7384672619047619 0.0718694885361552 0.016617063492063492
0 0.11177248677248677 0.7568204365079365 0.068342151675485 0.017609126984126984
0 0.5992063492063492 0.7693452380952381 0.02821869488536155 0.013392857142857142
0 0.10846560846560846 0.775421626984127 0.06084656084656084 0.015128968253968254
0 0.6732804232804233 0.7731894841269841 0.05114638447971781 0.01066468253968254
0 0.10141093474426807 0.7940228174603174 0.04673721340388007 0.01314484126984127
2 0.41865079365079366 0.2924107142857143 0.024250440917107582 0.010912698412698412
2 0.4201940035273369 0.31200396825396826 0.021164021164021163 0.014384920634920634
2 0.42063492063492064 0.3304811507936508 0.024691358024691357 0.009672619047619048
2 0.4201940035273369 0.34833829365079366 0.021164021164021163 0.012152777777777778
2 0.4217372134038801 0.3663194444444444 0.022486772486772486 0.013392857142857142
2 0.4228395061728395 0.4401041666666667 0.024691358024691357 0.01314484126984127
2 0.42328042328042326 0.4582093253968254 0.025573192239858905 0.011656746031746032
2 0.4228395061728395 0.47619047619047616 0.020282186948853614 0.012896825396825396
2 0.4237213403880071 0.49429563492063494 0.026455026455026454 0.010912698412698412
2 0.4212962962962963 0.5137648809523809 0.021604938271604937 0.012648809523809524
2 0.4237213403880071 0.5303819444444444 0.020282186948853614 0.013640873015873016
2 0.4243827160493827 0.5498511904761905 0.023368606701940034 0.013392857142857142
2 0.4228395061728395 0.5682043650793651 0.020282186948853614 0.013392857142857142
2 0.4237213403880071 0.5856894841269841 0.024691358024691357 0.012648809523809524
2 0.42394179894179895 0.6042906746031746 0.022486772486772486 0.012648809523809524
2 0.42328042328042326 0.6243799603174603 0.023809523809523808 0.012152777777777778
2 0.42328042328042326 0.642609126984127 0.025573192239858905 0.010912698412698412
2 0.42394179894179895 0.7185019841269841 0.022486772486772486 0.013888888888888888
2 0.4237213403880071 0.7377232142857143 0.024691358024691357 0.012152777777777778
2 0.4237213403880071 0.7564484126984127 0.018518518518518517 0.013888888888888888
2 0.4243827160493827 0.7752976190476191 0.021604938271604937 0.014384920634920634
2 0.4248236331569665 0.7958829365079365 0.028659611992945325 0.013392857142857142
1 0.2550705467372134 0.29017857142857145 0.3558201058201058 0.018849206349206348
1 0.25551146384479717 0.3100198412698413 0.3567019400352734 0.017361111111111112
1 0.2585978835978836 0.3287450396825397 0.3505291005291005 0.016617063492063492
1 0.25749559082892415 0.3478422619047619 0.3527336860670194 0.015625
1 0.25617283950617287 0.365203373015873 0.35361552028218696 0.012152777777777778
1 0.2605820105820106 0.43960813492063494 0.35890652557319225 0.016617063492063492
1 0.2585978835978836 0.45796130952380953 0.3505291005291005 0.016617063492063492
1 0.2566137566137566 0.47643849206349204 0.35890652557319225 0.015376984126984126
1 0.2570546737213404 0.49342757936507936 0.35978835978835977 0.016121031746031748
1 0.25617283950617287 0.5142609126984127 0.35361552028218696 0.015128968253968254
1 0.2570546737213404 0.5306299603174603 0.35361552028218696 0.020089285714285716
1 0.25815696649029984 0.5499751984126984 0.3575837742504409 0.016121031746031748
1 0.2566137566137566 0.5667162698412699 0.35890652557319225 0.018353174603174604
1 0.25970017636684306 0.5863095238095238 0.3544973544973545 0.013888888888888888
1 0.2585978835978836 0.605406746031746 0.3549382716049383 0.013888888888888888
1 0.25925925925925924 0.6235119047619048 0.35978835978835977 0.016865079365079364
1 0.25771604938271603 0.6442212301587301 0.3567019400352734 0.015625
1 0.25771604938271603 0.755828373015873 0.3619929453262787 0.016617063492063492
1 0.25617283950617287 0.7202380952380952 0.35978835978835977 0.013888888888888888
1 0.2570546737213404 0.7372271825396826 0.36067019400352734 0.016121031746031748
1 0.25462962962962965 0.7761656746031746 0.3602292768959436 0.016617063492063492
1 0.2603615520282187 0.7953869047619048 0.3619929453262787 0.017857142857142856
