0 0.18694885361552027 0.5022321428571429 0.1966490299823633 0.028769841269841268
0 0.7738095238095238 0.509796626984127 0.31569664902998235 0.03149801587301587
0 0.6995149911816578 0.5373263888888888 0.1697530864197531 0.02703373015873016
0 0.26432980599647266 0.5308779761904762 0.3461199294532628 0.026041666666666668
0 0.5343915343915344 0.5531994047619048 0.10229276895943562 0.021081349206349208
0 0.16820987654320987 0.5587797619047619 0.14858906525573193 0.021825396825396824
0 0.6981922398589065 0.5670882936507936 0.17857142857142858 0.021081349206349208
0 0.2647707231040564 0.5906498015873016 0.3408289241622575 0.021081349206349208
0 0.683641975308642 0.5956101190476191 0.14858906525573193 0.021081349206349208
0 0.31812169312169314 0.6186755952380952 0.44753086419753085 0.025049603174603176
0 0.6818783068783069 0.6232638888888888 0.14858906525573193 0.01984126984126984
0 0.25639329805996475 0.6467013888888888 0.322310405643739 0.021081349206349208
0 0.6957671957671958 0.6509176587301587 0.18077601410934743 0.021081349206349208
0 0.6944444444444444 0.6799355158730159 0.18077601410934743 0.021081349206349208
0 0.25110229276895946 0.6742311507936508 0.31261022927689597 0.019593253968253968
0 0.320326278659612 0.7013888888888888 0.4669312169312169 0.024305555555555556
0 0.7182539682539683 0.7073412698412699 0.23015873015873015 0.021825396825396824
0 0.2958553791887125 0.7278025793650794 0.40299823633156967 0.026041666666666668
0 0.732363315696649 0.7358630952380952 0.2689594356261023 0.01984126984126984
0 0.12610229276895943 0.7559523809523809 0.06701940035273368 0.020833333333333332
0 0.7158289241622575 0.7620287698412699 0.23765432098765432 0.024057539682539684
0 0.6638007054673721 0.787078373015873 0.1371252204585538 0.021081349206349208
0 0.2665343915343915 0.7849702380952381 0.3531746031746032 0.023313492063492064
0 0.6657848324514991 0.8141121031746031 0.14638447971781304 0.021081349206349208
0 0.19753086419753085 0.8110119047619048 0.21164021164021163 0.023809523809523808
