0 0.6767578125 0.28515625 0.123046875 0.02734375
0 0.6796875 0.3069661458333333 0.1337890625 0.024088541666666668
0 0.148681640625 0.3310546875 0.04638671875 0.014973958333333334
2 0.30615234375 0.3310546875 0.0302734375 0.014973958333333334
0 0.453857421875 0.3330078125 0.10498046875 0.020182291666666668
2 0.578369140625 0.3336588541666667 0.03076171875 0.012369791666666666
0 0.144775390625 0.353515625 0.03857421875 0.014322916666666666
2 0.30615234375 0.3544921875 0.0302734375 0.016276041666666668
0 0.440185546875 0.35546875 0.07763671875 0.020833333333333332
2 0.577880859375 0.3544921875 0.03173828125 0.016276041666666668
0 0.142822265625 0.3763020833333333 0.03466796875 0.014322916666666666
2 0.30615234375 0.3763020833333333 0.0302734375 0.014322916666666666
0 0.44287109375 0.37890625 0.078125 0.018229166666666668
2 0.578369140625 0.376953125 0.03076171875 0.013020833333333334
0 0.138916015625 0.3987630208333333 0.03662109375 0.017578125
2 0.30615234375 0.3981119791666667 0.0302734375 0.016276041666666668
2 0.578369140625 0.3981119791666667 0.03076171875 0.016276041666666668
0 0.435791015625 0.3994140625 0.06787109375 0.016276041666666668
2 0.305419921875 0.4202473958333333 0.03173828125 0.016276041666666668
0 0.445556640625 0.4222005208333333 0.08544921875 0.016276041666666668
2 0.578369140625 0.4195963541666667 0.03076171875 0.014973958333333334
0 0.142822265625 0.4222005208333333 0.03466796875 0.012369791666666666
2 0.5791015625 0.4430338541666667 0.029296875 0.012369791666666666
0 0.162353515625 0.4430338541666667 0.07861328125 0.016276041666666668
2 0.305419921875 0.4420572916666667 0.03173828125 0.014322916666666666
0 0.441650390625 0.4430338541666667 0.07763671875 0.016276041666666668
2 0.5791015625 0.462890625 0.029296875 0.014322916666666666
0 0.150634765625 0.46484375 0.05224609375 0.014322916666666666
2 0.30615234375 0.4638671875 0.0302734375 0.016276041666666668
0 0.471435546875 0.4638671875 0.13720703125 0.016276041666666668
2 0.578857421875 0.4847005208333333 0.03173828125 0.016276041666666668
0 0.164306640625 0.4873046875 0.08251953125 0.014973958333333334
2 0.305419921875 0.4866536458333333 0.03173828125 0.016276041666666668
0 0.465087890625 0.4866536458333333 0.12451171875 0.016276041666666668
0 0.15234375 0.5113932291666666 0.056640625 0.014973958333333334
2 0.305419921875 0.509765625 0.03173828125 0.014322916666666666
0 0.1513671875 0.5358072916666666 0.056640625 0.014322916666666666
2 0.305419921875 0.5341796875 0.03173828125 0.014973958333333334
2 0.849853515625 0.54296875 0.02880859375 0.014322916666666666
0 0.71044921875 0.5442708333333334 0.0732421875 0.014322916666666666
2 0.30615234375 0.5550130208333334 0.0302734375 0.014973958333333334
0 0.158447265625 0.556640625 0.07080078125 0.014322916666666666
2 0.8505859375 0.5670572916666666 0.0302734375 0.014322916666666666
0 0.709228515625 0.5699869791666666 0.06884765625 0.016276041666666668
0 0.451904296875 0.5764973958333334 0.09814453125 0.016276041666666668
2 0.580322265625 0.5748697916666666 0.02880859375 0.013020833333333334
0 0.15771484375 0.5777994791666666 0.072265625 0.021484375
2 0.305419921875 0.5784505208333334 0.03173828125 0.016276041666666668
2 0.8505859375 0.58984375 0.0302734375 0.014322916666666666
0 0.713623046875 0.5914713541666666 0.07763671875 0.017578125
2 0.580322265625 0.5983072916666666 0.03173828125 0.014322916666666666
0 0.4365234375 0.6002604166666666 0.0693359375 0.014322916666666666
2 0.304931640625 0.6025390625 0.03271484375 0.016276041666666668
0 0.151123046875 0.6051432291666666 0.05615234375 0.014973958333333334
2 0.580322265625 0.6220703125 0.03173828125 0.016276041666666668
0 0.433349609375 0.6233723958333334 0.06298828125 0.016276041666666668
2 0.304443359375 0.6253255208333334 0.03173828125 0.016276041666666668
0 0.156982421875 0.6279296875 0.07080078125 0.014973958333333334
2 0.580322265625 0.6461588541666666 0.03173828125 0.016276041666666668
0 0.44921875 0.6533203125 0.1015625 0.029296875
0 0.168212890625 0.6520182291666666 0.09619140625 0.018880208333333332
2 0.304931640625 0.6513671875 0.03076171875 0.012369791666666666
0 0.450927734375 0.6780598958333334 0.10693359375 0.033203125
2 0.5810546875 0.6695963541666666 0.0302734375 0.014973958333333334
2 0.304443359375 0.6741536458333334 0.03173828125 0.016276041666666668
0 0.162353515625 0.6764322916666666 0.08349609375 0.014322916666666666
2 0.853759765625 0.69140625 0.02880859375 0.013020833333333334
0 0.461669921875 0.703125 0.12158203125 0.03125
0 0.713623046875 0.6940104166666666 0.07470703125 0.018229166666666668
2 0.304443359375 0.7001953125 0.03173828125 0.016276041666666668
0 0.164306640625 0.7014973958333334 0.08740234375 0.016276041666666668
2 0.853759765625 0.71484375 0.03173828125 0.014322916666666666
0 0.71435546875 0.7171223958333334 0.0732421875 0.016276041666666668
2 0.3037109375 0.7242838541666666 0.033203125 0.016276041666666668
0 0.182861328125 0.7262369791666666 0.12548828125 0.016276041666666668
0 0.722412109375 0.8326822916666666 0.03955078125 0.014322916666666666
0 0.617431640625 0.8336588541666666 0.06689453125 0.016276041666666668
0 0.500244140625 0.8369140625 0.08740234375 0.016276041666666668
0 0.377197265625 0.8388671875 0.07666015625 0.020182291666666668
2 0.722900390625 0.8502604166666666 0.02490234375 0.014322916666666666
2 0.6181640625 0.8512369791666666 0.0263671875 0.016276041666666668
2 0.5009765625 0.853515625 0.0263671875 0.014322916666666666
2 0.377197265625 0.8564453125 0.02685546875 0.016276041666666668
2 0.524658203125 0.65234375 0.02978515625 0.020833333333333332
2 0.5224609375 0.6754557291666666 0.0302734375 0.021484375
2 0.54150390625 0.6953125 0.0244140625 0.01953125
0 0.653076171875 0.3277994791666667 0.07958984375 0.030598958333333332
2 0.720703125 0.326171875 0.0263671875 0.020833333333333332
2 0.7568359375 0.3014322916666667 0.015625 0.016927083333333332
2 0.755126953125 0.2805989583333333 0.02099609375 0.020833333333333332
1 0.3759765625 0.8470052083333334 0.07421875 0.032552083333333336
1 0.500244140625 0.8450520833333334 0.08837890625 0.032552083333333336
1 0.616943359375 0.841796875 0.06689453125 0.03515625
1 0.721923828125 0.8408203125 0.03955078125 0.031901041666666664
1 0.77197265625 0.6930338541666666 0.1923828125 0.018880208333333332
1 0.77294921875 0.71484375 0.193359375 0.016927083333333332
1 0.768310546875 0.544921875 0.18994140625 0.016927083333333332
1 0.77001953125 0.5690104166666666 0.1904296875 0.016927083333333332
1 0.7705078125 0.5904947916666666 0.1923828125 0.01953125
1 0.6904296875 0.2854817708333333 0.150390625 0.026692708333333332
1 0.691162109375 0.3072916666666667 0.15576171875 0.02734375
1 0.67578125 0.330078125 0.12109375 0.026041666666666668
1 0.49755859375 0.3333333333333333 0.193359375 0.01953125
1 0.496826171875 0.35546875 0.18798828125 0.018229166666666668
1 0.49853515625 0.3776041666666667 0.189453125 0.015625
1 0.498779296875 0.3984375 0.18994140625 0.016927083333333332
1 0.496337890625 0.4205729166666667 0.18994140625 0.016927083333333332
1 0.498779296875 0.44140625 0.18896484375 0.018229166666666668
1 0.498291015625 0.4635416666666667 0.18994140625 0.016927083333333332
1 0.4990234375 0.4866536458333333 0.189453125 0.017578125
1 0.499267578125 0.5755208333333334 0.18994140625 0.014322916666666666
1 0.5 0.6009114583333334 0.19140625 0.015625
1 0.498779296875 0.6246744791666666 0.19384765625 0.017578125
1 0.469970703125 0.6526692708333334 0.13916015625 0.027994791666666668
1 0.46875 0.6793619791666666 0.1396484375 0.029296875
1 0.47802734375 0.7034505208333334 0.15234375 0.033203125
1 0.22216796875 0.3307291666666667 0.1953125 0.016927083333333332
1 0.221923828125 0.353515625 0.19384765625 0.016927083333333332
1 0.22412109375 0.3766276041666667 0.1982421875 0.017578125
1 0.22021484375 0.3977864583333333 0.19921875 0.01953125
1 0.22412109375 0.421875 0.1953125 0.018229166666666668
1 0.2216796875 0.4423828125 0.1962890625 0.017578125
1 0.221923828125 0.4645182291666667 0.19580078125 0.017578125
1 0.221435546875 0.4876302083333333 0.19677734375 0.016927083333333332
1 0.2216796875 0.5113932291666666 0.197265625 0.016276041666666668
1 0.22265625 0.5345052083333334 0.19921875 0.016927083333333332
1 0.221435546875 0.5559895833333334 0.19677734375 0.018229166666666668
1 0.221435546875 0.5791015625 0.19677734375 0.021484375
1 0.2236328125 0.603515625 0.19921875 0.018229166666666668
1 0.219970703125 0.6272786458333334 0.19970703125 0.020182291666666668
1 0.220703125 0.6520182291666666 0.2001953125 0.017578125
1 0.219482421875 0.6764322916666666 0.19970703125 0.016927083333333332
1 0.219970703125 0.701171875 0.19970703125 0.01953125
1 0.218505859375 0.7265625 0.19970703125 0.018229166666666668
