0 0.3395061728395062 0.37103174603174605 0.13756613756613756 0.016865079365079364
0 0.3816137566137566 0.3865327380952381 0.2156084656084656 0.019097222222222224
0 0.3626543209876543 0.40029761904761907 0.17416225749559083 0.017857142857142856
0 0.31723985890652556 0.4157986111111111 0.08333333333333333 0.015128968253968254
0 0.3253968253968254 0.42844742063492064 0.10405643738977072 0.01314484126984127
0 0.3734567901234568 0.44320436507936506 0.1984126984126984 0.018849206349206348
0 0.3489858906525573 0.4582093253968254 0.15211640211640212 0.019097222222222224
0 0.5147707231040565 0.45808531746031744 0.06305114638447971 0.013392857142857142
0 0.3514109347442681 0.4724702380952381 0.15343915343915343 0.014384920634920634
0 0.414021164021164 0.4885912698412698 0.2839506172839506 0.018353174603174604
0 0.33377425044091713 0.5033482142857143 0.12522045855379188 0.01314484126984127
0 0.33641975308641975 0.5173611111111112 0.12610229276895943 0.015376984126984126
0 0.4058641975308642 0.5317460317460317 0.27645502645502645 0.015873015873015872
0 0.3441358024691358 0.5486111111111112 0.15299823633156967 0.01488095238095238
0 0.3425925925925926 0.5615079365079365 0.1437389770723104 0.013392857142857142
0 0.34347442680776014 0.5778769841269841 0.15608465608465608 0.014384920634920634
0 0.36397707231040566 0.5921378968253969 0.20855379188712522 0.016121031746031748
0 0.3531746031746032 0.6065228174603174 0.18342151675485008 0.01314484126984127
0 0.3644179894179894 0.6221478174603174 0.19973544973544974 0.014632936507936508
0 0.3315696649029982 0.6374007936507936 0.1349206349206349 0.013392857142857142
0 0.3578042328042328 0.6520337301587301 0.17945326278659612 0.01488095238095238
0 0.3648589065255732 0.6674107142857143 0.19091710758377425 0.01636904761904762
0 0.38073192239858905 0.6830357142857143 0.23589065255731922 0.017857142857142856
0 0.3966049382716049 0.6979166666666666 0.2808641975308642 0.016865079365079364
0 0.4021164021164021 0.7114335317460317 0.2768959435626102 0.018105158730158732
0 0.3853615520282187 0.7287946428571429 0.24426807760141092 0.018601190476190476
0 0.31415343915343913 0.7454117063492064 0.12389770723104056 0.015625
0 0.375 0.7573164682539683 0.22530864197530864 0.019593253968253968
0 0.4129188712522046 0.7731894841269841 0.3055555555555556 0.02058531746031746
