0 0.845458984375 0.3919198895027624 0.18017578125 0.0531767955801105
0 0.406982421875 0.39640883977900554 0.25830078125 0.058011049723756904
2 0.270263671875 0.5051795580110497 0.08642578125 0.07251381215469613
2 0.76708984375 0.5086325966850829 0.103515625 0.07251381215469613
0 0.273681640625 0.7696823204419889 0.09423828125 0.031077348066298343
0 0.734375 0.7700276243093923 0.064453125 0.03314917127071823
0 0.8857421875 0.7703729281767956 0.13671875 0.03522099447513812
0 0.423828125 0.7689917127071824 0.0849609375 0.028314917127071824
0 0.579345703125 0.7710635359116023 0.07177734375 0.029696132596685083
0 0.12109375 0.7807320441988951 0.1142578125 0.0324585635359116
2 0.116943359375 0.8446132596685083 0.05517578125 0.04143646408839779
2 0.427734375 0.8459944751381215 0.0576171875 0.04696132596685083
2 0.5810546875 0.8446132596685083 0.056640625 0.04143646408839779
2 0.736328125 0.8459944751381215 0.056640625 0.04558011049723757
2 0.274169921875 0.8466850828729282 0.05517578125 0.04143646408839779
2 0.886474609375 0.8466850828729282 0.05517578125 0.04143646408839779
1 0.383056640625 0.4544198895027624 0.30908203125 0.17403314917127072
1 0.845458984375 0.4592541436464088 0.27197265625 0.1919889502762431
1 0.12255859375 0.8176795580110497 0.12109375 0.11602209944751381
1 0.272705078125 0.8104281767955801 0.12841796875 0.11533149171270718
1 0.422119140625 0.8149171270718232 0.12744140625 0.11464088397790055
1 0.581298828125 0.8118093922651933 0.12451171875 0.10842541436464088
1 0.7373046875 0.8087016574585635 0.1181640625 0.12016574585635359
1 0.886474609375 0.8156077348066298 0.13916015625 0.1270718232044199
0 0.783447265625 0.4375 0.07177734375 0.0324585635359116
0 0.900390625 0.4419889502762431 0.140625 0.03867403314917127
0 0.271484375 0.8017955801104972 0.125 0.031767955801104975
0 0.737060546875 0.7990331491712708 0.11962890625 0.024861878453038673
0 0.580078125 0.7983425414364641 0.125 0.031767955801104975
0 0.42431640625 0.8017955801104972 0.125 0.031767955801104975
0 0.88525390625 0.7997237569060773 0.083984375 0.024861878453038673
0 0.40234375 0.4395718232044199 0.21875 0.03522099447513812
