0 0.7666666666666667 0.16233766233766234 0.04722222222222222 0.04081632653061224
0 0.10416666666666667 0.18042671614100186 0.07777777777777778 0.01948051948051948
2 0.42118055555555556 0.17996289424860853 0.08125 0.014842300556586271
0 0.1375 0.22077922077922077 0.14166666666666666 0.02040816326530612
2 0.42118055555555556 0.22077922077922077 0.08125 0.016697588126159554
0 0.11631944444444445 0.28014842300556586 0.10208333333333333 0.016697588126159554
2 0.42118055555555556 0.28061224489795916 0.08125 0.01948051948051948
0 0.12222222222222222 0.32142857142857145 0.11388888888888889 0.01948051948051948
2 0.42118055555555556 0.3209647495361781 0.08125 0.01855287569573284
0 0.15416666666666667 0.3608534322820037 0.17777777777777778 0.01855287569573284
2 0.42118055555555556 0.36178107606679033 0.08125 0.016697588126159554
0 0.12604166666666666 0.4007421150278293 0.12291666666666666 0.01855287569573284
2 0.42118055555555556 0.40166975881261596 0.08125 0.016697588126159554
0 0.1371527777777778 0.4401669758812616 0.14375 0.017625231910946195
2 0.42118055555555556 0.44155844155844154 0.08125 0.016697588126159554
0 0.1295138888888889 0.48283858998144713 0.1284722222222222 0.021335807050092765
2 0.42430555555555555 0.48330241187384043 0.075 0.016697588126159554
0 0.10798611111111112 0.5222634508348795 0.08541666666666667 0.02040816326530612
2 0.42118055555555556 0.5231910946196661 0.08125 0.016697588126159554
0 0.16319444444444445 0.563543599257885 0.19583333333333333 0.023191094619666047
2 0.42430555555555555 0.563543599257885 0.075 0.015769944341372914
0 0.1875 0.6038961038961039 0.24444444444444444 0.02040816326530612
2 0.42118055555555556 0.6038961038961039 0.08125 0.016697588126159554
0 0.16875 0.6451762523191095 0.20694444444444443 0.01948051948051948
2 0.42430555555555555 0.6437847866419295 0.075 0.016697588126159554
0 0.13576388888888888 0.6846011131725418 0.1423611111111111 0.02040816326530612
2 0.42118055555555556 0.6836734693877551 0.08125 0.016697588126159554
0 0.1597222222222222 0.7031539888682746 0.19027777777777777 0.022263450834879406
2 0.42118055555555556 0.7040816326530612 0.08125 0.016697588126159554
0 0.11388888888888889 0.7235621521335807 0.09722222222222222 0.016697588126159554
2 0.42118055555555556 0.7235621521335807 0.08125 0.016697588126159554
0 0.15625 0.7435064935064936 0.18194444444444444 0.017625231910946195
2 0.42118055555555556 0.7453617810760668 0.08125 0.017625231910946195
0 0.13125 0.7653061224489796 0.13333333333333333 0.02040816326530612
2 0.42430555555555555 0.7653061224489796 0.075 0.016697588126159554
2 0.42430555555555555 0.8033395176252319 0.075 0.016697588126159554
0 0.11388888888888889 0.8051948051948052 0.09722222222222222 0.016697588126159554
0 0.12222222222222222 0.8246753246753247 0.11388888888888889 0.02040816326530612
2 0.42118055555555556 0.8232838589981447 0.08125 0.01948051948051948
2 0.42430555555555555 0.8418367346938775 0.075 0.015769944341372914
0 0.12916666666666668 0.8474025974025974 0.12916666666666668 0.021335807050092765
1 0.26493055555555556 0.18877551020408162 0.39652777777777776 0.038033395176252316
1 0.2607638888888889 0.23608534322820038 0.3923611111111111 0.05473098330241188
1 0.2621527777777778 0.2917439703153989 0.39375 0.036178107606679034
1 0.26180555555555557 0.3293135435992579 0.39444444444444443 0.03896103896103896
1 0.26319444444444445 0.3692022263450835 0.39444444444444443 0.03710575139146568
1 0.2625 0.4100185528756957 0.3958333333333333 0.03710575139146568
1 0.2642361111111111 0.45222634508348797 0.39375 0.041743970315398886
1 0.2642361111111111 0.4939703153988868 0.3923611111111111 0.041743970315398886
1 0.2607638888888889 0.5333951762523191 0.3909722222222222 0.03339517625231911
1 0.26319444444444445 0.5732838589981447 0.39444444444444443 0.03525046382189239
1 0.2638888888888889 0.612708719851577 0.39444444444444443 0.038033395176252316
1 0.26319444444444445 0.6521335807050093 0.3958333333333333 0.03710575139146568
1 0.2625 0.6832096474953617 0.3958333333333333 0.021335807050092765
1 0.26319444444444445 0.7050092764378478 0.3972222222222222 0.02040816326530612
1 0.26284722222222223 0.724025974025974 0.39652777777777776 0.021335807050092765
1 0.2638888888888889 0.7448979591836735 0.39861111111111114 0.02040816326530612
1 0.26284722222222223 0.774582560296846 0.39652777777777776 0.03710575139146568
1 0.26284722222222223 0.8047309833024119 0.39791666666666664 0.021335807050092765
1 0.26284722222222223 0.8256029684601113 0.39791666666666664 0.02040816326530612
1 0.2642361111111111 0.8562152133580705 0.3951388888888889 0.03710575139146568
