0 0.6118055555555556 0.12464046021093 0.15138888888888888 0.024928092042186004
0 0.07951388888888888 0.12559923298178333 0.12152777777777778 0.02109300095877277
2 0.41909722222222223 0.12464046021093 0.08819444444444445 0.019175455417066157
2 0.9368055555555556 0.12559923298178333 0.08888888888888889 0.01725790987535954
0 0.5510416666666667 0.1653883029721956 0.02847222222222222 0.01821668264621285
2 0.9399305555555556 0.16682646212847554 0.08263888888888889 0.01725790987535954
0 0.08958333333333333 0.17929050814956854 0.14166666666666666 0.019175455417066157
2 0.42569444444444443 0.1797698945349952 0.075 0.016299137104506232
0 0.08715277777777777 0.20182166826462128 0.13680555555555557 0.01821668264621285
2 0.42569444444444443 0.20230105465004794 0.075 0.02109300095877277
0 0.07291666666666667 0.2267497603068073 0.10833333333333334 0.02205177372962608
2 0.42569444444444443 0.22627037392138064 0.075 0.01725790987535954
0 0.06666666666666667 0.24976030680728667 0.09583333333333334 0.020134228187919462
2 0.41909722222222223 0.24928092042186 0.08819444444444445 0.019175455417066157
0 0.5864583333333333 0.25071907957814 0.09930555555555555 0.02205177372962608
2 0.9399305555555556 0.24928092042186 0.08263888888888889 0.019175455417066157
0 0.6295138888888889 0.2722914669223394 0.18541666666666667 0.023010546500479387
2 0.9375 0.2722914669223394 0.0875 0.019175455417066157
0 0.08472222222222223 0.288111217641419 0.12916666666666668 0.02205177372962608
2 0.42256944444444444 0.28859060402684567 0.08125 0.019175455417066157
0 0.065625 0.31064237775647174 0.09097222222222222 0.019175455417066157
2 0.42291666666666666 0.3096836049856184 0.08055555555555556 0.024928092042186004
0 0.6670138888888889 0.31783317353787155 0.26180555555555557 0.020134228187919462
2 0.9361111111111111 0.31831255992329816 0.0875 0.01725790987535954
0 0.05694444444444444 0.3326941514860978 0.07361111111111111 0.01725790987535954
2 0.42256944444444444 0.3346116970278044 0.08125 0.01725790987535954
0 0.08541666666666667 0.35570469798657717 0.13055555555555556 0.02109300095877277
2 0.42256944444444444 0.3566634707574305 0.08125 0.019175455417066157
0 0.6416666666666667 0.36337488015340363 0.20972222222222223 0.02109300095877277
2 0.9368055555555556 0.3652924256951103 0.08611111111111111 0.01725790987535954
0 0.07152777777777777 0.38015340364333655 0.10277777777777777 0.02205177372962608
2 0.42256944444444444 0.38015340364333655 0.08125 0.01821668264621285
0 0.07118055555555555 0.39884947267497606 0.10347222222222222 0.019175455417066157
2 0.42256944444444444 0.40268456375838924 0.08125 0.01725790987535954
0 0.6451388888888889 0.41083413231064236 0.21666666666666667 0.02205177372962608
2 0.9375 0.41083413231064236 0.0875 0.01821668264621285
0 0.08854166666666667 0.42377756471716205 0.13819444444444445 0.019175455417066157
2 0.42256944444444444 0.425215723873442 0.08125 0.01821668264621285
0 0.06840277777777778 0.4477468839884947 0.09652777777777778 0.02109300095877277
2 0.4222222222222222 0.4482262703739214 0.08194444444444444 0.020134228187919462
0 0.6284722222222222 0.45589645254074784 0.18333333333333332 0.02205177372962608
2 0.9375 0.4563758389261745 0.0875 0.01725790987535954
0 0.07847222222222222 0.46931927133269413 0.11805555555555555 0.02205177372962608
2 0.41909722222222223 0.47171620325982744 0.08819444444444445 0.019175455417066157
0 0.06909722222222223 0.4928092042186002 0.09791666666666667 0.02109300095877277
2 0.41909722222222223 0.4942473633748802 0.08819444444444445 0.016299137104506232
0 0.575 0.50287631831256 0.0763888888888889 0.020134228187919462
2 0.9368055555555556 0.5033557046979866 0.08611111111111111 0.01725790987535954
0 0.06180555555555556 0.5148609779482263 0.08472222222222223 0.019175455417066157
2 0.41909722222222223 0.5177372962607862 0.08819444444444445 0.01725790987535954
0 0.07881944444444444 0.537392138063279 0.11736111111111111 0.020134228187919462
2 0.41909722222222223 0.5397890699904123 0.08819444444444445 0.019175455417066157
0 0.671875 0.5479386385426653 0.2701388888888889 0.020134228187919462
2 0.9368055555555556 0.548418024928092 0.08611111111111111 0.01725790987535954
0 0.10173611111111111 0.5608820709491851 0.16319444444444445 0.02109300095877277
2 0.41909722222222223 0.5637583892617449 0.08819444444444445 0.019175455417066157
0 0.06527777777777778 0.5848513902205177 0.09027777777777778 0.02109300095877277
2 0.41909722222222223 0.585810162991371 0.08819444444444445 0.01725790987535954
0 0.5934027777777777 0.5934803451581975 0.11319444444444444 0.019175455417066157
2 0.9371527777777777 0.5944391179290508 0.08819444444444445 0.019175455417066157
0 0.5739583333333333 0.6160115052732502 0.07430555555555556 0.020134228187919462
2 0.9368055555555556 0.6184084372003835 0.08611111111111111 0.01725790987535954
0 0.59375 0.6399808245445829 0.11388888888888889 0.02205177372962608
2 0.9375 0.6404602109300096 0.0875 0.019175455417066157
0 0.5680555555555555 0.662032598274209 0.0625 0.02205177372962608
2 0.9368055555555556 0.6644295302013423 0.08611111111111111 0.019175455417066157
0 0.6534722222222222 0.6888782358581016 0.23333333333333334 0.02588686481303931
2 0.9375 0.6855225311601151 0.0875 0.019175455417066157
0 0.08819444444444445 0.7181208053691275 0.1388888888888889 0.024928092042186004
2 0.41909722222222223 0.7190795781399808 0.08819444444444445 0.01725790987535954
0 0.6510416666666666 0.7334611697027804 0.2298611111111111 0.024928092042186004
2 0.9375 0.7315436241610739 0.0875 0.01725790987535954
0 0.09166666666666666 0.7416107382550335 0.14583333333333334 0.023969319271332695
2 0.41909722222222223 0.7416107382550335 0.08819444444444445 0.01821668264621285
0 0.07361111111111111 0.7641418983700863 0.10694444444444444 0.02109300095877277
2 0.41909722222222223 0.7651006711409396 0.08819444444444445 0.019175455417066157
0 0.6576388888888889 0.7799616490891659 0.24166666666666667 0.023969319271332695
2 0.9368055555555556 0.7775647171620326 0.08611111111111111 0.019175455417066157
0 0.051041666666666666 0.7871524448705657 0.06180555555555556 0.01725790987535954
2 0.42256944444444444 0.788111217641419 0.08125 0.019175455417066157
0 0.06701388888888889 0.8087248322147651 0.09513888888888888 0.020134228187919462
2 0.41909722222222223 0.8111217641418984 0.08819444444444445 0.01725790987535954
0 0.6315972222222223 0.8235858101629914 0.18958333333333333 0.02109300095877277
2 0.9361111111111111 0.8245445829338447 0.0875 0.019175455417066157
0 0.06944444444444445 0.8317353787152445 0.09861111111111111 0.020134228187919462
2 0.42256944444444444 0.8331735378715245 0.08125 0.019175455417066157
0 0.07256944444444445 0.8537871524448706 0.10486111111111111 0.020134228187919462
2 0.42256944444444444 0.8557046979865772 0.08125 0.01821668264621285
0 0.6288194444444445 0.8705656759348035 0.1840277777777778 0.024928092042186004
2 0.9368055555555556 0.8691275167785235 0.09027777777777778 0.020134228187919462
1 0.24131944444444445 0.12320230105465005 0.44513888888888886 0.023969319271332695
1 0.23923611111111112 0.18168744007670182 0.4395833333333333 0.020134228187919462
1 0.24027777777777778 0.31064237775647174 0.4444444444444444 0.02109300095877277
1 0.240625 0.2267497603068073 0.44375 0.02588686481303931
1 0.2388888888888889 0.25071907957814 0.44166666666666665 0.016299137104506232
1 0.24305555555555555 0.28763183125599234 0.44305555555555554 0.023010546500479387
1 0.2423611111111111 0.40268456375838924 0.44583333333333336 0.023010546500479387
1 0.24270833333333333 0.33413231064237775 0.44513888888888886 0.02205177372962608
1 0.24375 0.3552253116011505 0.44583333333333336 0.020134228187919462
1 0.240625 0.3796740172579099 0.44375 0.023010546500479387
1 0.24305555555555555 0.4463087248322148 0.44583333333333336 0.020134228187919462
1 0.24131944444444445 0.42377756471716205 0.44375 0.028763183125599234
1 0.240625 0.4707574304889741 0.44375 0.024928092042186004
1 0.24131944444444445 0.49328859060402686 0.4423611111111111 0.023969319271332695
1 0.2420138888888889 0.5148609779482263 0.4423611111111111 0.024928092042186004
1 0.2423611111111111 0.5378715244487057 0.44305555555555554 0.024928092042186004
1 0.24340277777777777 0.5618408437200384 0.4423611111111111 0.019175455417066157
1 0.24305555555555555 0.5838926174496645 0.44166666666666665 0.019175455417066157
1 0.240625 0.7195589645254075 0.4423611111111111 0.02205177372962608
1 0.24340277777777777 0.786673058485139 0.4465277777777778 0.020134228187919462
1 0.24270833333333333 0.7636625119846596 0.44375 0.020134228187919462
1 0.24270833333333333 0.8322147651006712 0.44513888888888886 0.023010546500479387
1 0.24166666666666667 0.8096836049856184 0.4444444444444444 0.020134228187919462
1 0.240625 0.8537871524448706 0.4423611111111111 0.02205177372962608
1 0.7597222222222222 0.12272291466922339 0.44583333333333336 0.024928092042186004
1 0.759375 0.16490891658676893 0.44513888888888886 0.023010546500479387
1 0.7576388888888889 0.2521572387344199 0.4444444444444444 0.02109300095877277
1 0.7604166666666666 0.2722914669223394 0.44583333333333336 0.023010546500479387
1 0.7583333333333333 0.3302972195589645 0.44305555555555554 0.04314477468839885
1 0.7572916666666667 0.37583892617449666 0.4423611111111111 0.04793863854266539
1 0.7597222222222222 0.4218600191754554 0.44305555555555554 0.04410354745925216
1 0.7579861111111111 0.46596356663470756 0.4409722222222222 0.046021093000958774
1 0.7586805555555556 0.50143815915628 0.44375 0.026845637583892617
1 0.7586805555555556 0.5618408437200384 0.44375 0.04985618408437201
1 0.7583333333333333 0.5982742090124641 0.44305555555555554 0.023010546500479387
1 0.7586805555555556 0.6160115052732502 0.44513888888888886 0.020134228187919462
1 0.7597222222222222 0.6874400767018217 0.4444444444444444 0.023010546500479387
1 0.7586805555555556 0.6639501438159157 0.4423611111111111 0.023969319271332695
1 0.7597222222222222 0.7411313518696069 0.4444444444444444 0.04410354745925216
1 0.7590277777777777 0.7890699904122723 0.44166666666666665 0.038350910834132314
1 0.7600694444444445 0.8374880153403643 0.4409722222222222 0.04697986577181208
1 0.7597222222222222 0.8806327900287632 0.44583333333333336 0.04314477468839885
1 0.23854166666666668 0.7416107382550335 0.4423611111111111 0.02205177372962608
1 0.24131944444444445 0.20182166826462128 0.44513888888888886 0.023969319271332695
1 0.7586805555555556 0.6399808245445829 0.4423611111111111 0.023969319271332695
