0 0.1329923273657289 0.2544453852667231 0.14578005115089515 0.024555461473327687
2 0.38171355498721227 0.2544453852667231 0.04475703324808184 0.01947502116850127
0 0.1329923273657289 0.283657917019475 0.14578005115089515 0.023708721422523286
2 0.38171355498721227 0.28281117696867064 0.04475703324808184 0.018628281117696866
0 0.14066496163682865 0.3111769686706181 0.16112531969309463 0.02286198137171888
2 0.38171355498721227 0.3111769686706181 0.04475703324808184 0.017781541066892465
0 0.14066496163682865 0.33911939034716343 0.1585677749360614 0.021168501270110076
2 0.38171355498721227 0.3399661303979678 0.04475703324808184 0.017781541066892465
0 0.149616368286445 0.36536833192209994 0.1815856777493606 0.026248941574936496
2 0.3829923273657289 0.3674851820491109 0.049872122762148335 0.02032176121930567
0 0.1278772378516624 0.39458086367485184 0.14066496163682865 0.02032176121930567
2 0.3829923273657289 0.39458086367485184 0.04731457800511509 0.02032176121930567
0 0.1432225063938619 0.4225232853513971 0.16624040920716113 0.027095681625740897
2 0.3829923273657289 0.4246401354784081 0.04731457800511509 0.017781541066892465
0 0.12276214833759591 0.4504657070279424 0.12276214833759591 0.02032176121930567
2 0.38235294117647056 0.451735817104149 0.04859335038363171 0.017781541066892465
0 0.16432225063938619 0.48052497883149875 0.20588235294117646 0.02286198137171888
2 0.3829923273657289 0.48052497883149875 0.04731457800511509 0.017781541066892465
0 0.16176470588235295 0.5067739204064352 0.20332480818414322 0.024555461473327687
2 0.3829923273657289 0.5084674005080441 0.04731457800511509 0.01947502116850127
0 0.159846547314578 0.5347163420829806 0.2020460358056266 0.02286198137171888
2 0.38235294117647056 0.5355630821337849 0.04859335038363171 0.01947502116850127
2 0.9315856777493606 0.6206604572396275 0.04731457800511509 0.02032176121930567
0 0.659846547314578 0.6223539373412362 0.1432225063938619 0.02032176121930567
0 0.7269820971867008 0.6494496189669772 0.2749360613810742 0.023708721422523286
2 0.9315856777493606 0.6490262489415749 0.04731457800511509 0.01947502116850127
2 0.9315856777493606 0.6773920406435224 0.04731457800511509 0.018628281117696866
0 0.6636828644501279 0.6799322607959356 0.14578005115089515 0.02540220152413209
0 0.6425831202046036 0.707874682472481 0.10869565217391304 0.027095681625740897
2 0.7723785166240409 0.7366638441998307 0.3657289002557545 0.02540220152413209
0 0.19053708439897699 0.8289585097375106 0.1329923273657289 0.018628281117696866
2 0.42455242966751916 0.8336155800169348 0.04603580562659847 0.01947502116850127
0 0.17710997442455242 0.8585944115156647 0.11125319693094629 0.018628281117696866
2 0.42455242966751916 0.8619813717188823 0.04603580562659847 0.02032176121930567
0 0.19820971867007672 0.88653683319221 0.15089514066496162 0.027095681625740897
2 0.42455242966751916 0.8899237933954276 0.04603580562659847 0.018628281117696866
0 0.23657289002557544 0.915749364944962 0.23017902813299232 0.024555461473327687
2 0.42455242966751916 0.9182895850973751 0.04603580562659847 0.01947502116850127
0 0.20012787723785166 0.9432684165961049 0.15728900255754474 0.018628281117696866
2 0.42455242966751916 0.9466553767993227 0.04859335038363171 0.02201524132091448
1 0.23081841432225064 0.2557154953429297 0.3414322250639386 0.028789161727349702
1 0.23017902813299232 0.28408128704487723 0.340153452685422 0.026248941574936496
1 0.23081841432225064 0.3128704487722269 0.3388746803069054 0.02286198137171888
1 0.23017902813299232 0.3386960203217612 0.34271099744245526 0.023708721422523286
1 0.23081841432225064 0.36663844199830653 0.3414322250639386 0.027095681625740897
1 0.23017902813299232 0.39627434377646065 0.34782608695652173 0.023708721422523286
1 0.23145780051150894 0.4242167654530059 0.3452685421994885 0.02540220152413209
1 0.23337595907928388 0.4521591871295512 0.34398976982097185 0.027095681625740897
1 0.23273657289002558 0.4813717188823031 0.34271099744245526 0.02286198137171888
1 0.23465473145780052 0.5067739204064352 0.3491048593350384 0.026248941574936496
1 0.2340153452685422 0.5355630821337849 0.35294117647058826 0.026248941574936496
1 0.7717391304347826 0.6227773073666384 0.3670076726342711 0.02286198137171888
1 0.768542199488491 0.6511430990685859 0.3631713554987212 0.023708721422523286
1 0.7710997442455243 0.7370872142252328 0.37084398976982097 0.0279424216765453
1 0.7710997442455243 0.6883996613039797 0.3631713554987212 0.05080440304826418
1 0.2864450127877238 0.831922099915326 0.3273657289002558 0.024555461473327687
1 0.2826086956521739 0.859441151566469 0.319693094629156 0.02201524132091448
1 0.28388746803069054 0.8878069432684166 0.3248081841432225 0.026248941574936496
1 0.28452685421994883 0.9170194750211685 0.3235294117647059 0.027095681625740897
1 0.2819693094629156 0.9441151566469094 0.3235294117647059 0.027095681625740897
0 0.8395140664961637 0.7066045723962744 0.06777493606138107 0.024555461473327687
0 0.7525575447570333 0.707874682472481 0.10869565217391304 0.027095681625740897
