0 0.18728222996515678 0.06866197183098592 0.2735191637630662 0.02464788732394366
0 0.2038327526132404 0.09683098591549295 0.30662020905923343 0.02464788732394366
0 0.17073170731707318 0.1936619718309859 0.23693379790940766 0.028169014084507043
0 0.22996515679442509 0.22300469483568075 0.34843205574912894 0.023474178403755867
0 0.2857142857142857 0.2494131455399061 0.4634146341463415 0.022300469483568074
0 0.24303135888501742 0.2764084507042254 0.3780487804878049 0.02464788732394366
0 0.18989547038327526 0.3039906103286385 0.28222996515679444 0.025821596244131457
0 0.1402439024390244 0.33274647887323944 0.16898954703832753 0.02464788732394366
0 0.16289198606271776 0.36032863849765256 0.22125435540069685 0.023474178403755867
0 0.17857142857142858 0.38791079812206575 0.24912891986062718 0.02464788732394366
0 0.11672473867595819 0.4818075117370892 0.13240418118466898 0.02464788732394366
0 0.18728222996515678 0.5093896713615024 0.2700348432055749 0.025821596244131457
0 0.18292682926829268 0.5369718309859155 0.2578397212543554 0.022300469483568074
0 0.1297909407665505 0.5651408450704225 0.15505226480836237 0.029342723004694836
0 0.21341463414634146 0.5921361502347418 0.31881533101045295 0.02464788732394366
0 0.1672473867595819 0.6895539906103286 0.23344947735191637 0.02464788732394366
0 0.13850174216027875 0.7188967136150235 0.1759581881533101 0.022300469483568074
0 0.17421602787456447 0.8110328638497653 0.24041811846689895 0.025821596244131457
0 0.19337979094076654 0.8403755868544601 0.28222996515679444 0.028169014084507043
0 0.23519163763066203 0.8667840375586855 0.36585365853658536 0.02699530516431925
0 0.23519163763066203 0.8955399061032864 0.3623693379790941 0.023474178403755867
0 0.24390243902439024 0.9225352112676056 0.3797909407665505 0.023474178403755867
0 0.27439024390243905 0.9507042253521126 0.44076655052264807 0.025821596244131457
0 0.22822299651567945 0.9782863849765259 0.3554006968641115 0.02464788732394366
