0 0.8079710144927537 0.2759486607142857 0.12560386473429952 0.009486607142857142
2 0.7765700483091788 0.3021763392857143 0.057971014492753624 0.008370535714285714
0 0.6231884057971014 0.3529575892857143 0.13285024154589373 0.010602678571428572
2 0.5935990338164251 0.3814174107142857 0.06884057971014493 0.009486607142857142
0 0.8405797101449275 0.3833705357142857 0.17391304347826086 0.012276785714285714
2 0.7892512077294686 0.40931919642857145 0.05676328502415459 0.007254464285714286
0 0.26811594202898553 0.48521205357142855 0.15217391304347827 0.012834821428571428
0 0.5404589371980676 0.49051339285714285 0.17028985507246377 0.008928571428571428
0 0.841183574879227 0.48995535714285715 0.1292270531400966 0.010044642857142858
2 0.23128019323671498 0.513671875 0.06642512077294686 0.009486607142857142
2 0.482487922705314 0.5164620535714286 0.05434782608695652 0.008370535714285714
2 0.8085748792270532 0.5170200892857143 0.051932367149758456 0.008370535714285714
0 0.24758454106280192 0.6258370535714286 0.3357487922705314 0.01171875
0 0.6256038647342995 0.6258370535714286 0.1497584541062802 0.010602678571428572
2 0.11352657004830918 0.6531808035714286 0.057971014492753624 0.008370535714285714
2 0.5785024154589372 0.6531808035714286 0.057971014492753624 0.008370535714285714
0 0.2028985507246377 0.7578125 0.22946859903381642 0.013392857142857142
0 0.6539855072463768 0.7583705357142857 0.213768115942029 0.011160714285714286
2 0.11956521739130435 0.787109375 0.057971014492753624 0.008370535714285714
2 0.5791062801932367 0.7882254464285714 0.05434782608695652 0.008370535714285714
1 0.8097826086956522 0.2890625 0.1292270531400966 0.03571428571428571
1 0.6231884057971014 0.3657924107142857 0.13768115942028986 0.040736607142857144
1 0.8417874396135265 0.39481026785714285 0.17391304347826086 0.03404017857142857
1 0.2717391304347826 0.4986049107142857 0.16183574879227053 0.03962053571428571
1 0.5410628019323671 0.5033482142857143 0.17391304347826086 0.03459821428571429
1 0.8405797101449275 0.5022321428571429 0.13285024154589373 0.036830357142857144
1 0.24818840579710144 0.638671875 0.3321256038647343 0.03627232142857143
1 0.626207729468599 0.638671875 0.15579710144927536 0.03627232142857143
1 0.20350241545893719 0.7717633928571429 0.23309178743961353 0.041294642857142856
1 0.6545893719806763 0.7737165178571429 0.21256038647342995 0.040736607142857144
