0 0.15942028985507245 0.34458705357142855 0.1497584541062802 0.010602678571428572
0 0.3961352657004831 0.3451450892857143 0.2318840579710145 0.012834821428571428
0 0.657608695652174 0.35658482142857145 0.20169082125603865 0.013392857142857142
2 0.5960144927536232 0.38364955357142855 0.08091787439613526 0.009486607142857142
2 0.11473429951690821 0.37137276785714285 0.057971014492753624 0.008370535714285714
2 0.3073671497584541 0.3716517857142857 0.049516908212560384 0.006696428571428571
0 0.5929951690821256 0.46568080357142855 0.13285024154589373 0.009486607142857142
0 0.8466183574879227 0.4654017857142857 0.1859903381642512 0.012276785714285714
0 0.36594202898550726 0.48995535714285715 0.23429951690821257 0.014508928571428572
2 0.5543478260869565 0.49190848214285715 0.057971014492753624 0.008370535714285714
2 0.782608695652174 0.49190848214285715 0.057971014492753624 0.008370535714285714
2 0.2711352657004831 0.5164620535714286 0.049516908212560384 0.008370535714285714
0 0.5253623188405797 0.5549665178571429 0.0966183574879227 0.010602678571428572
2 0.5036231884057971 0.580078125 0.057971014492753624 0.008370535714285714
0 0.19927536231884058 0.6049107142857143 0.22946859903381642 0.011160714285714286
0 0.6086956521739131 0.6213727678571429 0.18840579710144928 0.025111607142857144
2 0.11473429951690821 0.6325334821428571 0.057971014492753624 0.007254464285714286
2 0.5471014492753623 0.6414620535714286 0.057971014492753624 0.008370535714285714
0 0.4776570048309179 0.666015625 0.23067632850241546 0.016183035714285716
2 0.4003623188405797 0.6950334821428571 0.06642512077294686 0.008370535714285714
0 0.8327294685990339 0.7583705357142857 0.12439613526570048 0.010044642857142858
0 0.6370772946859904 0.7678571428571429 0.16545893719806765 0.010044642857142858
2 0.5887681159420289 0.7935267857142857 0.05676328502415459 0.010044642857142858
2 0.8109903381642513 0.794921875 0.05676328502415459 0.008370535714285714
1 0.6382850241545893 0.7801339285714286 0.16545893719806765 0.03571428571428571
1 0.8647342995169082 0.7776227678571429 0.178743961352657 0.04743303571428571
1 0.47946859903381644 0.6785714285714286 0.2318840579710145 0.04352678571428571
1 0.6068840579710145 0.6275111607142857 0.1823671497584541 0.03515625
1 0.20048309178743962 0.6188616071428571 0.22946859903381642 0.03459821428571429
1 0.5265700483091788 0.56640625 0.09903381642512077 0.03794642857142857
1 0.36292270531400966 0.5025111607142857 0.24033816425120774 0.03515625
1 0.5887681159420289 0.47767857142857145 0.13647342995169082 0.036830357142857144
1 0.8460144927536232 0.47823660714285715 0.19202898550724637 0.03794642857142857
1 0.15881642512077296 0.35825892857142855 0.15338164251207728 0.03571428571428571
1 0.3943236714975845 0.35770089285714285 0.23550724637681159 0.036830357142857144
1 0.6539855072463768 0.36941964285714285 0.20169082125603865 0.04017857142857143
0 0.8605072463768116 0.7678571428571429 0.1751207729468599 0.011160714285714286
