0 0.5706521739130435 0.29324776785714285 0.18719806763285024 0.009486607142857142
0 0.15458937198067632 0.30050223214285715 0.14009661835748793 0.010602678571428572
2 0.5036231884057971 0.32254464285714285 0.06280193236714976 0.011160714285714286
2 0.11473429951690821 0.341796875 0.057971014492753624 0.008370535714285714
0 0.5356280193236715 0.38671875 0.15579710144927536 0.008928571428571428
2 0.48792270531400966 0.412109375 0.05555555555555555 0.008370535714285714
0 0.16908212560386474 0.45982142857142855 0.16183574879227053 0.012276785714285714
0 0.5150966183574879 0.484375 0.17995169082125603 0.008928571428571428
2 0.12016908212560387 0.48856026785714285 0.06884057971014493 0.009486607142857142
2 0.45108695652173914 0.5106026785714286 0.049516908212560384 0.006696428571428571
0 0.1316425120772947 0.5979352678571429 0.09420289855072464 0.007254464285714286
2 0.5024154589371981 0.6141183035714286 0.06038647342995169 0.008370535714285714
2 0.11473429951690821 0.6330915178571429 0.057971014492753624 0.007254464285714286
0 0.519927536231884 0.6780133928571429 0.2113526570048309 0.011160714285714286
2 0.44021739130434784 0.708984375 0.049516908212560384 0.010602678571428572
0 0.8484299516908212 0.7633928571428571 0.18961352657004832 0.012276785714285714
2 0.783816425120773 0.7932477678571429 0.057971014492753624 0.008370535714285714
1 0.15217391304347827 0.32114955357142855 0.14251207729468598 0.04966517857142857
1 0.5682367149758454 0.30943080357142855 0.19202898550724637 0.04296875
1 0.5362318840579711 0.3989955357142857 0.15942028985507245 0.036830357142857144
1 0.16666666666666666 0.47181919642857145 0.16908212560386474 0.03962053571428571
1 0.5150966183574879 0.4966517857142857 0.17995169082125603 0.033482142857142856
1 0.14251207729468598 0.6149553571428571 0.11835748792270531 0.04352678571428571
0 0.5422705314009661 0.5845424107142857 0.14009661835748793 0.010602678571428572
1 0.5434782608695652 0.5987723214285714 0.1473429951690821 0.0390625
1 0.8478260869565217 0.7779017857142857 0.18840579710144928 0.0390625
1 0.5205314009661836 0.6925223214285714 0.21014492753623187 0.041294642857142856
0 0.13345410628019325 0.30887276785714285 0.10748792270531402 0.008370535714285714
0 0.13043478260869565 0.6060267857142857 0.0966183574879227 0.010044642857142858
