0 0.6757246376811594 0.36104910714285715 0.18961352657004832 0.010044642857142858
0 0.6141304347826086 0.38643973214285715 0.05676328502415459 0.007254464285714286
0 0.13285024154589373 0.43973214285714285 0.15458937198067632 0.010044642857142858
0 0.08152173913043478 0.46512276785714285 0.049516908212560384 0.008370535714285714
0 0.5990338164251208 0.5647321428571429 0.16666666666666666 0.011160714285714286
0 0.5428743961352657 0.5906808035714286 0.05676328502415459 0.008370535714285714
0 0.125 0.5945870535714286 0.14130434782608695 0.010602678571428572
0 0.08152173913043478 0.6353236607142857 0.049516908212560384 0.007254464285714286
0 0.12318840579710146 0.7078683035714286 0.13285024154589373 0.009486607142857142
0 0.08514492753623189 0.748046875 0.049516908212560384 0.007254464285714286
0 0.32367149758454106 0.7491629464285714 0.13285024154589373 0.008370535714285714
0 0.5259661835748792 0.7684151785714286 0.1316425120772947 0.010044642857142858
0 0.2832125603864734 0.7829241071428571 0.049516908212560384 0.008928571428571428
0 0.48731884057971014 0.7938058035714286 0.049516908212560384 0.007254464285714286
1 0.6745169082125604 0.37332589285714285 0.18719806763285024 0.03571428571428571
1 0.13103864734299517 0.453125 0.15579710144927536 0.03571428571428571
1 0.6002415458937198 0.5758928571428571 0.16908212560386474 0.03459821428571429
1 0.12439613526570048 0.6149553571428571 0.14009661835748793 0.05022321428571429
1 0.12620772946859904 0.7282366071428571 0.14130434782608695 0.05133928571428571
1 0.3248792270531401 0.7659040178571429 0.14492753623188406 0.045200892857142856
1 0.5301932367149759 0.7804129464285714 0.14009661835748793 0.03404017857142857
0 0.12258454106280194 0.6051897321428571 0.14130434782608695 0.010602678571428572
0 0.12439613526570048 0.7162388392857143 0.13285024154589373 0.009486607142857142
0 0.3085748792270531 0.7575334821428571 0.09782608695652174 0.009486607142857142
