0 0.7626811594202898 0.22433035714285715 0.18961352657004832 0.011160714285714286
2 0.6980676328502415 0.26088169642857145 0.05555555555555555 0.009486607142857142
0 0.24516908212560387 0.37193080357142855 0.1570048309178744 0.013950892857142858
2 0.19927536231884058 0.40066964285714285 0.06038647342995169 0.010044642857142858
0 0.1111111111111111 0.55078125 0.1111111111111111 0.012276785714285714
0 0.47101449275362317 0.5510602678571429 0.2246376811594203 0.013950892857142858
0 0.7608695652173914 0.5518973214285714 0.1497584541062802 0.012276785714285714
2 0.08816425120772947 0.576171875 0.06038647342995169 0.008370535714285714
2 0.3888888888888889 0.578125 0.057971014492753624 0.006696428571428571
2 0.7131642512077294 0.5767299107142857 0.051932367149758456 0.007254464285714286
0 0.15640096618357488 0.7670200892857143 0.19927536231884058 0.012834821428571428
0 0.7016908212560387 0.7619977678571429 0.22946859903381642 0.012834821428571428
0 0.42028985507246375 0.7672991071428571 0.2318840579710145 0.012276785714285714
2 0.3303140096618358 0.7935267857142857 0.04710144927536232 0.0078125
2 0.08333333333333333 0.7932477678571429 0.05314009661835749 0.008370535714285714
2 0.6141304347826086 0.7943638392857143 0.049516908212560384 0.008370535714285714
1 0.2614734299516908 0.384765625 0.19444444444444445 0.040736607142857144
1 0.10809178743961352 0.5630580357142857 0.10990338164251208 0.03571428571428571
1 0.46799516908212563 0.5638950892857143 0.21859903381642512 0.040736607142857144
1 0.7602657004830918 0.5625 0.14855072463768115 0.03571428571428571
1 0.15458937198067632 0.7798549107142857 0.2028985507246377 0.037388392857142856
1 0.42089371980676327 0.779296875 0.23792270531400966 0.03627232142857143
1 0.7004830917874396 0.7776227678571429 0.22946859903381642 0.04185267857142857
1 0.7638888888888888 0.24274553571428573 0.19685990338164253 0.049107142857142856
