0 0.6171497584541062 0.3189174107142857 0.21739130434782608 0.013950892857142858
2 0.5452898550724637 0.34793526785714285 0.06884057971014493 0.009486607142857142
0 0.20048309178743962 0.45145089285714285 0.2632850241545894 0.013392857142857142
0 0.6153381642512077 0.45870535714285715 0.19202898550724637 0.012276785714285714
2 0.10567632850241546 0.48074776785714285 0.06884057971014493 0.009486607142857142
2 0.5513285024154589 0.486328125 0.05676328502415459 0.008370535714285714
0 0.8303140096618358 0.5943080357142857 0.19444444444444445 0.013392857142857142
0 0.2530193236714976 0.6026785714285714 0.2741545893719807 0.014508928571428572
2 0.7711352657004831 0.623046875 0.06884057971014493 0.008370535714285714
2 0.15338164251207728 0.6325334821428571 0.07004830917874397 0.008370535714285714
0 0.196256038647343 0.7686941964285714 0.27898550724637683 0.012834821428571428
0 0.783816425120773 0.7678571428571429 0.32608695652173914 0.011160714285714286
0 0.08393719806763285 0.7938058035714286 0.051932367149758456 0.008370535714285714
0 0.4172705314009662 0.7938058035714286 0.049516908212560384 0.008370535714285714
0 0.6455314009661836 0.7943638392857143 0.049516908212560384 0.007254464285714286
0 0.46316425120772947 0.7684151785714286 0.14130434782608695 0.010044642857142858
1 0.6183574879227053 0.33286830357142855 0.21497584541062803 0.03962053571428571
1 0.20108695652173914 0.46456473214285715 0.2669082125603865 0.040736607142857144
1 0.6129227053140096 0.4712611607142857 0.18961352657004832 0.03962053571428571
1 0.2536231884057971 0.6171875 0.2753623188405797 0.04241071428571429
1 0.8303140096618358 0.6077008928571429 0.18961352657004832 0.0390625
1 0.196256038647343 0.7804129464285714 0.286231884057971 0.03627232142857143
1 0.46316425120772947 0.7809709821428571 0.1461352657004831 0.03627232142857143
1 0.7814009661835749 0.7804129464285714 0.3285024154589372 0.03404017857142857
0 0.1926328502415459 0.767578125 0.27898550724637683 0.012834821428571428
