0 0.8309178743961353 0.34654017857142855 0.16666666666666666 0.010044642857142858
0 0.4257246376811594 0.3515625 0.11231884057971014 0.008928571428571428
2 0.3919082125603865 0.376953125 0.049516908212560384 0.008370535714285714
2 0.7723429951690821 0.380859375 0.049516908212560384 0.008370535714285714
0 0.1286231884057971 0.46456473214285715 0.14130434782608695 0.01171875
0 0.3695652173913043 0.46484375 0.1570048309178744 0.010044642857142858
0 0.6153381642512077 0.4642857142857143 0.15579710144927536 0.010044642857142858
0 0.8671497584541062 0.4654017857142857 0.13768115942028986 0.010044642857142858
2 0.31582125603864736 0.49190848214285715 0.049516908212560384 0.008370535714285714
2 0.5652173913043478 0.4916294642857143 0.06038647342995169 0.010044642857142858
2 0.8272946859903382 0.49190848214285715 0.057971014492753624 0.008370535714285714
2 0.08514492753623189 0.4935825892857143 0.049516908212560384 0.007254464285714286
0 0.5948067632850241 0.5691964285714286 0.10748792270531402 0.010044642857142858
0 0.125 0.5705915178571429 0.10748792270531402 0.010602678571428572
0 0.37318840579710144 0.57421875 0.06763285024154589 0.008928571428571428
0 0.8629227053140096 0.5739397321428571 0.10265700483091787 0.010602678571428572
2 0.5658212560386473 0.5965401785714286 0.049516908212560384 0.006696428571428571
2 0.36292270531400966 0.6004464285714286 0.051932367149758456 0.006696428571428571
2 0.8375603864734299 0.6012834821428571 0.049516908212560384 0.008370535714285714
0 0.09722222222222222 0.603515625 0.051932367149758456 0.008370535714285714
0 0.3894927536231884 0.6796875 0.18961352657004832 0.012276785714285714
0 0.7977053140096618 0.7036830357142857 0.20169082125603865 0.010044642857142858
2 0.3303140096618358 0.7078683035714286 0.06642512077294686 0.008370535714285714
0 0.5748792270531401 0.7594866071428571 0.12077294685990338 0.010044642857142858
0 0.8635265700483091 0.759765625 0.15942028985507245 0.01171875
0 0.3085748792270531 0.7592075892857143 0.11714975845410629 0.010602678571428572
2 0.27958937198067635 0.7938058035714286 0.05434782608695652 0.008370535714285714
2 0.5428743961352657 0.7943638392857143 0.05676328502415459 0.007254464285714286
2 0.8091787439613527 0.7938058035714286 0.04830917874396135 0.008370535714285714
2 0.09480676328502416 0.6023995535714286 0.051932367149758456 0.008370535714285714
2 0.7240338164251208 0.7293526785714286 0.049516908212560384 0.0078125
1 0.42632850241545894 0.36411830357142855 0.11594202898550725 0.032924107142857144
1 0.841183574879227 0.36300223214285715 0.19444444444444445 0.04296875
1 0.1292270531400966 0.4790736607142857 0.1497584541062802 0.03850446428571429
1 0.3677536231884058 0.47739955357142855 0.16304347826086957 0.03515625
1 0.6141304347826086 0.47739955357142855 0.16545893719806765 0.03627232142857143
1 0.8713768115942029 0.4779575892857143 0.15096618357487923 0.037388392857142856
1 0.1280193236714976 0.5862165178571429 0.11835748792270531 0.04185267857142857
1 0.3713768115942029 0.5867745535714286 0.07125603864734299 0.032924107142857144
1 0.6038647342995169 0.5825892857142857 0.12318840579710146 0.03571428571428571
1 0.8623188405797102 0.5864955357142857 0.10869565217391304 0.03794642857142857
1 0.3894927536231884 0.6930803571428571 0.18719806763285024 0.03794642857142857
1 0.7971014492753623 0.7156808035714286 0.20531400966183574 0.03515625
1 0.3085748792270531 0.7762276785714286 0.1292270531400966 0.04352678571428571
1 0.5730676328502415 0.7759486607142857 0.12681159420289856 0.04408482142857143
1 0.8635265700483091 0.7762276785714286 0.16183574879227053 0.04575892857142857
0 0.571256038647343 0.7678571428571429 0.12077294685990338 0.010044642857142858
0 0.3061594202898551 0.7681361607142857 0.11714975845410629 0.010602678571428572
