0 0.5730676328502415 0.24776785714285715 0.12681159420289856 0.011160714285714286
2 0.5440821256038647 0.2759486607142857 0.06884057971014493 0.010602678571428572
0 0.31521739130434784 0.326171875 0.13768115942028986 0.01171875
0 0.09963768115942029 0.41768973214285715 0.08333333333333333 0.01171875
0 0.8321256038647343 0.42661830357142855 0.21497584541062803 0.010602678571428572
2 0.7590579710144928 0.453125 0.07367149758454106 0.008928571428571428
0 0.14070048309178743 0.5421316964285714 0.1751207729468599 0.01171875
0 0.40942028985507245 0.5505022321428571 0.13526570048309178 0.010602678571428572
2 0.08333333333333333 0.5672433035714286 0.057971014492753624 0.008370535714285714
2 0.37016908212560384 0.576171875 0.06159420289855073 0.008370535714285714
2 0.6696859903381642 0.5736607142857143 0.05676328502415459 0.008928571428571428
2 0.08635265700483091 0.6774553571428571 0.06159420289855073 0.008928571428571428
2 0.32306763285024154 0.677734375 0.05434782608695652 0.008370535714285714
0 0.7198067632850241 0.5482700892857143 0.1642512077294686 0.01171875
0 0.10809178743961352 0.6487165178571429 0.10507246376811594 0.012834821428571428
0 0.3327294685990338 0.6478794642857143 0.0929951690821256 0.010044642857142858
0 0.1105072463768116 0.7642299107142857 0.11714975845410629 0.01171875
0 0.6105072463768116 0.7639508928571429 0.08091787439613526 0.012276785714285714
2 0.35144927536231885 0.7932477678571429 0.04830917874396135 0.006138392857142857
2 0.08816425120772947 0.7935267857142857 0.06038647342995169 0.008928571428571428
0 0.3894927536231884 0.7678571428571429 0.1292270531400966 0.012276785714285714
2 0.6105072463768116 0.79296875 0.07367149758454106 0.011160714285714286
2 0.09359903381642512 0.44447544642857145 0.06642512077294686 0.009486607142857142
1 0.10567632850241546 0.43136160714285715 0.09541062801932366 0.03794642857142857
1 0.8254830917874396 0.4400111607142857 0.213768115942029 0.037388392857142856
1 0.14009661835748793 0.5524553571428571 0.17632850241545894 0.03571428571428571
1 0.4082125603864734 0.5625 0.13526570048309178 0.03459821428571429
1 0.716183574879227 0.5616629464285714 0.16183574879227053 0.03627232142857143
1 0.11352657004830918 0.6609933035714286 0.12318840579710146 0.03850446428571429
1 0.35144927536231885 0.6629464285714286 0.12560386473429952 0.0390625
1 0.10809178743961352 0.7779017857142857 0.11473429951690821 0.0390625
1 0.39009661835748793 0.7795758928571429 0.13285024154589373 0.03571428571428571
1 0.6105072463768116 0.7779017857142857 0.0785024154589372 0.041294642857142856
1 0.3164251207729469 0.3384486607142857 0.14009661835748793 0.037388392857142856
2 0.2832125603864734 0.35239955357142855 0.06884057971014493 0.010602678571428572
1 0.572463768115942 0.26171875 0.13043478260869565 0.041294642857142856
