0 0.1527777777777778 0.30859375 0.19202898550724637 0.012276785714285714
2 0.09480676328502416 0.34012276785714285 0.06884057971014493 0.009486607142857142
0 0.8592995169082126 0.3783482142857143 0.19444444444444445 0.013392857142857142
2 0.7989130434782609 0.4076450892857143 0.06884057971014493 0.009486607142857142
0 0.15338164251207728 0.49916294642857145 0.18840579710144928 0.013950892857142858
2 0.09601449275362318 0.5287388392857143 0.07125603864734299 0.009486607142857142
0 0.49577294685990336 0.5530133928571429 0.16545893719806765 0.011160714285714286
2 0.44565217391304346 0.5817522321428571 0.06521739130434782 0.008370535714285714
0 0.10990338164251208 0.6702008928571429 0.10386473429951691 0.008928571428571428
0 0.44082125603864736 0.6707589285714286 0.10144927536231885 0.010044642857142858
0 0.748792270531401 0.6704799107142857 0.0748792270531401 0.009486607142857142
2 0.08514492753623189 0.6981026785714286 0.049516908212560384 0.006696428571428571
2 0.4148550724637681 0.6989397321428571 0.049516908212560384 0.008370535714285714
2 0.7385265700483091 0.6989397321428571 0.049516908212560384 0.008370535714285714
0 0.13647342995169082 0.7642299107142857 0.15942028985507245 0.009486607142857142
0 0.4528985507246377 0.7647879464285714 0.12560386473429952 0.010602678571428572
0 0.7729468599033816 0.7645089285714286 0.11835748792270531 0.010044642857142858
2 0.08514492753623189 0.791015625 0.049516908212560384 0.008370535714285714
0 0.4190821256038647 0.7918526785714286 0.057971014492753624 0.006696428571428571
2 0.7385265700483091 0.7938058035714286 0.049516908212560384 0.008370535714285714
2 0.4166666666666667 0.7907366071428571 0.057971014492753624 0.006696428571428571
1 0.1503623188405797 0.32338169642857145 0.18478260869565216 0.04296875
1 0.8592995169082126 0.39229910714285715 0.19202898550724637 0.0390625
1 0.1503623188405797 0.5139508928571429 0.18961352657004832 0.0390625
1 0.49879227053140096 0.56640625 0.18115942028985507 0.041294642857142856
1 0.10748792270531402 0.6833147321428571 0.10628019323671498 0.03515625
1 0.44082125603864736 0.68359375 0.11352657004830918 0.03794642857142857
1 0.7693236714975845 0.68359375 0.12318840579710146 0.03794642857142857
1 0.1358695652173913 0.7770647321428571 0.1606280193236715 0.03404017857142857
1 0.4528985507246377 0.77734375 0.13043478260869565 0.033482142857142856
1 0.7729468599033816 0.7779017857142857 0.12318840579710146 0.036830357142857144
