0 0.4136473429951691 0.33314732142857145 0.17028985507246377 0.010044642857142858
2 0.3641304347826087 0.36216517857142855 0.06642512077294686 0.010044642857142858
0 0.714975845410628 0.5560825892857143 0.21497584541062803 0.01171875
2 0.6419082125603864 0.5834263392857143 0.06884057971014493 0.009486607142857142
0 0.09178743961352658 0.6802455357142857 0.06280193236714976 0.010044642857142858
0 0.4251207729468599 0.6796875 0.07004830917874397 0.008928571428571428
0 0.7759661835748792 0.6805245535714286 0.12439613526570048 0.010602678571428572
2 0.4855072463768116 0.7047991071428571 0.1932367149758454 0.011160714285714286
2 0.1570048309178744 0.7064732142857143 0.19806763285024154 0.010044642857142858
2 0.7427536231884058 0.7059151785714286 0.057971014492753624 0.006696428571428571
0 0.13405797101449277 0.7642299107142857 0.16183574879227053 0.012834821428571428
0 0.7481884057971014 0.763671875 0.06884057971014493 0.010602678571428572
0 0.4305555555555556 0.7645089285714286 0.08091787439613526 0.010044642857142858
2 0.4136473429951691 0.7898995535714286 0.06159420289855073 0.008370535714285714
2 0.1570048309178744 0.7904575892857143 0.1932367149758454 0.009486607142857142
2 0.7373188405797102 0.7904575892857143 0.051932367149758456 0.007254464285714286
2 0.7349033816425121 0.7893415178571429 0.051932367149758456 0.007254464285714286
1 0.41606280193236717 0.34765625 0.17028985507246377 0.04017857142857143
1 0.7143719806763285 0.568359375 0.21618357487922704 0.040736607142857144
1 0.161231884057971 0.6922433035714286 0.20652173913043478 0.03515625
1 0.4885265700483092 0.6916852678571429 0.20169082125603865 0.037388392857142856
1 0.7729468599033816 0.6908482142857143 0.1280193236714976 0.03571428571428571
1 0.15217391304347827 0.7756696428571429 0.1956521739130435 0.0390625
1 0.4444444444444444 0.7765066964285714 0.11594202898550725 0.03627232142857143
1 0.7457729468599034 0.7759486607142857 0.0785024154589372 0.03515625
