0 0.5658212560386473 0.31752232142857145 0.16304347826086957 0.011160714285714286
2 0.5217391304347826 0.3451450892857143 0.07246376811594203 0.009486607142857142
0 0.5561594202898551 0.43080357142857145 0.24758454106280192 0.011160714285714286
0 0.8417874396135265 0.42996651785714285 0.21014492753623187 0.009486607142857142
0 0.22644927536231885 0.4349888392857143 0.213768115942029 0.009486607142857142
2 0.46256038647342995 0.45731026785714285 0.06038647342995169 0.007254464285714286
2 0.7669082125603864 0.45731026785714285 0.06038647342995169 0.007254464285714286
0 0.1497584541062802 0.45982142857142855 0.06038647342995169 0.006696428571428571
0 0.22644927536231885 0.5337611607142857 0.213768115942029 0.01171875
0 0.5320048309178744 0.533203125 0.19927536231884058 0.010602678571428572
0 0.7977053140096618 0.5334821428571429 0.12198067632850242 0.008928571428571428
2 0.7644927536231884 0.5588727678571429 0.06038647342995169 0.007254464285714286
2 0.14855072463768115 0.560546875 0.057971014492753624 0.008370535714285714
2 0.4613526570048309 0.560546875 0.057971014492753624 0.008370535714285714
0 0.1322463768115942 0.6448102678571429 0.14855072463768115 0.009486607142857142
0 0.6763285024154589 0.6448102678571429 0.1280193236714976 0.009486607142857142
0 0.8472222222222222 0.6436941964285714 0.1292270531400966 0.010602678571428572
0 0.4921497584541063 0.64453125 0.1461352657004831 0.008928571428571428
0 0.3115942028985507 0.6448102678571429 0.14251207729468598 0.009486607142857142
2 0.44867149758454106 0.669921875 0.05434782608695652 0.008370535714285714
2 0.08454106280193237 0.681640625 0.06038647342995169 0.008370535714285714
2 0.26811594202898553 0.681640625 0.057971014492753624 0.008370535714285714
2 0.6370772946859904 0.681640625 0.049516908212560384 0.008370535714285714
2 0.8061594202898551 0.681640625 0.049516908212560384 0.008370535714285714
0 0.12983091787439613 0.7544642857142857 0.11956521739130435 0.010044642857142858
0 0.3115942028985507 0.75390625 0.12560386473429952 0.010044642857142858
0 0.4897342995169082 0.7555803571428571 0.17028985507246377 0.012276785714285714
0 0.6678743961352657 0.7541852678571429 0.1280193236714976 0.010602678571428572
0 0.8429951690821256 0.7544642857142857 0.14251207729468598 0.010044642857142858
2 0.428743961352657 0.7815290178571429 0.04830917874396135 0.007254464285714286
2 0.09782608695652174 0.791015625 0.057971014492753624 0.008370535714285714
2 0.27657004830917875 0.791015625 0.05555555555555555 0.008370535714285714
2 0.6286231884057971 0.791015625 0.049516908212560384 0.008370535714285714
2 0.7977053140096618 0.7904575892857143 0.049516908212560384 0.007254464285714286
1 0.5652173913043478 0.3306361607142857 0.1642512077294686 0.03850446428571429
1 0.22705314009661837 0.447265625 0.21497584541062803 0.03404017857142857
1 0.5555555555555556 0.44419642857142855 0.2536231884057971 0.036830357142857144
1 0.839975845410628 0.4428013392857143 0.20893719806763286 0.03627232142857143
1 0.22705314009661837 0.5452008928571429 0.21739130434782608 0.03794642857142857
1 0.5332125603864735 0.546875 0.20652173913043478 0.036830357142857144
1 0.7983091787439613 0.5443638392857143 0.1280193236714976 0.03515625
1 0.1316425120772947 0.6618303571428571 0.15217391304347827 0.04575892857142857
1 0.30917874396135264 0.6623883928571429 0.1473429951690821 0.044642857142857144
1 0.4945652173913043 0.6573660714285714 0.15338164251207728 0.03459821428571429
1 0.6763285024154589 0.6623883928571429 0.13526570048309178 0.04575892857142857
1 0.8556763285024155 0.6632254464285714 0.1461352657004831 0.04743303571428571
1 0.12983091787439613 0.771484375 0.12439613526570048 0.04631696428571429
1 0.3103864734299517 0.7726004464285714 0.12077294685990338 0.04631696428571429
1 0.4921497584541063 0.7672991071428571 0.17270531400966183 0.03794642857142857
1 0.6721014492753623 0.7723214285714286 0.14130434782608695 0.046875
1 0.8520531400966184 0.7712053571428571 0.15821256038647344 0.04575892857142857
0 0.6497584541062802 0.7642299107142857 0.0893719806763285 0.010602678571428572
0 0.8405797101449275 0.7639508928571429 0.14251207729468598 0.010044642857142858
0 0.12620772946859904 0.7645089285714286 0.11956521739130435 0.010044642857142858
0 0.29106280193236717 0.7633928571428571 0.0893719806763285 0.010044642857142858
0 0.3103864734299517 0.654296875 0.14251207729468598 0.009486607142857142
0 0.12983091787439613 0.6537388392857143 0.14855072463768115 0.009486607142857142
0 0.857487922705314 0.654296875 0.1473429951690821 0.012834821428571428
0 0.6503623188405797 0.6545758928571429 0.08816425120772947 0.010044642857142858
