0 0.2886473429951691 0.27901785714285715 0.04830917874396135 0.013392857142857142
0 0.5658212560386473 0.27957589285714285 0.10990338164251208 0.012276785714285714
0 0.8786231884057971 0.28097098214285715 0.08574879227053141 0.012834821428571428
2 0.5621980676328503 0.31668526785714285 0.10265700483091787 0.009486607142857142
2 0.8810386473429952 0.3158482142857143 0.10265700483091787 0.011160714285714286
2 0.3170289855072464 0.31668526785714285 0.10265700483091787 0.009486607142857142
0 0.47101449275362317 0.3529575892857143 0.16908212560386474 0.013950892857142858
0 0.7530193236714976 0.35965401785714285 0.07125603864734299 0.025111607142857144
2 0.4414251207729469 0.39034598214285715 0.10265700483091787 0.008370535714285714
2 0.768719806763285 0.38950892857142855 0.10265700483091787 0.010044642857142858
0 0.21739130434782608 0.42606026785714285 0.17391304347826086 0.015066964285714286
0 0.4975845410628019 0.45675223214285715 0.05555555555555555 0.012834821428571428
0 0.8460144927536232 0.45731026785714285 0.10748792270531402 0.010602678571428572
0 0.2252415458937198 0.4584263392857143 0.0640096618357488 0.01171875
2 0.8870772946859904 0.5122767857142857 0.12198067632850242 0.008928571428571428
2 0.2922705314009662 0.5365513392857143 0.12560386473429952 0.010602678571428572
2 0.5597826086956522 0.5362723214285714 0.12439613526570048 0.011160714285714286
2 0.8864734299516909 0.5368303571428571 0.11835748792270531 0.012276785714285714
2 0.28200483091787437 0.5630580357142857 0.10990338164251208 0.010044642857142858
2 0.5591787439613527 0.5616629464285714 0.12077294685990338 0.01171875
2 0.8900966183574879 0.5636160714285714 0.12560386473429952 0.013392857142857142
0 0.2922705314009662 0.6043526785714286 0.12560386473429952 0.012276785714285714
0 0.5682367149758454 0.6026785714285714 0.13405797101449277 0.013392857142857142
0 0.8454106280193237 0.6032366071428571 0.13768115942028986 0.012276785714285714
0 0.7258454106280193 0.6674107142857143 0.04589371980676329 0.005580357142857143
2 0.2922705314009662 0.6794084821428571 0.12077294685990338 0.010602678571428572
2 0.5682367149758454 0.6794084821428571 0.1292270531400966 0.010602678571428572
2 0.8435990338164251 0.6802455357142857 0.12439613526570048 0.012276785714285714
0 0.4033816425120773 0.7103794642857143 0.1859903381642512 0.012276785714285714
0 0.7228260869565217 0.7112165178571429 0.14130434782608695 0.012834821428571428
2 0.3780193236714976 0.7882254464285714 0.1280193236714976 0.008370535714285714
2 0.7192028985507246 0.787109375 0.12198067632850242 0.010602678571428572
1 0.2741545893719807 0.5106026785714286 0.1642512077294686 0.11830357142857142
1 0.322463768115942 0.29771205357142855 0.12077294685990338 0.04966517857142857
1 0.6032608695652174 0.2974330357142857 0.18478260869565216 0.04799107142857143
1 0.8864734299516909 0.296875 0.12077294685990338 0.046875
1 0.47403381642512077 0.37137276785714285 0.1751207729468599 0.04966517857142857
1 0.7681159420289855 0.369140625 0.10869565217391304 0.05078125
1 0.5489130434782609 0.5086495535714286 0.15579710144927536 0.11662946428571429
1 0.875 0.5108816964285714 0.1606280193236715 0.11886160714285714
1 0.2916666666666667 0.6417410714285714 0.12681159420289856 0.08928571428571429
1 0.5652173913043478 0.6411830357142857 0.14009661835748793 0.09040178571428571
1 0.8448067632850241 0.6414620535714286 0.14130434782608695 0.08872767857142858
1 0.40398550724637683 0.7483258928571429 0.18719806763285024 0.08816964285714286
1 0.7264492753623188 0.7488839285714286 0.14371980676328502 0.08816964285714286
0 0.3472222222222222 0.27957589285714285 0.05434782608695652 0.013392857142857142
0 0.358695652173913 0.29408482142857145 0.04830917874396135 0.013392857142857142
0 0.2977053140096618 0.2935267857142857 0.05434782608695652 0.011160714285714286
0 0.6008454106280193 0.29380580357142855 0.18478260869565216 0.012834821428571428
0 0.42028985507246375 0.3671875 0.050724637681159424 0.013392857142857142
0 0.4945652173913043 0.36746651785714285 0.09541062801932366 0.013950892857142858
0 0.266304347826087 0.6688058035714286 0.06884057971014493 0.01171875
0 0.3508454106280193 0.7776227678571429 0.06884057971014493 0.01171875
0 0.5416666666666666 0.6693638392857143 0.06884057971014493 0.01171875
0 0.6926328502415459 0.7765066964285714 0.06884057971014493 0.01171875
0 0.8158212560386473 0.6688058035714286 0.06884057971014493 0.01171875
0 0.8580917874396136 0.5505022321428571 0.06884057971014493 0.01171875
0 0.8580917874396136 0.5248325892857143 0.06884057971014493 0.01171875
0 0.8617149758454107 0.501953125 0.06884057971014493 0.01171875
0 0.5320048309178744 0.5499441964285714 0.06884057971014493 0.01171875
0 0.5368357487922706 0.525390625 0.06884057971014493 0.01171875
0 0.2602657004830918 0.525390625 0.06884057971014493 0.01171875
0 0.26268115942028986 0.5505022321428571 0.06884057971014493 0.01171875
