0 0.7989130434782609 0.3657924107142857 0.17995169082125603 0.016183035714285716
0 0.375 0.36495535714285715 0.19202898550724637 0.015625
2 0.427536231884058 0.38839285714285715 0.07971014492753623 0.012276785714285714
2 0.8454106280193237 0.38839285714285715 0.07729468599033816 0.012276785714285714
0 0.34299516908212563 0.4955357142857143 0.2560386473429952 0.015625
0 0.7771739130434783 0.49525669642857145 0.21618357487922704 0.015066964285714286
2 0.8466183574879227 0.5206473214285714 0.09420289855072464 0.011160714285714286
2 0.428743961352657 0.51953125 0.07729468599033816 0.012276785714285714
0 0.7657004830917874 0.6336495535714286 0.2463768115942029 0.017299107142857144
0 0.3804347826086957 0.634765625 0.17149758454106281 0.016183035714285716
2 0.427536231884058 0.6590401785714286 0.07971014492753623 0.012276785714285714
2 0.8472222222222222 0.6593191964285714 0.08091787439613526 0.01171875
0 0.3423913043478261 0.7639508928571429 0.2427536231884058 0.016741071428571428
0 0.7989130434782609 0.763671875 0.1751207729468599 0.016183035714285716
2 0.4214975845410628 0.7896205357142857 0.08454106280193237 0.013392857142857142
2 0.8460144927536232 0.7893415178571429 0.08574879227053141 0.012834821428571428
1 0.375 0.37583705357142855 0.18719806763285024 0.03850446428571429
1 0.8001207729468599 0.37723214285714285 0.17753623188405798 0.03794642857142857
1 0.3466183574879227 0.5080915178571429 0.2536231884057971 0.03962053571428571
1 0.782608695652174 0.5072544642857143 0.2222222222222222 0.0390625
1 0.3828502415458937 0.6453683035714286 0.178743961352657 0.040736607142857144
1 0.7657004830917874 0.6436941964285714 0.24396135265700483 0.04296875
1 0.34359903381642515 0.7759486607142857 0.24516908212560387 0.04185267857142857
1 0.8013285024154589 0.775390625 0.1751207729468599 0.04185267857142857
