0 0.5 0.38002232142857145 0.37922705314009664 0.014508928571428572
2 0.3526570048309179 0.40513392857142855 0.07729468599033816 0.012276785714285714
0 0.2584541062801932 0.5717075892857143 0.2971014492753623 0.017299107142857144
0 0.6624396135265701 0.5703125 0.24516908212560387 0.014508928571428572
2 0.15096618357487923 0.5945870535714286 0.07971014492753623 0.010602678571428572
2 0.5797101449275363 0.5945870535714286 0.07971014492753623 0.010602678571428572
0 0.29106280193236717 0.7430245535714286 0.2028985507246377 0.013950892857142858
2 0.22705314009661837 0.7672991071428571 0.07971014492753623 0.012276785714285714
1 0.29045893719806765 0.7544642857142857 0.20169082125603865 0.036830357142857144
1 0.2608695652173913 0.5825892857142857 0.2946859903381642 0.0390625
1 0.677536231884058 0.5809151785714286 0.27294685990338163 0.03794642857142857
1 0.501207729468599 0.39146205357142855 0.37681159420289856 0.037388392857142856
