0 0.7288647342995169 0.38364955357142855 0.3007246376811594 0.016183035714285716
2 0.6231884057971014 0.40792410714285715 0.09420289855072464 0.012276785714285714
0 0.20954106280193235 0.5691964285714286 0.23792270531400966 0.018973214285714284
0 0.6280193236714976 0.5708705357142857 0.22705314009661837 0.017857142857142856
2 0.13285024154589373 0.5951450892857143 0.07729468599033816 0.009486607142857142
2 0.5531400966183575 0.5945870535714286 0.07729468599033816 0.010602678571428572
0 0.6998792270531401 0.7516741071428571 0.37077294685990336 0.017857142857142856
0 0.2391304347826087 0.7525111607142857 0.2971014492753623 0.013950892857142858
2 0.552536231884058 0.7751116071428571 0.0785024154589372 0.014508928571428572
2 0.1316425120772947 0.7756696428571429 0.07971014492753623 0.011160714285714286
1 0.730072463768116 0.3950892857142857 0.3031400966183575 0.0390625
1 0.21014492753623187 0.5806361607142857 0.23429951690821257 0.03962053571428571
1 0.626207729468599 0.5811941964285714 0.22826086956521738 0.03850446428571429
1 0.23973429951690822 0.7622767857142857 0.29830917874396135 0.036830357142857144
1 0.6992753623188406 0.76171875 0.3671497584541063 0.0390625
