0 0.37620772946859904 0.33175223214285715 0.23792270531400966 0.013950892857142858
2 0.3031400966183575 0.35630580357142855 0.09178743961352658 0.010602678571428572
0 0.30434782608695654 0.517578125 0.30676328502415456 0.016183035714285716
0 0.6594202898550725 0.5170200892857143 0.20048309178743962 0.015066964285714286
2 0.18961352657004832 0.5418526785714286 0.07729468599033816 0.012276785714285714
2 0.5990338164251208 0.5418526785714286 0.07971014492753623 0.012276785714285714
0 0.3073671497584541 0.6526227678571429 0.2572463768115942 0.015066964285714286
2 0.21618357487922704 0.6774553571428571 0.07971014492753623 0.012276785714285714
0 0.7868357487922706 0.7452566964285714 0.20169082125603865 0.015066964285714286
2 0.8484299516908212 0.7709263392857143 0.07125603864734299 0.009486607142857142
1 0.7844202898550725 0.7566964285714286 0.20169082125603865 0.04017857142857143
1 0.3079710144927536 0.6646205357142857 0.2608695652173913 0.041294642857142856
1 0.30193236714975846 0.5290178571428571 0.30676328502415456 0.03794642857142857
1 0.660024154589372 0.5295758928571429 0.19927536231884058 0.03794642857142857
1 0.3780193236714976 0.34263392857142855 0.2391304347826087 0.036830357142857144
