0 0.2669082125603865 0.3892299107142857 0.18115942028985507 0.009486607142857142
0 0.8091787439613527 0.3900669642857143 0.09420289855072464 0.0078125
2 0.09057971014492754 0.40708705357142855 0.09903381642512077 0.008370535714285714
2 0.4190821256038647 0.40708705357142855 0.0966183574879227 0.008370535714285714
2 0.7361111111111112 0.408203125 0.10024154589371981 0.008370535714285714
0 0.23007246376811594 0.5184151785714286 0.2041062801932367 0.012276785714285714
0 0.5573671497584541 0.5170200892857143 0.14130434782608695 0.009486607142857142
0 0.8091787439613527 0.5172991071428571 0.0893719806763285 0.0078125
2 0.42028985507246375 0.53515625 0.10386473429951691 0.008928571428571428
2 0.7342995169082126 0.5354352678571429 0.0966183574879227 0.007254464285714286
2 0.09722222222222222 0.5365513392857143 0.10265700483091787 0.009486607142857142
0 0.23671497584541062 0.6462053571428571 0.14009661835748793 0.0078125
0 0.5084541062801933 0.6462053571428571 0.12077294685990338 0.0078125
0 0.8140096618357487 0.6462053571428571 0.10628019323671498 0.0078125
2 0.11171497584541062 0.6648995535714286 0.09782608695652174 0.008370535714285714
2 0.4214975845410628 0.6648995535714286 0.0966183574879227 0.008370535714285714
2 0.7373188405797102 0.6648995535714286 0.09782608695652174 0.008370535714285714
0 0.20591787439613526 0.7781808035714286 0.10507246376811594 0.008370535714285714
0 0.4921497584541063 0.7781808035714286 0.08574879227053141 0.008370535714285714
0 0.8351449275362319 0.7787388392857143 0.10990338164251208 0.01171875
2 0.10748792270531402 0.7971540178571429 0.0893719806763285 0.007254464285714286
2 0.4172705314009662 0.7965959821428571 0.08816425120772947 0.008370535714285714
2 0.7234299516908212 0.7977120535714286 0.0893719806763285 0.007254464285714286
0 0.552536231884058 0.38978794642857145 0.1606280193236715 0.01171875
1 0.19867149758454106 0.39676339285714285 0.3176328502415459 0.025669642857142856
1 0.5024154589371981 0.39871651785714285 0.2608695652173913 0.028459821428571428
1 0.7729468599033816 0.3989955357142857 0.16908212560386474 0.026785714285714284
1 0.18780193236714976 0.5262276785714286 0.286231884057971 0.029017857142857144
1 0.4963768115942029 0.5265066964285714 0.2584541062801932 0.028459821428571428
1 0.769927536231884 0.5251116071428571 0.17028985507246377 0.025669642857142856
1 0.18538647342995168 0.6554129464285714 0.24516908212560387 0.026227678571428572
1 0.4716183574879227 0.6548549107142857 0.19927536231884058 0.02734375
1 0.7789855072463768 0.6551339285714286 0.18357487922705315 0.027901785714285716
1 0.16002415458937197 0.7868303571428571 0.19685990338164253 0.026785714285714284
1 0.45471014492753625 0.7862723214285714 0.15821256038647344 0.025669642857142856
1 0.7856280193236715 0.7859933035714286 0.213768115942029 0.02734375
