0 0.6733091787439613 0.33621651785714285 0.14855072463768115 0.015066964285714286
2 0.6376811594202898 0.359375 0.07729468599033816 0.012276785714285714
0 0.21557971014492755 0.3828125 0.18719806763285024 0.014508928571428572
2 0.16243961352657005 0.40792410714285715 0.08091787439613526 0.012276785714285714
0 0.6998792270531401 0.5027901785714286 0.28140096618357485 0.014508928571428572
2 0.5948067632850241 0.52734375 0.08333333333333333 0.010044642857142858
0 0.22282608695652173 0.5518973214285714 0.2572463768115942 0.016741071428571428
2 0.13707729468599034 0.5758928571428571 0.09057971014492754 0.012276785714285714
0 0.7657004830917874 0.65234375 0.21014492753623187 0.016741071428571428
2 0.8321256038647343 0.67578125 0.07729468599033816 0.012276785714285714
0 0.2463768115942029 0.755859375 0.2246376811594203 0.016183035714285716
2 0.16908212560386474 0.7790178571428571 0.07729468599033816 0.012276785714285714
1 0.2614734299516908 0.7692522321428571 0.25966183574879226 0.03850446428571429
1 0.7077294685990339 0.6665736607142857 0.32608695652173914 0.04408482142857143
1 0.2222222222222222 0.5622209821428571 0.2632850241545894 0.03850446428571429
1 0.7204106280193237 0.5139508928571429 0.3248792270531401 0.0390625
1 0.21678743961352656 0.39369419642857145 0.18719806763285024 0.03850446428571429
1 0.6865942028985508 0.34737723214285715 0.17995169082125603 0.03850446428571429
