0 0.6201690821256038 0.3334263392857143 0.24033816425120774 0.015066964285714286
2 0.538647342995169 0.35825892857142855 0.0748792270531401 0.012276785714285714
0 0.711352657004831 0.47237723214285715 0.32608695652173914 0.017299107142857144
0 0.26992753623188404 0.4760044642857143 0.3176328502415459 0.015625
2 0.5875603864734299 0.49609375 0.08091787439613526 0.012276785714285714
2 0.15096618357487923 0.5 0.07971014492753623 0.012276785714285714
0 0.23973429951690822 0.6185825892857143 0.2572463768115942 0.015066964285714286
2 0.1497584541062802 0.6434151785714286 0.07729468599033816 0.012276785714285714
0 0.22644927536231885 0.7550223214285714 0.23067632850241546 0.014508928571428572
2 0.1497584541062802 0.7790178571428571 0.07729468599033816 0.012276785714285714
1 0.6231884057971014 0.34542410714285715 0.2463768115942029 0.0390625
1 0.28200483091787437 0.48716517857142855 0.3417874396135266 0.03794642857142857
1 0.7204106280193237 0.482421875 0.3417874396135266 0.037388392857142856
1 0.24214975845410627 0.630859375 0.26207729468599034 0.03627232142857143
1 0.25 0.7672991071428571 0.2777777777777778 0.04017857142857143
