0 0.40398550724637683 0.447265625 0.22584541062801933 0.016183035714285716
2 0.3333333333333333 0.47154017857142855 0.07729468599033816 0.012276785714285714
0 0.18840579710144928 0.6194196428571429 0.22946859903381642 0.012276785714285714
0 0.6539855072463768 0.619140625 0.2669082125603865 0.013950892857142858
2 0.11352657004830918 0.6576450892857143 0.07729468599033816 0.009486607142857142
0 0.5597826086956522 0.6570870535714286 0.08091787439613526 0.010602678571428572
0 0.7119565217391305 0.7555803571428571 0.15821256038647344 0.017857142857142856
0 0.20350241545893719 0.7561383928571429 0.2572463768115942 0.016741071428571428
2 0.11473429951690821 0.7790178571428571 0.07971014492753623 0.012276785714285714
2 0.6751207729468599 0.7790178571428571 0.07971014492753623 0.012276785714285714
1 0.20229468599033817 0.7667410714285714 0.25483091787439616 0.036830357142857144
1 0.717391304347826 0.7661830357142857 0.15942028985507245 0.03794642857142857
1 0.20471014492753623 0.6383928571428571 0.2669082125603865 0.05133928571428571
1 0.6920289855072463 0.6375558035714286 0.34057971014492755 0.05078125
1 0.4323671497584541 0.45870535714285715 0.2826086956521739 0.03794642857142857
0 0.17995169082125603 0.6330915178571429 0.21980676328502416 0.015066964285714286
0 0.6539855072463768 0.6325334821428571 0.25966183574879226 0.016183035714285716
