0 0.30676328502415456 0.36021205357142855 0.3188405797101449 0.016183035714285716
0 0.18780193236714976 0.3828125 0.08091787439613526 0.012276785714285714
0 0.7083333333333334 0.427734375 0.2644927536231884 0.016183035714285716
2 0.6153381642512077 0.45089285714285715 0.08091787439613526 0.012276785714285714
0 0.24516908212560387 0.5373883928571429 0.19082125603864733 0.016741071428571428
2 0.19082125603864733 0.5613839285714286 0.08695652173913043 0.010044642857142858
0 0.7548309178743962 0.5823102678571429 0.26811594202898553 0.015066964285714286
2 0.8454106280193237 0.60546875 0.07729468599033816 0.012276785714285714
0 0.3007246376811594 0.7561383928571429 0.34541062801932365 0.018973214285714284
0 0.7566425120772947 0.7564174107142857 0.37318840579710144 0.017299107142857144
2 0.16908212560386474 0.7790178571428571 0.07729468599033816 0.012276785714285714
2 0.6123188405797102 0.7790178571428571 0.07729468599033816 0.012276785714285714
2 0.18538647342995168 0.38169642857142855 0.08091787439613526 0.012276785714285714
1 0.2995169082125604 0.7661830357142857 0.34782608695652173 0.036830357142857144
1 0.7596618357487923 0.7667410714285714 0.37922705314009664 0.03794642857142857
1 0.24516908212560387 0.5491071428571429 0.1932367149758454 0.0390625
1 0.7542270531400966 0.5934709821428571 0.26207729468599034 0.037388392857142856
1 0.7083333333333334 0.439453125 0.2644927536231884 0.03627232142857143
1 0.3079710144927536 0.3705357142857143 0.321256038647343 0.036830357142857144
