0 0.7590579710144928 0.29994419642857145 0.25 0.015066964285714286
2 0.8454106280193237 0.32310267857142855 0.07729468599033816 0.012276785714285714
0 0.37077294685990336 0.4126674107142857 0.15942028985507245 0.013950892857142858
2 0.41002415458937197 0.43861607142857145 0.0785024154589372 0.010044642857142858
0 0.7795893719806763 0.4453125 0.21618357487922704 0.014508928571428572
2 0.8454106280193237 0.4681919642857143 0.07729468599033816 0.013392857142857142
0 0.32910628019323673 0.5345982142857143 0.17753623188405798 0.015625
2 0.3780193236714976 0.55859375 0.07729468599033816 0.012276785714285714
0 0.7650966183574879 0.591796875 0.24033816425120774 0.016183035714285716
2 0.8472222222222222 0.6160714285714286 0.07367149758454106 0.012276785714285714
0 0.3061594202898551 0.701171875 0.29347826086956524 0.013950892857142858
2 0.4027777777777778 0.7282366071428571 0.0929951690821256 0.012276785714285714
0 0.7632850241545893 0.7653459821428571 0.2536231884057971 0.016183035714285716
2 0.8472222222222222 0.7882254464285714 0.08091787439613526 0.01171875
1 0.7596618357487923 0.31166294642857145 0.25120772946859904 0.04185267857142857
1 0.3713768115942029 0.42578125 0.16304347826086957 0.03794642857142857
1 0.769927536231884 0.4564732142857143 0.23550724637681159 0.03571428571428571
1 0.3303140096618358 0.5457589285714286 0.17028985507246377 0.0390625
1 0.7669082125603864 0.6043526785714286 0.24154589371980675 0.04017857142857143
1 0.30434782608695654 0.712890625 0.2898550724637681 0.04408482142857143
1 0.7614734299516909 0.7765066964285714 0.24758454106280192 0.040736607142857144
