0 0.16485507246376813 0.29715401785714285 0.051932367149758456 0.015066964285714286
0 0.286231884057971 0.31417410714285715 0.30434782608695654 0.016741071428571428
2 0.17391304347826086 0.35323660714285715 0.07971014492753623 0.012276785714285714
0 0.16847826086956522 0.4310825892857143 0.051932367149758456 0.015066964285714286
0 0.3031400966183575 0.4478236607142857 0.3333333333333333 0.013950892857142858
2 0.17391304347826086 0.48716517857142855 0.07971014492753623 0.012276785714285714
0 0.3140096618357488 0.5823102678571429 0.35990338164251207 0.015066964285714286
2 0.17270531400966183 0.6082589285714286 0.07729468599033816 0.012276785714285714
0 0.4148550724637681 0.7544642857142857 0.3442028985507246 0.016741071428571428
2 0.28502415458937197 0.7790178571428571 0.07729468599033816 0.012276785714285714
1 0.31219806763285024 0.5934709821428571 0.358695652173913 0.03850446428571429
1 0.3248792270531401 0.4662388392857143 0.38164251207729466 0.05189732142857143
1 0.3357487922705314 0.33175223214285715 0.39855072463768115 0.05524553571428571
1 0.4142512077294686 0.7661830357142857 0.34782608695652173 0.0390625
0 0.2113526570048309 0.4603794642857143 0.16666666666666666 0.014508928571428572
0 0.2318840579710145 0.3275669642857143 0.18840579710144928 0.016741071428571428
