0 0.6721014492753623 0.34654017857142855 0.28140096618357485 0.015625
2 0.7657004830917874 0.38448660714285715 0.09178743961352658 0.012276785714285714
0 0.3647342995169082 0.498046875 0.4106280193236715 0.016183035714285716
2 0.19504830917874397 0.5223214285714286 0.08333333333333333 0.012276785714285714
0 0.32306763285024154 0.6238839285714286 0.33454106280193235 0.018973214285714284
0 0.2946859903381642 0.7594866071428571 0.27053140096618356 0.0234375
2 0.196256038647343 0.7790178571428571 0.08091787439613526 0.012276785714285714
2 0.19444444444444445 0.6506696428571429 0.0748792270531401 0.011160714285714286
1 0.2892512077294686 0.7672991071428571 0.2741545893719807 0.036830357142857144
1 0.3218599033816425 0.6350446428571429 0.3321256038647343 0.04017857142857143
1 0.3611111111111111 0.5083705357142857 0.41304347826086957 0.036830357142857144
1 0.6183574879227053 0.36411830357142855 0.39371980676328505 0.05524553571428571
0 0.6733091787439613 0.3599330357142857 0.28140096618357485 0.015625
