0 0.13707729468599034 0.5223214285714286 0.09057971014492754 0.012276785714285714
0 0.2572463768115942 0.4986049107142857 0.32608695652173914 0.017299107142857144
0 0.2554347826086957 0.6255580357142857 0.32971014492753625 0.015625
0 0.1316425120772947 0.6501116071428571 0.07971014492753623 0.012276785714285714
0 0.30434782608695654 0.7530691964285714 0.4227053140096618 0.01953125
2 0.1316425120772947 0.7790178571428571 0.07971014492753623 0.012276785714285714
2 0.1292270531400966 0.6489955357142857 0.07971014492753623 0.012276785714285714
1 0.30132850241545894 0.765625 0.42632850241545894 0.04241071428571429
1 0.2560386473429952 0.63671875 0.3333333333333333 0.03794642857142857
1 0.2602657004830918 0.5092075892857143 0.3272946859903382 0.037388392857142856
