0 0.7415458937198067 0.373046875 0.33816425120772947 0.017299107142857144
0 0.8586956521739131 0.39732142857142855 0.09178743961352658 0.012276785714285714
0 0.7789855072463768 0.4986049107142857 0.2560386473429952 0.017299107142857144
2 0.8659420289855072 0.5223214285714286 0.07729468599033816 0.012276785714285714
0 0.7397342995169082 0.6339285714285714 0.3321256038647343 0.016741071428571428
2 0.8659420289855072 0.6584821428571429 0.07729468599033816 0.011160714285714286
0 0.7548309178743962 0.7477678571428571 0.2971014492753623 0.016741071428571428
2 0.8592995169082126 0.7739955357142857 0.0929951690821256 0.011160714285714286
2 0.856280193236715 0.39620535714285715 0.09178743961352658 0.012276785714285714
1 0.7385265700483091 0.3842075892857143 0.33695652173913043 0.04185267857142857
1 0.7777777777777778 0.5100446428571429 0.2560386473429952 0.04017857142857143
1 0.7403381642512077 0.6448102678571429 0.3333333333333333 0.03962053571428571
1 0.7548309178743962 0.76171875 0.2971014492753623 0.041294642857142856
