0 0.6624396135265701 0.49916294642857145 0.40458937198067635 0.018415178571428572
2 0.8260869565217391 0.5223214285714286 0.07729468599033816 0.012276785714285714
0 0.6612318840579711 0.6328125 0.4214975845410628 0.016741071428571428
2 0.8260869565217391 0.6579241071428571 0.07729468599033816 0.012276785714285714
0 0.6702898550724637 0.75 0.38405797101449274 0.014508928571428572
2 0.8188405797101449 0.7879464285714286 0.09178743961352658 0.012276785714285714
1 0.663647342995169 0.5089285714285714 0.40458937198067635 0.03794642857142857
1 0.660024154589372 0.6434151785714286 0.4190821256038647 0.04017857142857143
1 0.6382850241545893 0.7684151785714286 0.4577294685990338 0.056919642857142856
0 0.767512077294686 0.7633928571428571 0.20169082125603865 0.014508928571428572
