0 0.7349033816425121 0.2759486607142857 0.29106280193236717 0.017299107142857144
2 0.8454106280193237 0.29966517857142855 0.07729468599033816 0.012276785714285714
0 0.2856280193236715 0.388671875 0.24516908212560387 0.017299107142857144
0 0.7681159420289855 0.388671875 0.23671497584541062 0.016183035714285716
2 0.3719806763285024 0.41238839285714285 0.07729468599033816 0.013392857142857142
0 0.8484299516908212 0.4135044642857143 0.07125603864734299 0.011160714285714286
0 0.7964975845410628 0.501953125 0.1823671497584541 0.013950892857142858
2 0.8472222222222222 0.5256696428571429 0.08091787439613526 0.011160714285714286
0 0.7940821256038647 0.6205357142857143 0.18961352657004832 0.015625
2 0.8466183574879227 0.6442522321428571 0.07246376811594203 0.010602678571428572
0 0.8031400966183575 0.7430245535714286 0.17391304347826086 0.016183035714285716
2 0.8472222222222222 0.7670200892857143 0.07367149758454106 0.009486607142857142
1 0.8031400966183575 0.7553013392857143 0.16666666666666666 0.040736607142857144
1 0.7922705314009661 0.6314174107142857 0.18357487922705315 0.03850446428571429
1 0.7952898550724637 0.5133928571428571 0.17995169082125603 0.03571428571428571
1 0.7693236714975845 0.40011160714285715 0.23671497584541062 0.041294642857142856
1 0.802536231884058 0.7530691964285714 0.1678743961352657 0.037388392857142856
1 0.28804347826086957 0.4009486607142857 0.24516908212560387 0.04185267857142857
1 0.7355072463768116 0.28599330357142855 0.2995169082125604 0.037388392857142856
