0 0.22826086956521738 0.35518973214285715 0.16666666666666666 0.013950892857142858
2 0.18357487922705315 0.37890625 0.07729468599033816 0.012276785714285714
0 0.2288647342995169 0.4818638392857143 0.1678743961352657 0.017299107142857144
2 0.1823671497584541 0.5050223214285714 0.07971014492753623 0.012276785714285714
0 0.2276570048309179 0.6143973214285714 0.1606280193236715 0.017857142857142856
2 0.1823671497584541 0.6383928571428571 0.07971014492753623 0.012276785714285714
0 0.25422705314009664 0.7533482142857143 0.21859903381642512 0.015625
2 0.1823671497584541 0.7762276785714286 0.07971014492753623 0.012276785714285714
1 0.2276570048309179 0.36690848214285715 0.16304347826086957 0.040736607142857144
1 0.2288647342995169 0.494140625 0.1678743961352657 0.040736607142857144
1 0.22644927536231885 0.6255580357142857 0.1606280193236715 0.03794642857142857
1 0.25 0.7625558035714286 0.21980676328502416 0.03850446428571429
