0 0.27596618357487923 0.32449776785714285 0.28381642512077293 0.029575892857142856
2 0.46980676328502413 0.31863839285714285 0.0748792270531401 0.011160714285714286
0 0.7028985507246377 0.39453125 0.27053140096618356 0.015625
2 0.9064009661835749 0.39620535714285715 0.08091787439613526 0.012276785714285714
0 0.1636473429951691 0.5150669642857143 0.05434782608695652 0.013392857142857142
0 0.2741545893719807 0.5309709821428571 0.28502415458937197 0.013950892857142858
0 0.7071256038647343 0.59375 0.26207729468599034 0.014508928571428572
2 0.9082125603864735 0.5945870535714286 0.07729468599033816 0.010602678571428572
0 0.5368357487922706 0.7611607142857143 0.2717391304347826 0.013392857142857142
2 0.7391304347826086 0.76171875 0.07729468599033816 0.012276785714285714
2 0.4692028985507246 0.5323660714285714 0.08574879227053141 0.014508928571428572
1 0.589975845410628 0.7611607142857143 0.3852657004830918 0.014508928571428572
1 0.7602657004830918 0.6010044642857143 0.3780193236714976 0.03125
1 0.3218599033816425 0.5379464285714286 0.3804347826086957 0.026785714285714284
1 0.7620772946859904 0.40234375 0.38164251207729466 0.030133928571428572
1 0.3218599033816425 0.3247767857142857 0.37318840579710144 0.029017857142857144
0 0.6219806763285024 0.40904017857142855 0.10628019323671498 0.016741071428571428
0 0.22403381642512077 0.5452008928571429 0.17995169082125603 0.014508928571428572
0 0.6352657004830918 0.6082589285714286 0.11835748792270531 0.014508928571428572
