0 0.4504830917874396 0.3138950892857143 0.17149758454106281 0.017299107142857144
0 0.7451690821256038 0.3150111607142857 0.18115942028985507 0.016183035714285716
0 0.14915458937198067 0.4193638392857143 0.14855072463768115 0.015066964285714286
2 0.8792270531400966 0.42075892857142855 0.07729468599033816 0.012276785714285714
0 0.4492753623188406 0.42159598214285715 0.1642512077294686 0.016183035714285716
0 0.7204106280193237 0.42075892857142855 0.1316425120772947 0.014508928571428572
0 0.15458937198067632 0.5345982142857143 0.17149758454106281 0.017857142857142856
2 0.8780193236714976 0.5323660714285714 0.07971014492753623 0.012276785714285714
0 0.4504830917874396 0.5340401785714286 0.15942028985507245 0.016741071428571428
0 0.7270531400966184 0.5343191964285714 0.14492753623188406 0.017299107142857144
2 0.5917874396135265 0.6436941964285714 0.0821256038647343 0.012834821428571428
2 0.29830917874396135 0.6439732142857143 0.0821256038647343 0.013392857142857142
0 0.15157004830917875 0.6459263392857143 0.1606280193236715 0.015066964285714286
2 0.8743961352657005 0.64453125 0.07729468599033816 0.012276785714285714
0 0.4414251207729469 0.6456473214285714 0.1461352657004831 0.015625
0 0.7131642512077294 0.6450892857142857 0.12439613526570048 0.015625
0 0.4414251207729469 0.7564174107142857 0.15338164251207728 0.017299107142857144
0 0.7445652173913043 0.7575334821428571 0.18478260869565216 0.016183035714285716
0 0.1461352657004831 0.7583705357142857 0.15217391304347827 0.015625
2 0.2940821256038647 0.7572544642857143 0.0785024154589372 0.013392857142857142
2 0.589975845410628 0.7572544642857143 0.07608695652173914 0.013392857142857142
2 0.8816425120772947 0.7586495535714286 0.07729468599033816 0.010602678571428572
2 0.2977053140096618 0.41908482142857145 0.0785024154589372 0.015625
2 0.2977053140096618 0.533203125 0.0785024154589372 0.015066964285714286
2 0.589975845410628 0.5334821428571429 0.0785024154589372 0.015625
1 0.20169082125603865 0.7622767857142857 0.26570048309178745 0.026785714285714284
1 0.4969806763285024 0.7633928571428571 0.2644927536231884 0.033482142857142856
1 0.788647342995169 0.7653459821428571 0.27053140096618356 0.025111607142857144
1 0.2041062801932367 0.6506696428571429 0.2632850241545894 0.029017857142857144
1 0.49879227053140096 0.6509486607142857 0.2632850241545894 0.025111607142857144
1 0.7844202898550725 0.6531808035714286 0.26207729468599034 0.02734375
1 0.20350241545893719 0.5382254464285714 0.25966183574879226 0.026227678571428572
1 0.49818840579710144 0.5390625 0.26207729468599034 0.027901785714285716
1 0.7940821256038647 0.5393415178571429 0.27898550724637683 0.02734375
1 0.20772946859903382 0.4243861607142857 0.2632850241545894 0.029575892857142856
1 0.4963768115942029 0.427734375 0.2608695652173913 0.03180803571428571
2 0.5893719806763285 0.4213169642857143 0.07971014492753623 0.018973214285714284
2 0.7862318840579711 0.42689732142857145 0.26570048309178745 0.030133928571428572
2 0.49516908212560384 0.31919642857142855 0.26570048309178745 0.027901785714285716
2 0.589975845410628 0.3138950892857143 0.07367149758454106 0.01171875
2 0.8822463768115942 0.3158482142857143 0.07608695652173914 0.013392857142857142
2 0.7880434782608695 0.3197544642857143 0.2693236714975845 0.026785714285714284
0 0.1292270531400966 0.43275669642857145 0.10628019323671498 0.012834821428571428
