0 0.7910628019323671 0.3032924107142857 0.2826086956521739 0.017299107142857144
0 0.45893719806763283 0.33231026785714285 0.2753623188405797 0.013950892857142858
0 0.6896135265700483 0.33035714285714285 0.0748792270531401 0.012276785714285714
0 0.3538647342995169 0.35714285714285715 0.07971014492753623 0.012276785714285714
0 0.7940821256038647 0.4673549107142857 0.2427536231884058 0.015066964285714286
0 0.501207729468599 0.46791294642857145 0.2318840579710145 0.015066964285714286
2 0.3254830917874396 0.48130580357142855 0.0785024154589372 0.013950892857142858
2 0.9021739130434783 0.48214285714285715 0.07729468599033816 0.012276785714285714
0 0.178743961352657 0.48158482142857145 0.1473429951690821 0.013392857142857142
0 0.4613526570048309 0.6222098214285714 0.1473429951690821 0.015625
0 0.7946859903381642 0.6088169642857143 0.23671497584541062 0.013392857142857142
0 0.19082125603864733 0.623046875 0.17149758454106281 0.017299107142857144
2 0.6105072463768116 0.6216517857142857 0.07125603864734299 0.011160714285714286
2 0.9015700483091788 0.6233258928571429 0.08816425120772947 0.010044642857142858
2 0.3285024154589372 0.6236049107142857 0.0821256038647343 0.010602678571428572
0 0.44323671497584544 0.7491629464285714 0.10144927536231885 0.012834821428571428
0 0.2252415458937198 0.7502790178571429 0.24516908212560387 0.012834821428571428
0 0.732487922705314 0.7516741071428571 0.11473429951690821 0.012276785714285714
2 0.3363526570048309 0.7639508928571429 0.07367149758454106 0.013392857142857142
2 0.8997584541062802 0.7650669642857143 0.07729468599033816 0.013392857142857142
2 0.626207729468599 0.7628348214285714 0.08574879227053141 0.012276785714285714
2 0.6105072463768116 0.48074776785714285 0.08333333333333333 0.013950892857142858
2 0.5833333333333334 0.5929129464285714 0.0024154589371980675 0.007254464285714286
1 0.4583333333333333 0.34458705357142855 0.27657004830917875 0.03962053571428571
1 0.7892512077294686 0.31640625 0.27898550724637683 0.04352678571428571
1 0.23490338164251207 0.48046875 0.25966183574879226 0.03571428571428571
1 0.5217391304347826 0.48074776785714285 0.26811594202898553 0.03962053571428571
1 0.8085748792270532 0.47935267857142855 0.2717391304347826 0.03794642857142857
1 0.23671497584541062 0.62109375 0.26811594202898553 0.03794642857142857
1 0.519927536231884 0.6208147321428571 0.2644927536231884 0.037388392857142856
1 0.8128019323671497 0.62109375 0.26811594202898553 0.036830357142857144
1 0.23671497584541062 0.7575334821428571 0.27294685990338163 0.02734375
1 0.5259661835748792 0.7572544642857143 0.27657004830917875 0.026785714285714284
1 0.8049516908212561 0.7583705357142857 0.2693236714975845 0.026785714285714284
0 0.7391304347826086 0.7642299107142857 0.1280193236714976 0.012834821428571428
0 0.48007246376811596 0.7619977678571429 0.18478260869565216 0.013950892857142858
0 0.16968599033816426 0.7628348214285714 0.13647342995169082 0.012276785714285714
0 0.15881642512077296 0.6079799107142857 0.11473429951690821 0.012834821428571428
0 0.44021739130434784 0.6085379464285714 0.10748792270531402 0.013950892857142858
0 0.7614734299516909 0.6224888392857143 0.1678743961352657 0.013950892857142858
0 0.75 0.48158482142857145 0.1497584541062802 0.013392857142857142
0 0.47101449275362317 0.48130580357142855 0.16666666666666666 0.013950892857142858
0 0.15821256038647344 0.46875 0.1111111111111111 0.011160714285714286
