0 0.8291062801932367 0.49386160714285715 0.286231884057971 0.014508928571428572
0 0.5332125603864735 0.4760044642857143 0.13405797101449277 0.011160714285714286
2 0.7258454106280193 0.5184151785714286 0.0748792270531401 0.012276785714285714
2 0.5036231884057971 0.52734375 0.07971014492753623 0.012276785714285714
0 0.14915458937198067 0.609375 0.14130434782608695 0.012276785714285714
2 0.12016908212560387 0.6344866071428571 0.08091787439613526 0.012276785714285714
0 0.34903381642512077 0.6138392857142857 0.09178743961352658 0.014508928571428572
2 0.33997584541062803 0.6512276785714286 0.08091787439613526 0.012276785714285714
0 0.5332125603864735 0.7234933035714286 0.14130434782608695 0.013950892857142858
0 0.7868357487922706 0.7416294642857143 0.20169082125603865 0.014508928571428572
2 0.5108695652173914 0.7631138392857143 0.09178743961352658 0.010602678571428572
2 0.7246376811594203 0.765625 0.07729468599033816 0.012276785714285714
1 0.5567632850241546 0.5022321428571429 0.1859903381642512 0.06473214285714286
1 0.8303140096618358 0.5013950892857143 0.286231884057971 0.05189732142857143
1 0.1473429951690821 0.6157924107142857 0.14492753623188406 0.053013392857142856
1 0.38405797101449274 0.6261160714285714 0.1642512077294686 0.06473214285714286
1 0.5477053140096618 0.7413504464285714 0.1751207729468599 0.05078125
1 0.7868357487922706 0.7472098214285714 0.2041062801932367 0.049107142857142856
0 0.5489130434782609 0.7371651785714286 0.17270531400966183 0.014508928571428572
0 0.7554347826086957 0.7282366071428571 0.13647342995169082 0.011160714285714286
0 0.3719806763285024 0.5998883928571429 0.14009661835748793 0.012276785714285714
0 0.14794685990338163 0.5965401785714286 0.14130434782608695 0.012276785714285714
0 0.5597826086956522 0.48911830357142855 0.18478260869565216 0.016183035714285716
0 0.7548309178743962 0.4810267857142857 0.13768115942028986 0.011160714285714286
