0 0.6654589371980676 0.37137276785714285 0.21739130434782608 0.01171875
2 0.8556763285024155 0.3705357142857143 0.09057971014492754 0.013392857142857142
0 0.24094202898550723 0.45005580357142855 0.2210144927536232 0.013950892857142858
2 0.427536231884058 0.45005580357142855 0.0821256038647343 0.01171875
0 0.6672705314009661 0.6012834821428571 0.22826086956521738 0.016183035714285716
2 0.8526570048309179 0.6004464285714286 0.09420289855072464 0.013392857142857142
0 0.27898550724637683 0.7307477678571429 0.30193236714975846 0.016183035714285716
2 0.17693236714975846 0.7790178571428571 0.08574879227053141 0.012276785714285714
1 0.7276570048309179 0.37137276785714285 0.3442028985507246 0.01171875
1 0.3007246376811594 0.44893973214285715 0.34299516908212563 0.013950892857142858
1 0.7258454106280193 0.6012834821428571 0.3502415458937198 0.017299107142857144
1 0.3321256038647343 0.7547433035714286 0.4057971014492754 0.06305803571428571
