0 0.6256038647342995 0.38643973214285715 0.20048309178743962 0.017299107142857144
2 0.572463768115942 0.41015625 0.09420289855072464 0.012276785714285714
0 0.18478260869565216 0.515625 0.2318840579710145 0.014508928571428572
2 0.1111111111111111 0.5401785714285714 0.09178743961352658 0.012276785714285714
0 0.7602657004830918 0.5970982142857143 0.20893719806763286 0.013392857142857142
0 0.8218599033816425 0.6328125 0.09057971014492754 0.012276785714285714
0 0.22403381642512077 0.7547433035714286 0.18719806763285024 0.013950892857142858
2 0.1751207729468599 0.76953125 0.0893719806763285 0.012276785714285714
2 0.8194444444444444 0.6316964285714286 0.09057971014492754 0.012276785714285714
1 0.625 0.39760044642857145 0.20893719806763286 0.037388392857142856
1 0.17995169082125603 0.52734375 0.22705314009661837 0.03794642857142857
1 0.7596618357487923 0.6141183035714286 0.2222222222222222 0.04966517857142857
1 0.22403381642512077 0.7611607142857143 0.19202898550724637 0.029017857142857144
