0 0.2669082125603865 0.38169642857142855 0.2777777777777778 0.020089285714285716
0 0.6672705314009661 0.38113839285714285 0.1823671497584541 0.013392857142857142
2 0.1708937198067633 0.40513392857142855 0.08091787439613526 0.012276785714285714
2 0.6231884057971014 0.40513392857142855 0.09420289855072464 0.012276785714285714
0 0.25483091787439616 0.5689174107142857 0.2536231884057971 0.017299107142857144
0 0.678743961352657 0.568359375 0.20772946859903382 0.016183035714285716
2 0.1721014492753623 0.5926339285714286 0.07125603864734299 0.010044642857142858
2 0.6153381642512077 0.5920758928571429 0.08091787439613526 0.011160714285714286
0 0.34903381642512077 0.7547433035714286 0.27294685990338163 0.016183035714285716
0 0.731280193236715 0.7547433035714286 0.3442028985507246 0.016183035714285716
2 0.2536231884057971 0.7790178571428571 0.07729468599033816 0.012276785714285714
2 0.5990338164251208 0.7790178571428571 0.07971014492753623 0.012276785714285714
1 0.2638888888888889 0.39090401785714285 0.27657004830917875 0.037388392857142856
1 0.6672705314009661 0.392578125 0.17995169082125603 0.037388392857142856
1 0.2536231884057971 0.5786830357142857 0.25120772946859904 0.0390625
1 0.6817632850241546 0.5789620535714286 0.21859903381642512 0.03850446428571429
1 0.3472222222222222 0.765625 0.2717391304347826 0.04017857142857143
1 0.7276570048309179 0.7664620535714286 0.3538647342995169 0.03850446428571429
