0 0.7379227053140096 0.40318080357142855 0.21980676328502416 0.016183035714285716
2 0.782608695652174 0.42801339285714285 0.12560386473429952 0.013392857142857142
0 0.4963768115942029 0.5689174107142857 0.2246376811594203 0.013950892857142858
2 0.42995169082125606 0.59375 0.09178743961352658 0.012276785714285714
0 0.2560386473429952 0.7553013392857143 0.2584541062801932 0.017299107142857144
0 0.6902173913043478 0.7550223214285714 0.28381642512077293 0.016741071428571428
2 0.16908212560386474 0.7790178571428571 0.07729468599033816 0.012276785714285714
2 0.5875603864734299 0.7790178571428571 0.08091787439613526 0.012276785714285714
1 0.7367149758454107 0.41434151785714285 0.21980676328502416 0.03962053571428571
1 0.4963768115942029 0.5809151785714286 0.2222222222222222 0.04017857142857143
1 0.2608695652173913 0.7672991071428571 0.2584541062801932 0.04017857142857143
1 0.6908212560386473 0.7670200892857143 0.2826086956521739 0.040736607142857144
