0 0.2856280193236715 0.37974330357142855 0.35144927536231885 0.017299107142857144
0 0.7469806763285024 0.37974330357142855 0.3248792270531401 0.018415178571428572
2 0.1497584541062802 0.40401785714285715 0.07729468599033816 0.012276785714285714
2 0.6243961352657005 0.40401785714285715 0.07971014492753623 0.012276785714285714
0 0.24456521739130435 0.5569196428571429 0.2669082125603865 0.016741071428571428
0 0.7137681159420289 0.5571986607142857 0.2584541062801932 0.017299107142857144
2 0.15096618357487923 0.5809151785714286 0.0748792270531401 0.012276785714285714
2 0.6256038647342995 0.5809151785714286 0.07729468599033816 0.012276785714285714
0 0.23248792270531402 0.7642299107142857 0.2427536231884058 0.017299107142857144
0 0.7107487922705314 0.7642299107142857 0.24758454106280192 0.017299107142857144
2 0.15096618357487923 0.7879464285714286 0.07971014492753623 0.012276785714285714
2 0.6243961352657005 0.7879464285714286 0.07971014492753623 0.012276785714285714
1 0.23067632850241546 0.7756696428571429 0.24154589371980675 0.03794642857142857
1 0.711352657004831 0.7745535714285714 0.2463768115942029 0.03571428571428571
1 0.2427536231884058 0.5689174107142857 0.2608695652173913 0.04296875
1 0.7137681159420289 0.5680803571428571 0.2608695652173913 0.04241071428571429
1 0.2832125603864734 0.38978794642857145 0.3466183574879227 0.04185267857142857
1 0.7445652173913043 0.38978794642857145 0.32004830917874394 0.040736607142857144
