0 0.20048309178743962 0.4029017857142857 0.2584541062801932 0.015625
0 0.6998792270531401 0.4037388392857143 0.22584541062801933 0.015066964285714286
2 0.12016908212560387 0.4291294642857143 0.08574879227053141 0.011160714285714286
2 0.6274154589371981 0.42857142857142855 0.08091787439613526 0.012276785714285714
0 0.18659420289855072 0.5772879464285714 0.23067632850241546 0.017299107142857144
0 0.6823671497584541 0.5772879464285714 0.1932367149758454 0.013950892857142858
2 0.11352657004830918 0.6015625 0.07729468599033816 0.012276785714285714
2 0.6231884057971014 0.6015625 0.07729468599033816 0.012276785714285714
0 0.178743961352657 0.7639508928571429 0.21497584541062803 0.017857142857142856
0 0.6986714975845411 0.7642299107142857 0.2572463768115942 0.013950892857142858
2 0.11352657004830918 0.7879464285714286 0.07729468599033816 0.012276785714285714
2 0.6123188405797102 0.7879464285714286 0.07729468599033816 0.012276785714285714
1 0.2638888888888889 0.416015625 0.39009661835748793 0.03962053571428571
1 0.697463768115942 0.41685267857142855 0.22342995169082125 0.04241071428571429
1 0.2530193236714976 0.5881696428571429 0.3611111111111111 0.03571428571428571
1 0.7518115942028986 0.587890625 0.3321256038647343 0.037388392857142856
1 0.2427536231884058 0.7767857142857143 0.34299516908212563 0.04017857142857143
1 0.6998792270531401 0.7770647321428571 0.25 0.03962053571428571
0 0.35205314009661837 0.7661830357142857 0.1292270531400966 0.017857142857142856
0 0.8472222222222222 0.578125 0.1292270531400966 0.017857142857142856
0 0.39311594202898553 0.40736607142857145 0.1292270531400966 0.017857142857142856
0 0.3677536231884058 0.5809151785714286 0.1292270531400966 0.017857142857142856
