0 0.2560386473429952 0.35658482142857145 0.21739130434782608 0.014508928571428572
2 0.18780193236714976 0.38169642857142855 0.08091787439613526 0.012276785714285714
0 0.8164251207729468 0.4654017857142857 0.21497584541062803 0.017857142857142856
2 0.8852657004830918 0.48995535714285715 0.07729468599033816 0.012276785714285714
0 0.25422705314009664 0.7583705357142857 0.19927536231884058 0.014508928571428572
0 0.2632850241545894 0.5611049107142857 0.2318840579710145 0.013950892857142858
2 0.18961352657004832 0.5853794642857143 0.07729468599033816 0.013392857142857142
2 0.8840579710144928 0.6911272321428571 0.0748792270531401 0.012834821428571428
0 0.841183574879227 0.6635044642857143 0.17270531400966183 0.013392857142857142
2 0.18780193236714976 0.7829241071428571 0.08091787439613526 0.012276785714285714
1 0.2560386473429952 0.369140625 0.21014492753623187 0.04185267857142857
1 0.8170289855072463 0.4765625 0.213768115942029 0.0390625
1 0.25966183574879226 0.5728236607142857 0.22705314009661837 0.037388392857142856
1 0.839975845410628 0.6766183035714286 0.1678743961352657 0.03850446428571429
1 0.25422705314009664 0.7698102678571429 0.2041062801932367 0.03850446428571429
