0 0.7451690821256038 0.39229910714285715 0.24396135265700483 0.015625
2 0.8236714975845411 0.4174107142857143 0.07971014492753623 0.012276785714285714
0 0.21557971014492755 0.58984375 0.2886473429951691 0.016741071428571428
2 0.11171497584541062 0.6149553571428571 0.08091787439613526 0.012276785714285714
0 0.7240338164251208 0.6534598214285714 0.3176328502415459 0.016741071428571428
0 0.8429951690821256 0.6785714285714286 0.07729468599033816 0.012276785714285714
0 0.267512077294686 0.7569754464285714 0.31280193236714976 0.017299107142857144
2 0.15096618357487923 0.7829241071428571 0.07971014492753623 0.012276785714285714
2 0.8405797101449275 0.6774553571428571 0.07729468599033816 0.012276785714285714
1 0.7445652173913043 0.40541294642857145 0.24516908212560387 0.04185267857142857
1 0.21316425120772947 0.6015625 0.2886473429951691 0.04241071428571429
1 0.7252415458937198 0.6648995535714286 0.3176328502415459 0.03962053571428571
1 0.26570048309178745 0.7717633928571429 0.3164251207729469 0.044642857142857144
