0 0.8635265700483091 0.26283482142857145 0.13043478260869565 0.017857142857142856
2 0.8369565217391305 0.28794642857142855 0.07729468599033816 0.012276785714285714
0 0.4281400966183575 0.47098214285714285 0.20652173913043478 0.014508928571428572
0 0.8321256038647343 0.4564732142857143 0.16908212560386474 0.015625
2 0.7862318840579711 0.48046875 0.07729468599033816 0.012276785714285714
2 0.3635265700483092 0.49497767857142855 0.07729468599033816 0.012276785714285714
0 0.39855072463768115 0.6372767857142857 0.15217391304347827 0.015625
0 0.8109903381642513 0.6378348214285714 0.13405797101449277 0.015625
2 0.36533816425120774 0.6618303571428571 0.08091787439613526 0.012276785714285714
2 0.7880434782608695 0.6618303571428571 0.08091787439613526 0.012276785714285714
0 0.8478260869565217 0.759765625 0.17632850241545894 0.018415178571428572
2 0.8007246376811594 0.7829241071428571 0.07729468599033816 0.012276785714285714
1 0.8605072463768116 0.27511160714285715 0.12681159420289856 0.03794642857142857
1 0.47041062801932365 0.47488839285714285 0.2886473429951691 0.052455357142857144
1 0.8345410628019324 0.4681919642857143 0.16666666666666666 0.03794642857142857
1 0.3997584541062802 0.6481584821428571 0.15217391304347827 0.040736607142857144
1 0.8109903381642513 0.6495535714285714 0.1316425120772947 0.03794642857142857
1 0.8442028985507246 0.771484375 0.16666666666666666 0.04185267857142857
0 0.40157004830917875 0.45591517857142855 0.15096618357487923 0.014508928571428572
