0 0.22282608695652173 0.3515625 0.3031400966183575 0.016741071428571428
0 0.6739130434782609 0.35044642857142855 0.30676328502415456 0.018973214285714284
2 0.11171497584541062 0.375 0.08091787439613526 0.012276785714285714
2 0.5628019323671497 0.375 0.07729468599033816 0.012276785714285714
0 0.1473429951690821 0.4896763392857143 0.15217391304347827 0.015066964285714286
0 0.5772946859903382 0.490234375 0.10386473429951691 0.016183035714285716
2 0.11171497584541062 0.5128348214285714 0.08091787439613526 0.012276785714285714
2 0.5628019323671497 0.5128348214285714 0.07729468599033816 0.012276785714285714
0 0.1570048309178744 0.6247209821428571 0.17149758454106281 0.015066964285714286
0 0.7234299516908212 0.6261160714285714 0.3961352657004831 0.016741071428571428
2 0.11171497584541062 0.6501116071428571 0.08091787439613526 0.012276785714285714
2 0.5628019323671497 0.6501116071428571 0.07729468599033816 0.012276785714285714
0 0.22161835748792272 0.7639508928571429 0.3007246376811594 0.016741071428571428
0 0.6382850241545893 0.7647879464285714 0.23067632850241546 0.018415178571428572
2 0.11352657004830918 0.7879464285714286 0.07729468599033816 0.012276785714285714
2 0.5628019323671497 0.7879464285714286 0.07729468599033816 0.012276785714285714
1 0.22282608695652173 0.3618861607142857 0.3055555555555556 0.037388392857142856
1 0.6721014492753623 0.36216517857142855 0.3007246376811594 0.041294642857142856
1 0.20591787439613526 0.49888392857142855 0.2693236714975845 0.036830357142857144
1 0.5785024154589372 0.49972098214285715 0.10869565217391304 0.037388392857142856
1 0.15579710144927536 0.6369977678571429 0.16908212560386474 0.03962053571428571
1 0.7222222222222222 0.6364397321428571 0.39371980676328505 0.03962053571428571
1 0.24154589371980675 0.7751116071428571 0.34057971014492755 0.0390625
1 0.6539855072463768 0.7748325892857143 0.2644927536231884 0.03962053571428571
