0 0.7759661835748792 0.30691964285714285 0.25483091787439616 0.016741071428571428
2 0.8671497584541062 0.3314732142857143 0.0748792270531401 0.011160714285714286
0 0.769927536231884 0.44112723214285715 0.2693236714975845 0.016183035714285716
2 0.8641304347826086 0.46484375 0.08091787439613526 0.012276785714285714
0 0.7584541062801933 0.5691964285714286 0.2922705314009662 0.018973214285714284
2 0.8659420289855072 0.5931919642857143 0.07729468599033816 0.011160714285714286
0 0.4142512077294686 0.7497209821428571 0.41545893719806765 0.017299107142857144
2 0.2469806763285024 0.7734375 0.08091787439613526 0.012276785714285714
1 0.7783816425120773 0.3169642857142857 0.25483091787439616 0.0390625
1 0.7729468599033816 0.45228794642857145 0.27053140096618356 0.03962053571428571
1 0.7602657004830918 0.578125 0.29106280193236717 0.0390625
1 0.411231884057971 0.759765625 0.4142512077294686 0.03962053571428571
