0 0.1636473429951691 0.38643973214285715 0.12198067632850242 0.016183035714285716
0 0.3810386473429952 0.38588169642857145 0.19685990338164253 0.017299107142857144
0 0.6195652173913043 0.3853236607142857 0.178743961352657 0.015066964285714286
0 0.8260869565217391 0.38560267857142855 0.11594202898550725 0.014508928571428572
2 0.16545893719806765 0.40652901785714285 0.13043478260869565 0.017299107142857144
2 0.3822463768115942 0.40597098214285715 0.1316425120772947 0.016183035714285716
2 0.6189613526570048 0.40597098214285715 0.1316425120772947 0.016183035714285716
2 0.8291062801932367 0.40652901785714285 0.13405797101449277 0.017299107142857144
0 0.785024154589372 0.53125 0.06280193236714976 0.004464285714285714
0 0.7964975845410628 0.5471540178571429 0.051932367149758456 0.007254464285714286
0 0.47041062801932365 0.57421875 0.07608695652173914 0.018973214285714284
0 0.7820048309178744 0.57421875 0.08333333333333333 0.018973214285714284
0 0.1823671497584541 0.5744977678571429 0.07971014492753623 0.015066964285714286
2 0.1823671497584541 0.5940290178571429 0.13043478260869565 0.017299107142857144
2 0.47101449275362317 0.5934709821428571 0.1280193236714976 0.016183035714285716
2 0.785024154589372 0.5940290178571429 0.13043478260869565 0.017299107142857144
0 0.8079710144927537 0.7645089285714286 0.1473429951690821 0.017857142857142856
0 0.196256038647343 0.7645089285714286 0.1316425120772947 0.014508928571428572
0 0.4963768115942029 0.7645089285714286 0.10628019323671498 0.014508928571428572
2 0.19202898550724637 0.7840401785714286 0.1280193236714976 0.014508928571428572
2 0.4993961352657005 0.7848772321428571 0.13405797101449277 0.016183035714285716
2 0.8055555555555556 0.7843191964285714 0.1280193236714976 0.016183035714285716
1 0.1926328502415459 0.7739955357142857 0.13647342995169082 0.03794642857142857
1 0.49818840579710144 0.775390625 0.12681159420289856 0.03404017857142857
1 0.8097826086956522 0.7726004464285714 0.15096618357487923 0.03627232142857143
1 0.18297101449275363 0.5853794642857143 0.14371980676328502 0.03794642857142857
1 0.46799516908212563 0.58203125 0.1388888888888889 0.041294642857142856
1 0.783816425120773 0.5814732142857143 0.14251207729468598 0.0390625
1 0.1642512077294686 0.3970424107142857 0.1280193236714976 0.03962053571428571
1 0.3828502415458937 0.3950892857142857 0.2028985507246377 0.0390625
1 0.6189613526570048 0.39453125 0.18719806763285024 0.03794642857142857
1 0.8248792270531401 0.39536830357142855 0.13768115942028986 0.03404017857142857
