0 0.4076086956521739 0.29324776785714285 0.2041062801932367 0.017299107142857144
2 0.40881642512077293 0.31277901785714285 0.13405797101449277 0.017299107142857144
0 0.606280193236715 0.318359375 0.11835748792270531 0.017299107142857144
2 0.606280193236715 0.337890625 0.1280193236714976 0.016183035714285716
0 0.5682367149758454 0.45591517857142855 0.19202898550724637 0.014508928571428572
2 0.572463768115942 0.47544642857142855 0.1280193236714976 0.014508928571428572
0 0.24516908212560387 0.51171875 0.32608695652173914 0.020089285714285716
2 0.24818840579710144 0.5320870535714286 0.13405797101449277 0.016183035714285716
0 0.8091787439613527 0.5731026785714286 0.19082125603864733 0.017857142857142856
0 0.5048309178743962 0.5873325892857143 0.25120772946859904 0.017299107142857144
2 0.8121980676328503 0.5926339285714286 0.13405797101449277 0.017857142857142856
2 0.5090579710144928 0.6068638392857143 0.1316425120772947 0.015066964285714286
0 0.20471014492753623 0.7410714285714286 0.19927536231884058 0.014508928571428572
2 0.20471014492753623 0.7606026785714286 0.11956521739130435 0.014508928571428572
0 0.4963768115942029 0.7670200892857143 0.18357487922705315 0.015066964285714286
0 0.782608695652174 0.7664620535714286 0.21497584541062803 0.015066964285714286
2 0.49818840579710144 0.7854352678571429 0.11956521739130435 0.015066964285714286
2 0.7820048309178744 0.7854352678571429 0.11956521739130435 0.015066964285714286
1 0.4057971014492754 0.3032924107142857 0.20531400966183574 0.03850446428571429
1 0.606280193236715 0.326171875 0.1280193236714976 0.03850446428571429
1 0.5809178743961353 0.46651785714285715 0.2246376811594203 0.03571428571428571
1 0.2457729468599034 0.5200892857142857 0.33454106280193235 0.03794642857142857
1 0.5102657004830918 0.5968191964285714 0.2572463768115942 0.03515625
1 0.8073671497584541 0.5825892857142857 0.18961352657004832 0.04017857142857143
1 0.20169082125603865 0.7497209821428571 0.20048309178743962 0.03404017857142857
1 0.5006038647342995 0.7751116071428571 0.20169082125603865 0.03794642857142857
1 0.7820048309178744 0.7756696428571429 0.21859903381642512 0.03571428571428571
