0 0.538647342995169 0.29520089285714285 0.11352657004830918 0.013392857142857142
2 0.5392512077294686 0.31082589285714285 0.10265700483091787 0.013392857142857142
0 0.49335748792270534 0.4135044642857143 0.1678743961352657 0.013392857142857142
2 0.4945652173913043 0.42857142857142855 0.10507246376811594 0.012276785714285714
0 0.5259661835748792 0.49497767857142855 0.11473429951690821 0.014508928571428572
2 0.5247584541062802 0.5089285714285714 0.10024154589371981 0.012276785714285714
0 0.571256038647343 0.5823102678571429 0.14251207729468598 0.015066964285714286
2 0.572463768115942 0.5990513392857143 0.11594202898550725 0.015066964285714286
0 0.8586956521739131 0.6888950892857143 0.13043478260869565 0.017299107142857144
2 0.8599033816425121 0.7084263392857143 0.13285024154589373 0.017299107142857144
0 0.2717391304347826 0.7642299107142857 0.2826086956521739 0.017299107142857144
2 0.2717391304347826 0.783203125 0.12560386473429952 0.016183035714285716
1 0.5410628019323671 0.3021763392857143 0.12560386473429952 0.03180803571428571
1 0.5006038647342995 0.42159598214285715 0.18478260869565216 0.03180803571428571
1 0.5271739130434783 0.501953125 0.11473429951690821 0.026227678571428572
1 0.5706521739130435 0.58984375 0.14130434782608695 0.03236607142857143
1 0.8617149758454107 0.6975446428571429 0.13405797101449277 0.03459821428571429
1 0.2717391304347826 0.7726004464285714 0.2922705314009662 0.037388392857142856
