0 0.44806763285024154 0.2734375 0.2922705314009662 0.021205357142857144
2 0.4468599033816425 0.29268973214285715 0.13043478260869565 0.016183035714285716
0 0.5736714975845411 0.33091517857142855 0.1642512077294686 0.017857142857142856
2 0.572463768115942 0.35184151785714285 0.13285024154589373 0.015066964285714286
0 0.49335748792270534 0.40652901785714285 0.29106280193236717 0.017299107142857144
0 0.4927536231884058 0.42494419642857145 0.13526570048309178 0.017299107142857144
0 0.572463768115942 0.46456473214285715 0.21256038647342995 0.016183035714285716
2 0.572463768115942 0.48325892857142855 0.1280193236714976 0.014508928571428572
0 0.49516908212560384 0.5457589285714286 0.26570048309178745 0.017857142857142856
2 0.49335748792270534 0.564453125 0.13405797101449277 0.016183035714285716
0 0.5259661835748792 0.6110491071428571 0.28381642512077293 0.018973214285714284
2 0.5247584541062802 0.6303013392857143 0.13405797101449277 0.015066964285714286
2 0.4468599033816425 0.6891741071428571 0.0966183574879227 0.012276785714285714
0 0.20048309178743962 0.6902901785714286 0.0893719806763285 0.010044642857142858
2 0.8526570048309179 0.6967075892857143 0.08454106280193237 0.009486607142857142
0 0.6431159420289855 0.6986607142857143 0.1678743961352657 0.011160714285714286
2 0.4468599033816425 0.7059151785714286 0.0966183574879227 0.012276785714285714
0 0.22041062801932368 0.70703125 0.13405797101449277 0.012276785714285714
2 0.8514492753623188 0.7142857142857143 0.09420289855072464 0.011160714285714286
0 0.6219806763285024 0.7165178571428571 0.12560386473429952 0.012276785714285714
0 0.23852657004830918 0.7248883928571429 0.16545893719806765 0.011160714285714286
2 0.44806763285024154 0.7240513392857143 0.09420289855072464 0.009486607142857142
2 0.8514492753623188 0.7313058035714286 0.09420289855072464 0.010602678571428572
0 0.6286231884057971 0.7327008928571429 0.1388888888888889 0.011160714285714286
0 0.20893719806763286 0.7416294642857143 0.10628019323671498 0.011160714285714286
2 0.4468599033816425 0.7405133928571429 0.0966183574879227 0.011160714285714286
2 0.8514492753623188 0.7477678571428571 0.09420289855072464 0.011160714285714286
0 0.6316425120772947 0.75 0.1497584541062802 0.012276785714285714
0 0.20893719806763286 0.7586495535714286 0.10628019323671498 0.010602678571428572
2 0.4468599033816425 0.7578125 0.0966183574879227 0.012276785714285714
2 0.8514492753623188 0.765625 0.09420289855072464 0.012276785714285714
0 0.605072463768116 0.7678571428571429 0.09178743961352658 0.011160714285714286
0 0.22584541062801933 0.775390625 0.14009661835748793 0.010602678571428572
2 0.44806763285024154 0.7751116071428571 0.09420289855072464 0.012276785714285714
2 0.8460144927536232 0.7829241071428571 0.08333333333333333 0.012276785714285714
0 0.6274154589371981 0.78515625 0.1316425120772947 0.012276785714285714
2 0.4492753623188406 0.79296875 0.09420289855072464 0.012276785714285714
0 0.22705314009661837 0.7932477678571429 0.14251207729468598 0.009486607142857142
2 0.49033816425120774 0.423828125 0.13526570048309178 0.017299107142857144
1 0.44806763285024154 0.28152901785714285 0.2946859903381642 0.040736607142857144
1 0.571256038647343 0.34012276785714285 0.16666666666666666 0.040736607142857144
1 0.49335748792270534 0.4154575892857143 0.29106280193236717 0.03850446428571429
1 0.5754830917874396 0.4720982142857143 0.21618357487922704 0.036830357142857144
1 0.4939613526570048 0.5535714285714286 0.26811594202898553 0.036830357142857144
1 0.5229468599033816 0.6196986607142857 0.28743961352657005 0.03962053571428571
1 0.32669082125603865 0.6886160714285714 0.3393719806763285 0.017857142857142856
1 0.3242753623188406 0.7064732142857143 0.3466183574879227 0.015625
1 0.3248792270531401 0.7234933035714286 0.34299516908212563 0.015066964285714286
1 0.322463768115942 0.7399553571428571 0.34299516908212563 0.014508928571428572
1 0.322463768115942 0.7572544642857143 0.34057971014492755 0.015625
1 0.3242753623188406 0.7751116071428571 0.3393719806763285 0.014508928571428572
1 0.32608695652173914 0.7915736607142857 0.34541062801932365 0.016183035714285716
1 0.7282608695652174 0.6986607142857143 0.34782608695652173 0.013392857142857142
1 0.7270531400966184 0.7154017857142857 0.33816425120772947 0.012276785714285714
1 0.7288647342995169 0.7315848214285714 0.3442028985507246 0.015625
1 0.7252415458937198 0.7486049107142857 0.3466183574879227 0.01171875
1 0.7276570048309179 0.7667410714285714 0.3393719806763285 0.013392857142857142
1 0.7240338164251208 0.7848772321428571 0.3248792270531401 0.013950892857142858
