0 0.4601449275362319 0.255859375 0.28019323671497587 0.016183035714285716
2 0.4583333333333333 0.275390625 0.1316425120772947 0.016183035714285716
0 0.5356280193236715 0.33956473214285715 0.2741545893719807 0.016183035714285716
2 0.5344202898550725 0.35965401785714285 0.1316425120772947 0.015066964285714286
0 0.5114734299516909 0.4115513392857143 0.3055555555555556 0.017299107142857144
2 0.5108695652173914 0.43052455357142855 0.1280193236714976 0.016183035714285716
0 0.552536231884058 0.5164620535714286 0.19927536231884058 0.016183035714285716
2 0.5483091787439613 0.5365513392857143 0.13043478260869565 0.015066964285714286
0 0.483695652173913 0.5867745535714286 0.25483091787439616 0.016183035714285716
2 0.482487922705314 0.6063058035714286 0.13405797101449277 0.016183035714285716
0 0.5102657004830918 0.6439732142857143 0.20169082125603865 0.018973214285714284
2 0.5120772946859904 0.6629464285714286 0.13043478260869565 0.014508928571428572
0 0.6630434782608695 0.7541852678571429 0.1956521739130435 0.015066964285714286
2 0.6624396135265701 0.7737165178571429 0.1292270531400966 0.017299107142857144
1 0.4583333333333333 0.26478794642857145 0.27657004830917875 0.037388392857142856
1 0.5307971014492754 0.34793526785714285 0.2741545893719807 0.03850446428571429
1 0.5120772946859904 0.42215401785714285 0.30676328502415456 0.03962053571428571
1 0.553743961352657 0.5259486607142857 0.20169082125603865 0.037388392857142856
1 0.48429951690821255 0.5959821428571429 0.2584541062801932 0.03571428571428571
1 0.5108695652173914 0.6515066964285714 0.20772946859903382 0.03962053571428571
1 0.6642512077294686 0.7659040178571429 0.20048309178743962 0.03627232142857143
