0 0.266304347826087 0.49972098214285715 0.2210144927536232 0.016183035714285716
2 0.5778985507246377 0.49972098214285715 0.14130434782608695 0.015066964285714286
2 0.8031400966183575 0.49972098214285715 0.14009661835748793 0.015066964285714286
0 0.26570048309178745 0.525390625 0.1280193236714976 0.016183035714285716
2 0.5778985507246377 0.5256696428571429 0.14130434782608695 0.014508928571428572
2 0.8031400966183575 0.5256696428571429 0.14009661835748793 0.014508928571428572
0 0.26509661835748793 0.5499441964285714 0.18478260869565216 0.016183035714285716
2 0.5778985507246377 0.55078125 0.1388888888888889 0.012276785714285714
2 0.8031400966183575 0.5510602678571429 0.14009661835748793 0.013950892857142858
0 0.2669082125603865 0.5767299107142857 0.2391304347826087 0.017299107142857144
2 0.5778985507246377 0.5764508928571429 0.14130434782608695 0.014508928571428572
2 0.8031400966183575 0.5764508928571429 0.14009661835748793 0.014508928571428572
0 0.09057971014492754 0.7000558035714286 0.043478260869565216 0.16462053571428573
0 0.20048309178743962 0.6277901785714286 0.10628019323671498 0.012276785714285714
2 0.4468599033816425 0.6277901785714286 0.10869565217391304 0.012276785714285714
0 0.6606280193236715 0.6417410714285714 0.19082125603864733 0.010044642857142858
2 0.4468599033816425 0.6512276785714286 0.10869565217391304 0.012276785714285714
0 0.22282608695652173 0.6531808035714286 0.15096618357487923 0.013950892857142858
0 0.6358695652173914 0.6646205357142857 0.14371980676328502 0.014508928571428572
2 0.8653381642512077 0.6640625 0.10507246376811594 0.012276785714285714
2 0.44565217391304346 0.67578125 0.10628019323671498 0.012276785714285714
0 0.24094202898550723 0.6766183035714286 0.18719806763285024 0.013950892857142858
0 0.6431159420289855 0.6891741071428571 0.15579710144927536 0.012276785714285714
2 0.8653381642512077 0.6891741071428571 0.10507246376811594 0.012276785714285714
2 0.44565217391304346 0.69921875 0.10628019323671498 0.012276785714285714
0 0.20591787439613526 0.69921875 0.11714975845410629 0.012276785714285714
2 0.8653381642512077 0.7126116071428571 0.10507246376811594 0.012276785714285714
0 0.6545893719806763 0.7126116071428571 0.178743961352657 0.012276785714285714
0 0.2071256038647343 0.7243303571428571 0.11956521739130435 0.012276785714285714
2 0.44565217391304346 0.7234933035714286 0.10628019323671498 0.013950892857142858
2 0.8568840579710145 0.7360491071428571 0.08816425120772947 0.012276785714285714
0 0.6177536231884058 0.7366071428571429 0.10024154589371981 0.011160714285714286
2 0.44565217391304346 0.7477678571428571 0.10628019323671498 0.012276785714285714
0 0.22584541062801933 0.7472098214285714 0.1570048309178744 0.012276785714285714
2 0.8568840579710145 0.7600446428571429 0.08816425120772947 0.013392857142857142
0 0.6388888888888888 0.7611607142857143 0.14251207729468598 0.013392857142857142
2 0.44565217391304346 0.7712053571428571 0.10628019323671498 0.012276785714285714
2 0.8007246376811594 0.5499441964285714 0.14009661835748793 0.013950892857142858
2 0.8659420289855072 0.6409040178571429 0.09903381642512077 0.008370535714285714
1 0.32669082125603865 0.62890625 0.34903381642512077 0.015625
1 0.3242753623188406 0.6515066964285714 0.3538647342995169 0.017299107142857144
1 0.32306763285024154 0.6768973214285714 0.3538647342995169 0.014508928571428572
1 0.3218599033816425 0.6989397321428571 0.35628019323671495 0.017299107142857144
1 0.3188405797101449 0.7237723214285714 0.35507246376811596 0.013392857142857142
1 0.3242753623188406 0.7466517857142857 0.3635265700483092 0.016741071428571428
0 0.23067632850241546 0.7731584821428571 0.1570048309178744 0.018415178571428572
0 0.3278985507246377 0.7712053571428571 0.34903381642512077 0.014508928571428572
1 0.7427536231884058 0.642578125 0.36231884057971014 0.015066964285714286
1 0.7427536231884058 0.6643415178571429 0.35507246376811596 0.016183035714285716
1 0.7439613526570048 0.6902901785714286 0.357487922705314 0.017857142857142856
1 0.7421497584541062 0.7131696428571429 0.35628019323671495 0.017857142857142856
1 0.7342995169082126 0.736328125 0.34057971014492755 0.016183035714285716
1 0.7349033816425121 0.7600446428571429 0.3393719806763285 0.018973214285714284
1 0.5144927536231884 0.5002790178571429 0.7198067632850241 0.016183035714285716
1 0.5392512077294686 0.5248325892857143 0.6799516908212561 0.015066964285714286
1 0.5241545893719807 0.5510602678571429 0.7101449275362319 0.018415178571428572
1 0.5108695652173914 0.5770089285714286 0.7246376811594203 0.016741071428571428
