0 0.6624396135265701 0.32003348214285715 0.11714975845410629 0.016183035714285716
2 0.9516908212560387 0.3197544642857143 0.057971014492753624 0.013392857142857142
0 0.6811594202898551 0.33761160714285715 0.15458937198067632 0.016741071428571428
0 0.9516908212560387 0.33816964285714285 0.057971014492753624 0.013392857142857142
0 0.6781400966183575 0.3568638392857143 0.14855072463768115 0.015066964285714286
2 0.9516908212560387 0.35770089285714285 0.057971014492753624 0.013392857142857142
0 0.7246376811594203 0.3755580357142857 0.24154589371980675 0.013392857142857142
2 0.9516908212560387 0.37583705357142855 0.057971014492753624 0.013950892857142858
0 0.7204106280193237 0.39453125 0.23309178743961353 0.018973214285714284
2 0.9528985507246377 0.3939732142857143 0.06038647342995169 0.013392857142857142
0 0.1817632850241546 0.46847098214285715 0.2886473429951691 0.016183035714285716
2 0.3919082125603865 0.4681919642857143 0.07125603864734299 0.013392857142857142
2 0.9504830917874396 0.47181919642857145 0.05555555555555555 0.01171875
0 0.6727053140096618 0.47293526785714285 0.13043478260869565 0.015066964285714286
0 0.13285024154589373 0.486328125 0.19082125603864733 0.016183035714285716
2 0.4003623188405797 0.48604910714285715 0.05434782608695652 0.012276785714285714
0 0.7022946859903382 0.48911830357142855 0.19685990338164253 0.018415178571428572
2 0.9498792270531401 0.48911830357142855 0.05434782608695652 0.013950892857142858
0 0.716183574879227 0.5069754464285714 0.21980676328502416 0.01953125
2 0.9498792270531401 0.5066964285714286 0.05434782608695652 0.012276785714285714
0 0.10748792270531402 0.5530133928571429 0.14492753623188406 0.021205357142857144
0 0.7065217391304348 0.5546875 0.19806763285024154 0.020089285714285716
0 0.19746376811594202 0.5856584821428571 0.32004830917874394 0.016183035714285716
2 0.43719806763285024 0.5837053571428571 0.07246376811594203 0.012276785714285714
0 0.6950483091787439 0.5862165178571429 0.1751207729468599 0.015066964285714286
2 0.9498792270531401 0.5853794642857143 0.05434782608695652 0.013392857142857142
2 0.4444444444444444 0.6010044642857143 0.057971014492753624 0.013392857142857142
0 0.12016908212560387 0.6023995535714286 0.16545893719806765 0.013950892857142858
0 0.7481884057971014 0.6037946428571429 0.29830917874396135 0.016741071428571428
0 0.11714975845410629 0.6202566964285714 0.16183574879227053 0.01953125
2 0.4444444444444444 0.6194196428571429 0.057971014492753624 0.013392857142857142
0 0.7035024154589372 0.6216517857142857 0.19444444444444445 0.017857142857142856
2 0.9414251207729468 0.6205357142857143 0.07125603864734299 0.013392857142857142
0 0.7439613526570048 0.638671875 0.28019323671497587 0.013950892857142858
0 0.7258454106280193 0.6565290178571429 0.2777777777777778 0.015066964285714286
2 0.9414251207729468 0.6556919642857143 0.07125603864734299 0.013392857142857142
0 0.7131642512077294 0.6749441964285714 0.21859903381642512 0.018415178571428572
2 0.9498792270531401 0.6741071428571429 0.05434782608695652 0.013392857142857142
0 0.1068840579710145 0.6863839285714286 0.14130434782608695 0.017857142857142856
0 0.1823671497584541 0.7296316964285714 0.2898550724637681 0.018415178571428572
2 0.44565217391304346 0.7299107142857143 0.05555555555555555 0.013392857142857142
0 0.17028985507246377 0.748046875 0.26811594202898553 0.016183035714285716
2 0.4444444444444444 0.7469308035714286 0.057971014492753624 0.013950892857142858
0 0.15942028985507245 0.7650669642857143 0.24396135265700483 0.013392857142857142
2 0.44565217391304346 0.7650669642857143 0.05555555555555555 0.013392857142857142
0 0.15942028985507245 0.7840401785714286 0.24396135265700483 0.014508928571428572
2 0.44565217391304346 0.7834821428571429 0.05555555555555555 0.013392857142857142
0 0.1636473429951691 0.8010602678571429 0.2524154589371981 0.015066964285714286
0 0.20591787439613526 0.8200334821428571 0.33695652173913043 0.016183035714285716
2 0.44867149758454106 0.8191964285714286 0.05434782608695652 0.012276785714285714
2 0.9492753623188406 0.33705357142857145 0.057971014492753624 0.013392857142857142
2 0.9486714975845411 0.603515625 0.06159420289855073 0.012834821428571428
2 0.9535024154589372 0.6400669642857143 0.06159420289855073 0.015625
1 0.7922705314009661 0.31947544642857145 0.3695652173913043 0.017299107142857144
1 0.7916666666666666 0.3373325892857143 0.37318840579710144 0.020647321428571428
1 0.7958937198067633 0.35630580357142855 0.3864734299516908 0.02734375
1 0.7958937198067633 0.37667410714285715 0.38405797101449274 0.017857142857142856
1 0.7898550724637681 0.39453125 0.3719806763285024 0.017857142857142856
1 0.23248792270531402 0.46791294642857145 0.39009661835748793 0.017299107142857144
1 0.23007246376811594 0.48549107142857145 0.38768115942028986 0.020089285714285716
1 0.7904589371980676 0.47042410714285715 0.37077294685990336 0.015625
1 0.7910628019323671 0.486328125 0.3695652173913043 0.017299107142857144
1 0.7892512077294686 0.505859375 0.36835748792270534 0.017299107142857144
1 0.2560386473429952 0.5837053571428571 0.43478260869565216 0.015625
1 0.25181159420289856 0.6012834821428571 0.428743961352657 0.01953125
1 0.2608695652173913 0.6199776785714286 0.4323671497584541 0.017857142857142856
1 0.7934782608695652 0.5864955357142857 0.37681159420289856 0.018973214285714284
1 0.7983091787439613 0.6037946428571429 0.38405797101449274 0.015625
1 0.7910628019323671 0.6202566964285714 0.3743961352657005 0.017299107142857144
1 0.7940821256038647 0.6392299107142857 0.36835748792270534 0.01953125
1 0.7940821256038647 0.65625 0.37077294685990336 0.018973214285714284
1 0.7940821256038647 0.6746651785714286 0.36835748792270534 0.020089285714285716
1 0.2554347826086957 0.7287946428571429 0.42632850241545894 0.020089285714285716
1 0.25422705314009664 0.7486049107142857 0.428743961352657 0.01953125
1 0.2560386473429952 0.7661830357142857 0.43478260869565216 0.013392857142857142
1 0.2572463768115942 0.7826450892857143 0.43478260869565216 0.01953125
1 0.2572463768115942 0.8021763392857143 0.43719806763285024 0.016183035714285716
1 0.2572463768115942 0.8191964285714286 0.42995169082125606 0.014508928571428572
2 0.446256038647343 0.8013392857142857 0.05434782608695652 0.012276785714285714
