0 0.6714975845410628 0.20591517857142858 0.1280193236714976 0.014508928571428572
2 0.9498792270531401 0.20535714285714285 0.05434782608695652 0.013392857142857142
0 0.7119565217391305 0.224609375 0.20893719806763286 0.016183035714285716
2 0.9498792270531401 0.22349330357142858 0.05434782608695652 0.013950892857142858
0 0.7035024154589372 0.24190848214285715 0.19444444444444445 0.017299107142857144
2 0.9498792270531401 0.24162946428571427 0.05434782608695652 0.013392857142857142
0 0.6992753623188406 0.3119419642857143 0.178743961352657 0.013392857142857142
0 0.714975845410628 0.3295200892857143 0.21014492753623187 0.015066964285714286
0 0.7578502415458938 0.3470982142857143 0.29589371980676327 0.015625
0 0.7385265700483091 0.36439732142857145 0.2644927536231884 0.017857142857142856
2 0.9541062801932367 0.36495535714285715 0.05314009661835749 0.012276785714285714
0 0.7143719806763285 0.4525669642857143 0.2113526570048309 0.020089285714285716
2 0.9528985507246377 0.45005580357142855 0.05555555555555555 0.013950892857142858
2 0.946256038647343 0.4681919642857143 0.06884057971014493 0.013392857142857142
0 0.0640096618357488 0.45424107142857145 0.09420289855072464 0.017857142857142856
0 0.7022946859903382 0.4701450892857143 0.17995169082125603 0.015066964285714286
2 0.5120772946859904 0.5047433035714286 0.07729468599033816 0.013950892857142858
2 0.9378019323671497 0.5334821428571429 0.11956521739130435 0.013392857142857142
0 0.6805555555555556 0.5345982142857143 0.13647342995169082 0.013392857142857142
2 0.9202898550724637 0.5499441964285714 0.08695652173913043 0.016183035714285716
0 0.6654589371980676 0.5530133928571429 0.10628019323671498 0.013392857142857142
0 0.07065217391304347 0.5418526785714286 0.10265700483091787 0.022321428571428572
2 0.9178743961352657 0.5697544642857143 0.07971014492753623 0.016741071428571428
0 0.6932367149758454 0.5711495535714286 0.16183574879227053 0.013950892857142858
2 0.913647342995169 0.5862165178571429 0.07125603864734299 0.015066964285714286
0 0.6461352657004831 0.58984375 0.06038647342995169 0.012276785714285714
0 0.07548309178743962 0.7647879464285714 0.09541062801932366 0.01953125
2 0.4583333333333333 0.8342633928571429 0.09057971014492754 0.013392857142857142
2 0.5247584541062802 0.5948660714285714 0.08091787439613526 0.016741071428571428
2 0.4601449275362319 0.7073102678571429 0.0893719806763285 0.016183035714285716
1 0.28502415458937197 0.47823660714285715 0.5410628019323671 0.06808035714285714
1 0.7946859903381642 0.45145089285714285 0.3695652173913043 0.020089285714285716
1 0.7964975845410628 0.46902901785714285 0.37077294685990336 0.01953125
1 0.2922705314009662 0.5666852678571429 0.5434782608695652 0.07310267857142858
1 0.8055555555555556 0.5345982142857143 0.3864734299516908 0.014508928571428572
1 0.8043478260869565 0.5535714285714286 0.391304347826087 0.016741071428571428
1 0.7856280193236715 0.5700334821428571 0.3442028985507246 0.01171875
1 0.7807971014492754 0.587890625 0.3321256038647343 0.013950892857142858
0 0.07004830917874397 0.650390625 0.09178743961352658 0.022879464285714284
1 0.2669082125603865 0.7971540178571429 0.4855072463768116 0.08761160714285714
2 0.9547101449275363 0.3295200892857143 0.05676328502415459 0.010602678571428572
2 0.9553140096618358 0.3125 0.05314009661835749 0.012276785714285714
2 0.9535024154589372 0.34737723214285715 0.05676328502415459 0.015066964285714286
1 0.7904589371980676 0.20535714285714285 0.3756038647342995 0.014508928571428572
1 0.7916666666666666 0.24051339285714285 0.36835748792270534 0.015625
1 0.7904589371980676 0.22265625 0.3756038647342995 0.014508928571428572
1 0.7928743961352657 0.3125 0.36835748792270534 0.015625
1 0.7964975845410628 0.32924107142857145 0.3756038647342995 0.015625
1 0.7946859903381642 0.3462611607142857 0.37681159420289856 0.015066964285714286
1 0.7922705314009661 0.36356026785714285 0.3743961352657005 0.018415178571428572
1 0.2632850241545894 0.6780133928571429 0.4806763285024155 0.078125
