0 0.1708937198067633 0.4135044642857143 0.1316425120772947 0.013392857142857142
2 0.572463768115942 0.43582589285714285 0.07246376811594203 0.013392857142857142
0 0.1721014492753623 0.43052455357142855 0.13405797101449277 0.013950892857142858
2 0.572463768115942 0.43247767857142855 0.07246376811594203 0.012276785714285714
0 0.1708937198067633 0.44754464285714285 0.13647342995169082 0.013392857142857142
2 0.5621980676328503 0.44921875 0.09782608695652174 0.013392857142857142
0 0.1678743961352657 0.5092075892857143 0.13043478260869565 0.015066964285714286
2 0.571256038647343 0.5100446428571429 0.0748792270531401 0.013392857142857142
0 0.1708937198067633 0.5262276785714286 0.13647342995169082 0.012276785714285714
2 0.571256038647343 0.5262276785714286 0.0748792270531401 0.012276785714285714
0 0.16968599033816426 0.5438058035714286 0.1388888888888889 0.013950892857142858
2 0.5597826086956522 0.54296875 0.09782608695652174 0.012276785714285714
0 0.21739130434782608 0.5638950892857143 0.2246376811594203 0.020647321428571428
0 0.6654589371980676 0.5809151785714286 0.07729468599033816 0.017857142857142856
0 0.13043478260869565 0.5834263392857143 0.07729468599033816 0.017299107142857144
2 0.338768115942029 0.5828683035714286 0.049516908212560384 0.013950892857142858
0 0.47101449275362317 0.5834263392857143 0.07729468599033816 0.015066964285714286
0 0.5235507246376812 0.6015625 0.18478260869565216 0.015625
0 0.19142512077294685 0.6023995535714286 0.20169082125603865 0.017299107142857144
0 0.8146135265700483 0.6099330357142857 0.15821256038647344 0.0390625
0 0.15821256038647344 0.6199776785714286 0.13285024154589373 0.017857142857142856
0 0.5205314009661836 0.6205357142857143 0.17149758454106281 0.016741071428571428
2 0.3272946859903382 0.6213727678571429 0.07246376811594203 0.015066964285714286
2 0.6618357487922706 0.6029575892857143 0.057971014492753624 0.01953125
2 0.6606280193236715 0.6202566964285714 0.06521739130434782 0.016183035714285716
2 0.3393719806763285 0.6026785714285714 0.04830917874396135 0.020089285714285716
1 0.3635265700483092 0.41294642857142855 0.5193236714975845 0.017857142857142856
2 0.572463768115942 0.41768973214285715 0.08454106280193237 0.01171875
2 0.35628019323671495 0.43359375 0.5 0.015625
2 0.3605072463768116 0.451171875 0.5108695652173914 0.020647321428571428
2 0.35688405797101447 0.5080915178571429 0.5084541062801933 0.017299107142857144
2 0.3538647342995169 0.52734375 0.5072463768115942 0.017857142857142856
2 0.35205314009661837 0.544921875 0.5036231884057971 0.017299107142857144
2 0.23128019323671498 0.5842633928571429 0.27898550724637683 0.016741071428571428
2 0.2288647342995169 0.6012834821428571 0.27898550724637683 0.020647321428571428
2 0.22826086956521738 0.619140625 0.2753623188405797 0.016183035714285716
2 0.5664251207729468 0.5845424107142857 0.26811594202898553 0.018415178571428572
2 0.5658212560386473 0.6021205357142857 0.2669082125603865 0.016741071428571428
2 0.5628019323671497 0.6205357142857143 0.2632850241545894 0.018973214285714284
0 0.8140096618357487 0.5809151785714286 0.17391304347826086 0.020089285714285716
1 0.8134057971014492 0.6001674107142857 0.1751207729468599 0.060825892857142856
0 0.42632850241545894 0.47154017857142855 0.6352657004830918 0.0234375
0 0.48007246376811596 0.3724888392857143 0.7451690821256038 0.023995535714285716
1 0.4788647342995169 0.40904017857142855 0.7596618357487923 0.1015625
1 0.42028985507246375 0.5069754464285714 0.6473429951690821 0.09207589285714286
