0 0.2807971014492754 0.25418526785714285 0.018115942028985508 0.009486607142857142
0 0.2554347826086957 0.34458705357142855 0.26207729468599034 0.025111607142857144
2 0.839975845410628 0.34542410714285715 0.17028985507246377 0.024553571428571428
0 0.31582125603864736 0.38839285714285715 0.3828502415458937 0.030133928571428572
2 0.839975845410628 0.3861607142857143 0.1678743961352657 0.021205357142857144
0 0.21316425120772947 0.4271763392857143 0.17028985507246377 0.022879464285714284
0 0.839975845410628 0.42801339285714285 0.1678743961352657 0.021205357142857144
0 0.27355072463768115 0.46958705357142855 0.29830917874396135 0.025111607142857144
2 0.839975845410628 0.46958705357142855 0.1678743961352657 0.021763392857142856
0 0.28140096618357485 0.5106026785714286 0.321256038647343 0.025669642857142856
2 0.839975845410628 0.5111607142857143 0.1678743961352657 0.021205357142857144
0 0.30917874396135264 0.5538504464285714 0.3695652173913043 0.030691964285714284
2 0.839975845410628 0.5530133928571429 0.1678743961352657 0.021205357142857144
0 0.2554347826086957 0.5945870535714286 0.26207729468599034 0.025111607142857144
2 0.839975845410628 0.5945870535714286 0.1678743961352657 0.021763392857142856
0 0.33756038647342995 0.6364397321428571 0.42391304347826086 0.023995535714285716
2 0.839975845410628 0.6361607142857143 0.1678743961352657 0.021205357142857144
0 0.3001207729468599 0.6791294642857143 0.35144927536231885 0.03236607142857143
2 0.839975845410628 0.677734375 0.1678743961352657 0.021763392857142856
1 0.5205314009661836 0.34375 0.7946859903381642 0.025669642857142856
1 0.5211352657004831 0.3853236607142857 0.7958937198067633 0.025111607142857144
1 0.5241545893719807 0.42661830357142855 0.7946859903381642 0.021763392857142856
1 0.5235507246376812 0.4693080357142857 0.8007246376811594 0.0234375
1 0.519927536231884 0.5100446428571429 0.8007246376811594 0.025669642857142856
1 0.5241545893719807 0.5518973214285714 0.8043478260869565 0.030133928571428572
1 0.5229468599033816 0.5940290178571429 0.8043478260869565 0.02734375
1 0.5277777777777778 0.6364397321428571 0.8091787439613527 0.02734375
1 0.5277777777777778 0.6763392857142857 0.8115942028985508 0.030133928571428572
