0 0.5851449275362319 0.32645089285714285 0.2041062801932367 0.013392857142857142
0 0.5809178743961353 0.35435267857142855 0.1956521739130435 0.014508928571428572
0 0.6370772946859904 0.3803013392857143 0.3079710144927536 0.015066964285714286
0 0.5839371980676329 0.4076450892857143 0.20169082125603865 0.015066964285714286
0 0.553743961352657 0.4349888392857143 0.14130434782608695 0.015066964285714286
0 0.15519323671497584 0.5418526785714286 0.20652173913043478 0.014508928571428572
0 0.25 0.5638950892857143 0.3961352657004831 0.017299107142857144
0 0.23309178743961353 0.5870535714285714 0.36231884057971014 0.015625
0 0.2457729468599034 0.6096540178571429 0.38768115942028986 0.015066964285714286
0 0.11714975845410629 0.6325334821428571 0.13285024154589373 0.015066964285714286
0 0.14673913043478262 0.6545758928571429 0.18961352657004832 0.013392857142857142
0 0.13043478260869565 0.6766183035714286 0.16183574879227053 0.013950892857142858
0 0.1793478260869565 0.7215401785714286 0.22584541062801933 0.014508928571428572
0 0.1817632850241546 0.7446986607142857 0.23309178743961353 0.016183035714285716
0 0.16847826086956522 0.7659040178571429 0.2041062801932367 0.015066964285714286
0 0.14070048309178743 0.7893415178571429 0.15096618357487923 0.015066964285714286
