0 0.39553140096618356 0.44754464285714285 0.20893719806763286 0.016741071428571428
2 0.3333333333333333 0.47154017857142855 0.07729468599033816 0.012276785714285714
0 0.18115942028985507 0.6177455357142857 0.2246376811594203 0.015625
0 0.6316425120772947 0.6174665178571429 0.22705314009661837 0.013950892857142858
2 0.11352657004830918 0.6576450892857143 0.07729468599033816 0.009486607142857142
2 0.5597826086956522 0.6570870535714286 0.08091787439613526 0.010602678571428572
0 0.2028985507246377 0.7561383928571429 0.2560386473429952 0.016741071428571428
0 0.716183574879227 0.75390625 0.1570048309178744 0.020089285714285716
2 0.11473429951690821 0.7790178571428571 0.07971014492753623 0.012276785714285714
2 0.6751207729468599 0.7790178571428571 0.07971014492753623 0.012276785714285714
1 0.4305555555555556 0.45926339285714285 0.28381642512077293 0.04017857142857143
1 0.20893719806763286 0.6364397321428571 0.28019323671497587 0.05412946428571429
1 0.20108695652173914 0.7661830357142857 0.26207729468599034 0.041294642857142856
1 0.7143719806763285 0.765625 0.1606280193236715 0.04017857142857143
1 0.6884057971014492 0.6364397321428571 0.34541062801932365 0.053013392857142856
0 0.18478260869565216 0.6322544642857143 0.2246376811594203 0.015625
0 0.6539855072463768 0.630859375 0.26207729468599034 0.016183035714285716
