0 0.2807971014492754 0.47935267857142855 0.2572463768115942 0.014508928571428572
0 0.23429951690821257 0.5053013392857143 0.16183574879227053 0.015066964285714286
0 0.21014492753623187 0.5315290178571429 0.11352657004830918 0.015066964285714286
0 0.2554347826086957 0.5574776785714286 0.2041062801932367 0.014508928571428572
0 0.31582125603864736 0.5823102678571429 0.3248792270531401 0.015066964285714286
0 0.27355072463768115 0.6082589285714286 0.24033816425120774 0.014508928571428572
0 0.34118357487922707 0.6342075892857143 0.3756038647342995 0.015066964285714286
0 0.2560386473429952 0.6604352678571429 0.20772946859903382 0.015066964285714286
0 0.29045893719806765 0.6849888392857143 0.2693236714975845 0.015066964285714286
0 0.35507246376811596 0.7109375 0.4033816425120773 0.014508928571428572
0 0.36533816425120774 0.7368861607142857 0.42391304347826086 0.015066964285714286
0 0.2222222222222222 0.7614397321428571 0.12318840579710146 0.021763392857142856
