0 0.321256038647343 0.2748325892857143 0.3526570048309179 0.015066964285714286
0 0.25120772946859904 0.29715401785714285 0.21256038647342995 0.015066964285714286
0 0.1932367149758454 0.31863839285714285 0.0966183574879227 0.013392857142857142
0 0.20893719806763286 0.34012276785714285 0.1280193236714976 0.015066964285714286
0 0.19202898550724637 0.36216517857142855 0.09420289855072464 0.012276785714285714
0 0.19082125603864733 0.38364955357142855 0.09178743961352658 0.013950892857142858
0 0.21014492753623187 0.4056919642857143 0.13043478260869565 0.013392857142857142
0 0.196256038647343 0.42745535714285715 0.10265700483091787 0.012276785714285714
0 0.29347826086956524 0.4486607142857143 0.2971014492753623 0.013392857142857142
0 0.19927536231884058 0.47098214285714285 0.10869565217391304 0.013392857142857142
0 0.22705314009661837 0.49246651785714285 0.1642512077294686 0.015066964285714286
0 0.196256038647343 0.5145089285714286 0.10265700483091787 0.012276785714285714
0 0.27958937198067635 0.5365513392857143 0.2693236714975845 0.015066964285714286
0 0.2807971014492754 0.5574776785714286 0.2717391304347826 0.014508928571428572
0 0.18659420289855072 0.5789620535714286 0.08333333333333333 0.013950892857142858
0 0.1890096618357488 0.6004464285714286 0.08816425120772947 0.014508928571428572
0 0.19444444444444445 0.6227678571428571 0.10144927536231885 0.016741071428571428
0 0.23007246376811594 0.6434151785714286 0.17028985507246377 0.014508928571428572
0 0.25966183574879226 0.6654575892857143 0.22946859903381642 0.015066964285714286
0 0.20048309178743962 0.6883370535714286 0.1111111111111111 0.013950892857142858
0 0.19504830917874397 0.7098214285714286 0.10024154589371981 0.014508928571428572
0 0.19927536231884058 0.7313058035714286 0.10869565217391304 0.013950892857142858
0 0.196256038647343 0.7533482142857143 0.10265700483091787 0.013392857142857142
0 0.21014492753623187 0.7742745535714286 0.13043478260869565 0.013950892857142858
