0 0.22584541062801933 0.45340401785714285 0.1956521739130435 0.015066964285714286
0 0.24818840579710144 0.4751674107142857 0.24033816425120774 0.015066964285714286
0 0.22946859903381642 0.4986049107142857 0.20531400966183574 0.016183035714285716
0 0.2427536231884058 0.5209263392857143 0.22946859903381642 0.015066964285714286
0 0.2638888888888889 0.5438058035714286 0.2717391304347826 0.013950892857142858
0 0.3176328502415459 0.5652901785714286 0.38405797101449274 0.014508928571428572
0 0.30917874396135264 0.5881696428571429 0.36231884057971014 0.015625
0 0.2578502415458937 0.6107700892857143 0.26207729468599034 0.015066964285714286
0 0.18780193236714976 0.6330915178571429 0.12439613526570048 0.015066964285714286
0 0.2469806763285024 0.6559709821428571 0.23792270531400966 0.016183035714285716
0 0.2638888888888889 0.6780133928571429 0.2717391304347826 0.016741071428571428
0 0.23731884057971014 0.7006138392857143 0.22342995169082125 0.015066964285714286
0 0.25966183574879226 0.7237723214285714 0.2632850241545894 0.015625
0 0.2777777777777778 0.7455357142857143 0.2995169082125604 0.016741071428571428
0 0.2807971014492754 0.7681361607142857 0.31521739130434784 0.015066964285714286
