2 0.660024154589372 0.2572544642857143 0.20652173913043478 0.013392857142857142
0 0.626207729468599 0.28627232142857145 0.14130434782608695 0.017857142857142856
0 0.6642512077294686 0.30747767857142855 0.21497584541062803 0.014508928571428572
0 0.6817632850241546 0.32645089285714285 0.2524154589371981 0.016741071428571428
0 0.6201690821256038 0.3549107142857143 0.1292270531400966 0.016741071428571428
2 0.6890096618357487 0.37137276785714285 0.2717391304347826 0.015066964285714286
0 0.625 0.3970424107142857 0.13647342995169082 0.015066964285714286
0 0.6630434782608695 0.41880580357142855 0.21256038647342995 0.013950892857142858
0 0.6823671497584541 0.43777901785714285 0.25120772946859904 0.015066964285714286
0 0.6527777777777778 0.4584263392857143 0.19202898550724637 0.015066964285714286
0 0.6950483091787439 0.4779575892857143 0.27657004830917875 0.015066964285714286
0 0.6189613526570048 0.5080915178571429 0.12439613526570048 0.015066964285714286
2 0.6890096618357487 0.5248325892857143 0.2717391304347826 0.015066964285714286
0 0.6189613526570048 0.548828125 0.12439613526570048 0.016183035714285716
0 0.03321256038647343 0.5784040178571429 0.0640096618357488 0.03627232142857143
1 0.6914251207729468 0.517578125 0.2717391304347826 0.030691964285714284
1 0.6878019323671497 0.36328125 0.2741545893719807 0.033482142857142856
1 0.7016908212560387 0.24135044642857142 0.2922705314009662 0.04631696428571429
0 0.7053140096618358 0.23130580357142858 0.28743961352657005 0.026227678571428572
