0 0.2723429951690821 0.28543526785714285 0.25966183574879226 0.015066964285714286
0 0.2922705314009662 0.31277901785714285 0.2995169082125604 0.015066964285714286
0 0.303743961352657 0.34012276785714285 0.322463768115942 0.015066964285714286
0 0.28502415458937197 0.36746651785714285 0.28502415458937197 0.015066964285714286
0 0.26871980676328505 0.3950892857142857 0.2572463768115942 0.016741071428571428
0 0.28140096618357485 0.421875 0.28019323671497587 0.014508928571428572
0 0.28502415458937197 0.45005580357142855 0.28502415458937197 0.016183035714285716
0 0.2246376811594203 0.47684151785714285 0.1642512077294686 0.015066964285714286
0 0.20350241545893719 0.5030691964285714 0.12198067632850242 0.016183035714285716
0 0.20229468599033817 0.5315290178571429 0.11956521739130435 0.015066964285714286
0 0.28381642512077293 0.5901227678571429 0.2826086956521739 0.015066964285714286
0 0.34842995169082125 0.619140625 0.41183574879227053 0.016183035714285716
0 0.33454106280193235 0.6481584821428571 0.38405797101449274 0.016183035714285716
0 0.34842995169082125 0.6771763392857143 0.41183574879227053 0.015066964285714286
0 0.2536231884057971 0.70703125 0.2246376811594203 0.017857142857142856
0 0.28804347826086957 0.7357700892857143 0.29106280193236717 0.015066964285714286
0 0.29891304347826086 0.7642299107142857 0.31280193236714976 0.015066964285714286
