0 0.19806763285024154 0.28152901785714285 0.16183574879227053 0.015066964285714286
0 0.2071256038647343 0.30747767857142855 0.1823671497584541 0.014508928571428572
0 0.1678743961352657 0.3345424107142857 0.09903381642512077 0.017299107142857144
0 0.20471014492753623 0.36104910714285715 0.16545893719806765 0.016741071428571428
0 0.20893719806763286 0.38699776785714285 0.17391304347826086 0.015066964285714286
0 0.20833333333333334 0.41378348214285715 0.1751207729468599 0.017299107142857144
0 0.20108695652173914 0.4400111607142857 0.1606280193236715 0.017299107142857144
0 0.1708937198067633 0.46707589285714285 0.09782608695652174 0.013392857142857142
0 0.1751207729468599 0.49246651785714285 0.09903381642512077 0.015066964285714286
0 0.2246376811594203 0.5198102678571429 0.19806763285024154 0.015066964285714286
0 0.22946859903381642 0.5440848214285714 0.21014492753623187 0.017857142857142856
0 0.26992753623188404 0.5708705357142857 0.29347826086956524 0.018973214285714284
