0 0.18055555555555555 0.46316964285714285 0.11714975845410629 0.013392857142857142
0 0.23007246376811594 0.48911830357142855 0.21618357487922704 0.016183035714285716
0 0.22705314009661837 0.5159040178571429 0.21014492753623187 0.015066964285714286
0 0.3115942028985507 0.5432477678571429 0.37922705314009664 0.015066964285714286
0 0.2179951690821256 0.5691964285714286 0.18719806763285024 0.014508928571428572
0 0.22161835748792272 0.5951450892857143 0.19927536231884058 0.015066964285714286
0 0.28804347826086957 0.6224888392857143 0.3248792270531401 0.015066964285714286
0 0.27958937198067635 0.6487165178571429 0.3079710144927536 0.015066964285714286
0 0.2554347826086957 0.6755022321428571 0.25966183574879226 0.016183035714285716
0 0.21195652173913043 0.7020089285714286 0.17270531400966183 0.014508928571428572
0 0.2318840579710145 0.7293526785714286 0.21256038647342995 0.014508928571428572
0 0.2578502415458937 0.7553013392857143 0.2669082125603865 0.015066964285714286
0 0.23731884057971014 0.7820870535714286 0.22342995169082125 0.016183035714285716
