0 0.22584541062801933 0.39732142857142855 0.20772946859903382 0.014508928571428572
0 0.20048309178743962 0.42271205357142855 0.1570048309178744 0.013950892857142858
0 0.20048309178743962 0.44754464285714285 0.1570048309178744 0.013392857142857142
0 0.2608695652173913 0.47237723214285715 0.2777777777777778 0.017299107142857144
0 0.22282608695652173 0.49693080357142855 0.20169082125603865 0.016183035714285716
0 0.286231884057971 0.521484375 0.3285024154589372 0.016183035714285716
0 0.2826086956521739 0.6414620535714286 0.3188405797101449 0.016183035714285716
0 0.26871980676328505 0.6646205357142857 0.29106280193236717 0.017857142857142856
0 0.19927536231884058 0.6872209821428571 0.1473429951690821 0.016183035714285716
0 0.18780193236714976 0.7098214285714286 0.12439613526570048 0.012276785714285714
0 0.2977053140096618 0.7313058035714286 0.3442028985507246 0.016183035714285716
0 0.2143719806763285 0.7547433035714286 0.18478260869565216 0.016183035714285716
0 0.23007246376811594 0.7776227678571429 0.21618357487922704 0.015066964285714286
