0 0.0748792270531401 0.21037946428571427 0.1473429951690821 0.07366071428571429
0 0.26268115942028986 0.42661830357142855 0.286231884057971 0.016183035714285716
0 0.2638888888888889 0.4506138392857143 0.2886473429951691 0.015066964285714286
0 0.30495169082125606 0.4740513392857143 0.37077294685990336 0.015066964285714286
0 0.2554347826086957 0.49832589285714285 0.2717391304347826 0.013392857142857142
0 0.23007246376811594 0.5223214285714286 0.2210144927536232 0.014508928571428572
0 0.26811594202898553 0.5457589285714286 0.2971014492753623 0.014508928571428572
0 0.2457729468599034 0.5705915178571429 0.2524154589371981 0.015066964285714286
0 0.2361111111111111 0.6263950892857143 0.2210144927536232 0.015066964285714286
0 0.23429951690821257 0.6509486607142857 0.21980676328502416 0.016183035714285716
0 0.21739130434782608 0.6752232142857143 0.18357487922705315 0.013392857142857142
0 0.20833333333333334 0.6986607142857143 0.1678743961352657 0.013392857142857142
0 0.2554347826086957 0.7223772321428571 0.25966183574879226 0.016183035714285716
0 0.3357487922705314 0.7463727678571429 0.427536231884058 0.015066964285714286
0 0.30676328502415456 0.7698102678571429 0.3719806763285024 0.015066964285714286
0 0.37681159420289856 0.7918526785714286 0.5144927536231884 0.014508928571428572
