0 0.2246376811594203 0.49246651785714285 0.1932367149758454 0.015066964285714286
0 0.20169082125603865 0.5159040178571429 0.1473429951690821 0.015066964285714286
0 0.2457729468599034 0.5396205357142857 0.23067632850241546 0.018973214285714284
0 0.20350241545893719 0.5613839285714286 0.1388888888888889 0.014508928571428572
0 0.2807971014492754 0.5834263392857143 0.3007246376811594 0.015066964285714286
0 0.28502415458937197 0.6063058035714286 0.30917874396135264 0.016183035714285716
0 0.28019323671497587 0.6297433035714286 0.2995169082125604 0.016183035714285716
0 0.23309178743961353 0.6526227678571429 0.21014492753623187 0.015066964285714286
0 0.30676328502415456 0.6746651785714286 0.35990338164251207 0.014508928571428572
0 0.196256038647343 0.6981026785714286 0.13647342995169082 0.014508928571428572
0 0.30193236714975846 0.7201450892857143 0.34782608695652173 0.015066964285714286
0 0.27355072463768115 0.7427455357142857 0.286231884057971 0.017857142857142856
0 0.22041062801932368 0.7653459821428571 0.18478260869565216 0.016183035714285716
