0 0.24456521739130435 0.47237723214285715 0.18719806763285024 0.016183035714285716
0 0.2361111111111111 0.4974888392857143 0.17028985507246377 0.015066964285714286
0 0.2288647342995169 0.5237165178571429 0.15579710144927536 0.015066964285714286
0 0.22161835748792272 0.548828125 0.13647342995169082 0.016183035714285716
0 0.24516908212560387 0.5744977678571429 0.18357487922705315 0.015066964285714286
0 0.2669082125603865 0.599609375 0.22705314009661837 0.017299107142857144
0 0.2971014492753623 0.6258370535714286 0.2946859903381642 0.016183035714285716
0 0.3218599033816425 0.650390625 0.3417874396135266 0.016183035714285716
0 0.30132850241545894 0.6760602678571429 0.3031400966183575 0.017299107142857144
0 0.2608695652173913 0.7020089285714286 0.21497584541062803 0.014508928571428572
0 0.28381642512077293 0.7273995535714286 0.2608695652173913 0.016183035714285716
0 0.2711352657004831 0.7527901785714286 0.24033816425120774 0.014508928571428572
