0 0.21316425120772947 0.30161830357142855 0.2210144927536232 0.016183035714285716
0 0.21739130434782608 0.32784598214285715 0.22946859903381642 0.016183035714285716
0 0.20591787439613526 0.35239955357142855 0.20652173913043478 0.016183035714285716
0 0.23429951690821257 0.37862723214285715 0.2632850241545894 0.016183035714285716
0 0.286231884057971 0.40401785714285715 0.3671497584541063 0.017857142857142856
0 0.1751207729468599 0.42996651785714285 0.14492753623188406 0.015066964285714286
0 0.16243961352657005 0.4545200892857143 0.11956521739130435 0.015066964285714286
0 0.28140096618357485 0.48018973214285715 0.35990338164251207 0.016183035714285716
0 0.2554347826086957 0.505859375 0.3079710144927536 0.016183035714285716
0 0.26871980676328505 0.5320870535714286 0.33454106280193235 0.01953125
0 0.27657004830917875 0.556640625 0.34782608695652173 0.016183035714285716
0 0.553743961352657 0.6157924107142857 0.03260869565217391 0.05524553571428571
0 0.5754830917874396 0.6077008928571429 0.020531400966183576 0.036830357142857144
0 0.6111111111111112 0.6138392857142857 0.026570048309178744 0.04575892857142857
