0 0.43719806763285024 0.36941964285714285 0.1280193236714976 0.0078125
0 0.43719806763285024 0.37806919642857145 0.1280193236714976 0.008370535714285714
0 0.10929951690821256 0.38560267857142855 0.20652173913043478 0.011160714285714286
0 0.41847826086956524 0.38783482142857145 0.09057971014492754 0.0078125
0 0.10869565217391304 0.39425223214285715 0.2028985507246377 0.008370535714285714
0 0.4353864734299517 0.39564732142857145 0.12439613526570048 0.010044642857142858
0 0.09239130434782608 0.40345982142857145 0.17028985507246377 0.006696428571428571
0 0.4414251207729469 0.40652901785714285 0.13647342995169082 0.009486607142857142
0 0.07185990338164251 0.4115513392857143 0.1292270531400966 0.007254464285714286
0 0.4722222222222222 0.41573660714285715 0.19806763285024154 0.008928571428571428
0 0.06159420289855073 0.4224330357142857 0.10869565217391304 0.008928571428571428
0 0.4196859903381642 0.42354910714285715 0.0929951690821256 0.008928571428571428
0 0.06642512077294686 0.43080357142857145 0.12560386473429952 0.008928571428571428
0 0.4673913043478261 0.43331473214285715 0.18840579710144928 0.01171875
0 0.08393719806763285 0.4408482142857143 0.15579710144927536 0.011160714285714286
0 0.42934782608695654 0.44224330357142855 0.11231884057971014 0.008370535714285714
0 0.446256038647343 0.4517299107142857 0.1461352657004831 0.009486607142857142
0 0.07548309178743962 0.47293526785714285 0.13647342995169082 0.009486607142857142
2 0.19202898550724637 0.47042410714285715 0.0821256038647343 0.010044642857142858
0 0.3556763285024155 0.48521205357142855 0.08091787439613526 0.009486607142857142
0 0.08393719806763285 0.49107142857142855 0.15338164251207728 0.010044642857142858
0 0.37379227053140096 0.4946986607142857 0.11956521739130435 0.007254464285714286
0 0.08152173913043478 0.5002790178571429 0.14855072463768115 0.009486607142857142
0 0.3617149758454106 0.5044642857142857 0.09541062801932366 0.011160714285714286
0 0.09057971014492754 0.509765625 0.16908212560386474 0.008370535714285714
0 0.35990338164251207 0.513671875 0.09178743961352658 0.008370535714285714
0 0.06159420289855073 0.5184151785714286 0.10869565217391304 0.008928571428571428
0 0.3852657004830918 0.5226004464285714 0.14251207729468598 0.008370535714285714
0 0.11231884057971014 0.5276227678571429 0.21256038647342995 0.009486607142857142
0 0.35446859903381644 0.5323660714285714 0.08091787439613526 0.010044642857142858
0 0.06038647342995169 0.5357142857142857 0.10869565217391304 0.0078125
0 0.3466183574879227 0.5407366071428571 0.06521739130434782 0.008928571428571428
0 0.04891304347826087 0.5457589285714286 0.08574879227053141 0.010044642857142858
0 0.06884057971014493 0.5552455357142857 0.12318840579710146 0.008928571428571428
0 0.06642512077294686 0.5647321428571429 0.12077294685990338 0.010044642857142858
0 0.10144927536231885 0.5814732142857143 0.19082125603864733 0.008928571428571428
0 0.48490338164251207 0.5848214285714286 0.17270531400966183 0.010044642857142858
2 0.6376811594202898 0.583984375 0.0748792270531401 0.009486607142857142
0 0.45954106280193235 0.5940290178571429 0.12198067632850242 0.007254464285714286
2 0.6189613526570048 0.5940290178571429 0.035024154589371984 0.007254464285714286
0 0.46980676328502413 0.6023995535714286 0.14251207729468598 0.008370535714285714
2 0.6189613526570048 0.6026785714285714 0.035024154589371984 0.0078125
0 0.07971014492753623 0.6121651785714286 0.14492753623188406 0.006696428571428571
2 0.22161835748792272 0.611328125 0.04710144927536232 0.008370535714285714
2 0.6135265700483091 0.6118861607142857 0.043478260869565216 0.007254464285714286
0 0.46980676328502413 0.6130022321428571 0.14251207729468598 0.008370535714285714
0 0.09239130434782608 0.6208147321428571 0.17028985507246377 0.008370535714285714
2 0.2246376811594203 0.6208147321428571 0.043478260869565216 0.008370535714285714
0 0.47946859903381644 0.6208147321428571 0.16183574879227053 0.008370535714285714
2 0.6213768115942029 0.6213727678571429 0.035024154589371984 0.007254464285714286
0 0.09359903381642512 0.6303013392857143 0.17270531400966183 0.009486607142857142
2 0.2276570048309179 0.6297433035714286 0.035024154589371984 0.008370535714285714
2 0.6388888888888888 0.630859375 0.0748792270531401 0.008370535714285714
0 0.48490338164251207 0.630859375 0.17270531400966183 0.008370535714285714
0 0.09057971014492754 0.638671875 0.16666666666666666 0.008370535714285714
2 0.2276570048309179 0.638671875 0.035024154589371984 0.008370535714285714
0 0.4583333333333333 0.6403459821428571 0.11956521739130435 0.008370535714285714
2 0.6153381642512077 0.6395089285714286 0.04710144927536232 0.006696428571428571
0 0.0929951690821256 0.6481584821428571 0.17149758454106281 0.008370535714285714
0 0.47644927536231885 0.6487165178571429 0.15579710144927536 0.010602678571428572
2 0.6153381642512077 0.6487165178571429 0.04710144927536232 0.007254464285714286
2 0.2427536231884058 0.38560267857142855 0.04106280193236715 0.008928571428571428
2 0.23731884057971014 0.39369419642857145 0.03985507246376811 0.008370535714285714
2 0.20350241545893719 0.4029017857142857 0.042270531400966184 0.008928571428571428
2 0.15640096618357488 0.41294642857142855 0.035024154589371984 0.011160714285714286
2 0.14009661835748793 0.42159598214285715 0.04589371980676329 0.008370535714285714
2 0.15881642512077296 0.43052455357142855 0.04710144927536232 0.006138392857142857
2 0.18417874396135267 0.44029017857142855 0.03260869565217391 0.0078125
0 0.07246376811594203 0.4818638392857143 0.13043478260869565 0.008370535714285714
2 0.18538647342995168 0.48074776785714285 0.07608695652173914 0.009486607142857142
2 0.20652173913043478 0.49190848214285715 0.07004830917874397 0.008370535714285714
2 0.19806763285024154 0.4994419642857143 0.06521739130434782 0.006696428571428571
2 0.21557971014492755 0.5078125 0.0640096618357488 0.006696428571428571
2 0.1570048309178744 0.517578125 0.07246376811594203 0.007254464285714286
2 0.25966183574879226 0.5276227678571429 0.06763285024154589 0.010602678571428572
2 0.15458937198067632 0.537109375 0.06521739130434782 0.007254464285714286
2 0.13345410628019325 0.544921875 0.07367149758454106 0.006138392857142857
2 0.17330917874396135 0.5549665178571429 0.07125603864734299 0.009486607142857142
2 0.15157004830917875 0.5638950892857143 0.042270531400966184 0.009486607142857142
2 0.2143719806763285 0.5725446428571429 0.03985507246376811 0.008928571428571428
2 0.22584541062801933 0.5809151785714286 0.03864734299516908 0.008928571428571428
0 0.09601449275362318 0.5736607142857143 0.1751207729468599 0.0078125
2 0.42089371980676327 0.4849330357142857 0.03985507246376811 0.011160714285714286
2 0.4607487922705314 0.49525669642857145 0.03260869565217391 0.008370535714285714
2 0.43719806763285024 0.5041852678571429 0.04106280193236715 0.007254464285714286
2 0.4323671497584541 0.513671875 0.03864734299516908 0.008370535714285714
2 0.4897342995169082 0.5217633928571429 0.03985507246376811 0.011160714285714286
2 0.4444444444444444 0.5309709821428571 0.0966183574879227 0.009486607142857142
2 0.40458937198067635 0.5418526785714286 0.04106280193236715 0.006696428571428571
2 0.2252415458937198 0.6473214285714286 0.049516908212560384 0.0078125
2 0.5519323671497585 0.3696986607142857 0.08454106280193237 0.009486607142857142
2 0.5301932367149759 0.37862723214285715 0.04589371980676329 0.010602678571428572
2 0.4897342995169082 0.3872767857142857 0.03743961352657005 0.008928571428571428
2 0.5283816425120773 0.3970424107142857 0.04468599033816425 0.009486607142857142
2 0.5410628019323671 0.40597098214285715 0.04106280193236715 0.009486607142857142
2 0.6002415458937198 0.4140625 0.043478260869565216 0.008928571428571428
2 0.5929951690821256 0.4341517857142857 0.04830917874396135 0.010044642857142858
2 0.49335748792270534 0.42410714285714285 0.042270531400966184 0.0078125
2 0.5150966183574879 0.44308035714285715 0.04468599033816425 0.010044642857142858
2 0.5452898550724637 0.451171875 0.03743961352657005 0.009486607142857142
1 0.13345410628019325 0.384765625 0.25483091787439616 0.01171875
1 0.1322463768115942 0.39369419642857145 0.25 0.007254464285714286
1 0.11835748792270531 0.40457589285714285 0.21014492753623187 0.0078125
1 0.09178743961352658 0.4135044642857143 0.15458937198067632 0.0078125
1 0.08514492753623189 0.42159598214285715 0.15096618357487923 0.007254464285714286
1 0.09480676328502416 0.43080357142857145 0.17270531400966183 0.010044642857142858
1 0.10507246376811594 0.4408482142857143 0.19806763285024154 0.008928571428571428
1 0.12016908212560387 0.47237723214285715 0.22584541062801933 0.009486607142857142
1 0.11594202898550725 0.4818638392857143 0.21497584541062803 0.008370535714285714
1 0.12318840579710146 0.4916294642857143 0.23671497584541062 0.010044642857142858
1 0.12258454106280194 0.5002790178571429 0.22584541062801933 0.008370535714285714
1 0.12620772946859904 0.5083705357142857 0.24033816425120774 0.006696428571428571
1 0.10024154589371981 0.517578125 0.1859903381642512 0.009486607142857142
1 0.1473429951690821 0.5279017857142857 0.28502415458937197 0.008928571428571428
1 0.09782608695652174 0.5368303571428571 0.18357487922705315 0.008928571428571428
1 0.0893719806763285 0.5457589285714286 0.15942028985507245 0.006696428571428571
1 0.1111111111111111 0.5549665178571429 0.20048309178743962 0.009486607142857142
1 0.09057971014492754 0.5641741071428571 0.1642512077294686 0.008928571428571428
1 0.12016908212560387 0.572265625 0.2210144927536232 0.008370535714285714
1 0.12741545893719808 0.58203125 0.23792270531400966 0.008928571428571428
1 0.48128019323671495 0.3696986607142857 0.21859903381642512 0.009486607142857142
1 0.45954106280193235 0.37779017857142855 0.17753623188405798 0.010044642857142858
1 0.4396135265700483 0.38699776785714285 0.13526570048309178 0.008370535714285714
1 0.46195652173913043 0.39536830357142855 0.17995169082125603 0.009486607142857142
1 0.4667874396135266 0.4056919642857143 0.18961352657004832 0.010044642857142858
1 0.4673913043478261 0.40541294642857145 0.18840579710144928 0.008370535714285714
1 0.4963768115942029 0.41489955357142855 0.2463768115942029 0.009486607142857142
1 0.44021739130434784 0.4232700892857143 0.13647342995169082 0.008370535714285714
1 0.4927536231884058 0.43331473214285715 0.23671497584541062 0.010602678571428572
1 0.4553140096618358 0.44224330357142855 0.15942028985507245 0.007254464285714286
1 0.47041062801932365 0.4517299107142857 0.19202898550724637 0.009486607142857142
1 0.3786231884057971 0.48465401785714285 0.12681159420289856 0.009486607142857142
1 0.3973429951690821 0.49497767857142855 0.1642512077294686 0.010044642857142858
1 0.38707729468599034 0.5044642857142857 0.14371980676328502 0.008928571428571428
1 0.38466183574879226 0.5128348214285714 0.1388888888888889 0.008928571428571428
1 0.4106280193236715 0.5228794642857143 0.1932367149758454 0.011160714285714286
1 0.40217391304347827 0.5315290178571429 0.17391304347826086 0.009486607142857142
1 0.3713768115942029 0.5412946428571429 0.10990338164251208 0.008928571428571428
1 0.12379227053140096 0.6110491071428571 0.23550724637681159 0.0078125
1 0.12318840579710146 0.6202566964285714 0.2391304347826087 0.009486607142857142
1 0.12620772946859904 0.6294642857142857 0.23792270531400966 0.0078125
1 0.12620772946859904 0.638671875 0.2427536231884058 0.008370535714285714
1 0.12620772946859904 0.6487165178571429 0.23550724637681159 0.007254464285714286
1 0.5368357487922706 0.583984375 0.27898550724637683 0.010602678571428572
1 0.517512077294686 0.5929129464285714 0.23550724637681159 0.008370535714285714
1 0.5157004830917874 0.6018415178571429 0.23429951690821257 0.009486607142857142
1 0.5181159420289855 0.6102120535714286 0.23671497584541062 0.009486607142857142
1 0.518719806763285 0.62109375 0.23792270531400966 0.0078125
1 0.538647342995169 0.6305803571428571 0.28019323671497587 0.011160714285714286
1 0.5169082125603864 0.6392299107142857 0.24154589371980675 0.009486607142857142
1 0.5181159420289855 0.6489955357142857 0.2391304347826087 0.010044642857142858
