0 0.5084541062801933 0.36997767857142855 0.13285024154589373 0.010044642857142858
0 0.5060386473429952 0.3803013392857143 0.12560386473429952 0.009486607142857142
2 0.6159420289855072 0.37918526785714285 0.028985507246376812 0.009486607142857142
0 0.7385265700483091 0.38113839285714285 0.12681159420289856 0.011160714285714286
0 0.5102657004830918 0.38950892857142855 0.13647342995169082 0.010044642857142858
0 0.7385265700483091 0.39090401785714285 0.12681159420289856 0.009486607142857142
0 0.5108695652173914 0.39871651785714285 0.13768115942028986 0.009486607142857142
0 0.7294685990338164 0.3978794642857143 0.10869565217391304 0.011160714285714286
0 0.5006038647342995 0.4076450892857143 0.11473429951690821 0.009486607142857142
2 0.607487922705314 0.40708705357142855 0.04589371980676329 0.008370535714285714
0 0.7258454106280193 0.40848214285714285 0.10144927536231885 0.011160714285714286
0 0.5006038647342995 0.41685267857142855 0.11473429951690821 0.010044642857142858
2 0.6123188405797102 0.416015625 0.036231884057971016 0.008370535714285714
0 0.7095410628019324 0.41685267857142855 0.06884057971014493 0.010044642857142858
0 0.4963768115942029 0.42661830357142855 0.10628019323671498 0.008370535714285714
2 0.6105072463768116 0.42550223214285715 0.035024154589371984 0.008370535714285714
0 0.7294685990338164 0.42689732142857145 0.1111111111111111 0.011160714285714286
0 0.7234299516908212 0.43638392857142855 0.0966183574879227 0.006696428571428571
0 0.7554347826086957 0.44559151785714285 0.16304347826086957 0.01171875
0 0.7723429951690821 0.453125 0.19444444444444445 0.012276785714285714
0 0.34541062801932365 0.458984375 0.06280193236714976 0.008370535714285714
0 0.35929951690821255 0.46875 0.09057971014492754 0.0078125
0 0.3466183574879227 0.47739955357142855 0.06521739130434782 0.008370535714285714
0 0.37922705314009664 0.48716517857142855 0.13043478260869565 0.008928571428571428
0 0.38466183574879226 0.4966517857142857 0.14130434782608695 0.008928571428571428
0 0.7022946859903382 0.49581473214285715 0.09541062801932366 0.010602678571428572
0 0.39371980676328505 0.5053013392857143 0.15942028985507245 0.009486607142857142
0 0.7179951690821256 0.5061383928571429 0.12681159420289856 0.0078125
0 0.39311594202898553 0.5139508928571429 0.15821256038647344 0.0078125
0 0.7041062801932367 0.5153459821428571 0.09903381642512077 0.01171875
0 0.3689613526570048 0.5234375 0.10990338164251208 0.010044642857142858
0 0.714975845410628 0.5251116071428571 0.11352657004830918 0.008928571428571428
0 0.37620772946859904 0.5318080357142857 0.12439613526570048 0.008928571428571428
0 0.7010869565217391 0.5343191964285714 0.08574879227053141 0.008370535714285714
0 0.3804347826086957 0.5415736607142857 0.13285024154589373 0.009486607142857142
0 0.7047101449275363 0.5435267857142857 0.10024154589371981 0.008928571428571428
0 0.34782608695652173 0.5513392857142857 0.06763285024154589 0.0078125
0 0.7518115942028986 0.552734375 0.19444444444444445 0.01171875
0 0.7481884057971014 0.5616629464285714 0.18719806763285024 0.01171875
0 0.40217391304347827 0.5703125 0.06280193236714976 0.012276785714285714
0 0.7373188405797102 0.5703125 0.15821256038647344 0.010044642857142858
0 0.7608695652173914 0.5795200892857143 0.21256038647342995 0.009486607142857142
0 0.3882850241545894 0.5867745535714286 0.15338164251207728 0.008370535714285714
2 0.5942028985507246 0.5859375 0.03140096618357488 0.010044642857142858
0 0.39794685990338163 0.595703125 0.17270531400966183 0.008370535714285714
2 0.5935990338164251 0.595703125 0.035024154589371984 0.008370535714285714
0 0.4106280193236715 0.6051897321428571 0.19806763285024154 0.008370535714285714
2 0.5960144927536232 0.6051897321428571 0.035024154589371984 0.008370535714285714
0 0.7065217391304348 0.611328125 0.10386473429951691 0.01171875
0 0.40640096618357485 0.6146763392857143 0.18961352657004832 0.009486607142857142
2 0.5960144927536232 0.6141183035714286 0.035024154589371984 0.008370535714285714
0 0.6914251207729468 0.6213727678571429 0.07367149758454106 0.009486607142857142
0 0.3774154589371981 0.6233258928571429 0.13405797101449277 0.011160714285714286
2 0.5960144927536232 0.623046875 0.035024154589371984 0.008370535714285714
0 0.3973429951690821 0.6322544642857143 0.17391304347826086 0.011160714285714286
2 0.5960144927536232 0.6325334821428571 0.035024154589371984 0.008370535714285714
0 0.3864734299516908 0.6414620535714286 0.1497584541062802 0.008370535714285714
2 0.5960144927536232 0.6414620535714286 0.035024154589371984 0.008370535714285714
0 0.3852657004830918 0.650390625 0.1473429951690821 0.008370535714285714
2 0.5917874396135265 0.6498325892857143 0.03140096618357488 0.009486607142857142
0 0.7626811594202898 0.5809151785714286 0.2041062801932367 0.008928571428571428
2 0.6165458937198067 0.36941964285714285 0.03985507246376811 0.0078125
2 0.6195652173913043 0.38839285714285715 0.03140096618357488 0.006696428571428571
2 0.6141304347826086 0.3978794642857143 0.03743961352657005 0.0078125
2 0.3997584541062802 0.4584263392857143 0.03140096618357488 0.010602678571428572
2 0.42693236714975846 0.46902901785714285 0.027777777777777776 0.008370535714285714
2 0.4003623188405797 0.478515625 0.03260869565217391 0.008370535714285714
2 0.47041062801932365 0.48744419642857145 0.03260869565217391 0.010602678571428572
2 0.47705314009661837 0.49525669642857145 0.03140096618357488 0.008370535714285714
2 0.49818840579710144 0.5047433035714286 0.03260869565217391 0.009486607142857142
2 0.49516908212560384 0.5147879464285714 0.036231884057971016 0.009486607142857142
2 0.4492753623188406 0.5237165178571429 0.03140096618357488 0.007254464285714286
2 0.46557971014492755 0.5315290178571429 0.035024154589371984 0.008370535714285714
2 0.46980676328502413 0.5415736607142857 0.03140096618357488 0.007254464285714286
2 0.39794685990338163 0.5513392857142857 0.030193236714975844 0.0078125
2 0.7765700483091788 0.4974888392857143 0.04106280193236715 0.010602678571428572
2 0.8073671497584541 0.505859375 0.03260869565217391 0.007254464285714286
2 0.8297101449275363 0.38002232142857145 0.03864734299516908 0.0078125
2 0.8285024154589372 0.38950892857142855 0.04106280193236715 0.0078125
2 0.8091787439613527 0.39927455357142855 0.036231884057971016 0.007254464285714286
2 0.803743961352657 0.408203125 0.03985507246376811 0.009486607142857142
2 0.7705314009661836 0.41768973214285715 0.03864734299516908 0.007254464285714286
2 0.7771739130434783 0.515625 0.030193236714975844 0.006696428571428571
2 0.8013285024154589 0.5251116071428571 0.03985507246376811 0.008928571428571428
2 0.7705314009661836 0.5343191964285714 0.03864734299516908 0.007254464285714286
2 0.785024154589372 0.5438058035714286 0.04106280193236715 0.008370535714285714
2 0.873792270531401 0.552734375 0.035024154589371984 0.006138392857142857
2 0.8683574879227053 0.5611049107142857 0.03140096618357488 0.008370535714285714
2 0.8369565217391305 0.5703125 0.028985507246376812 0.008928571428571428
2 0.8907004830917874 0.5797991071428571 0.027777777777777776 0.0078125
2 0.7820048309178744 0.6121651785714286 0.030193236714975844 0.008928571428571428
2 0.751207729468599 0.6216517857142857 0.033816425120772944 0.010044642857142858
2 0.8079710144927537 0.42745535714285715 0.043478260869565216 0.008928571428571428
2 0.8007246376811594 0.435546875 0.036231884057971016 0.007254464285714286
2 0.8635265700483091 0.44559151785714285 0.03864734299516908 0.007254464285714286
2 0.8955314009661836 0.45479910714285715 0.04468599033816425 0.010044642857142858
2 0.5356280193236715 0.36997767857142855 0.18719806763285024 0.011160714285714286
2 0.5344202898550725 0.3794642857142857 0.18478260869565216 0.010044642857142858
1 0.5398550724637681 0.38783482142857145 0.1956521739130435 0.008928571428571428
1 0.5362318840579711 0.39871651785714285 0.1932367149758454 0.008370535714285714
1 0.5362318840579711 0.4068080357142857 0.1859903381642512 0.008928571428571428
1 0.5368357487922706 0.41685267857142855 0.17995169082125603 0.008928571428571428
1 0.5374396135265701 0.42550223214285715 0.18115942028985507 0.007254464285714286
1 0.36533816425120774 0.45982142857142855 0.10507246376811594 0.010044642857142858
1 0.3780193236714976 0.46875 0.1280193236714976 0.010044642857142858
1 0.36594202898550726 0.47767857142857145 0.10386473429951691 0.010044642857142858
1 0.39794685990338163 0.48660714285714285 0.17270531400966183 0.008928571428571428
1 0.40157004830917875 0.49609375 0.1751207729468599 0.008928571428571428
1 0.40157004830917875 0.49609375 0.1751207729468599 0.010044642857142858
1 0.41606280193236717 0.5053013392857143 0.2041062801932367 0.010602678571428572
1 0.41304347826086957 0.5142299107142857 0.1956521739130435 0.009486607142857142
1 0.39371980676328505 0.5237165178571429 0.16183574879227053 0.010602678571428572
1 0.3973429951690821 0.5320870535714286 0.16908212560386474 0.008370535714285714
1 0.4003623188405797 0.541015625 0.17270531400966183 0.009486607142857142
1 0.3641304347826087 0.55078125 0.10024154589371981 0.011160714285714286
1 0.4613526570048309 0.5867745535714286 0.30193236714975846 0.009486607142857142
1 0.4577294685990338 0.5965401785714286 0.2995169082125604 0.010044642857142858
1 0.4613526570048309 0.6051897321428571 0.2995169082125604 0.008370535714285714
1 0.4607487922705314 0.6135602678571429 0.3031400966183575 0.009486607142857142
1 0.45954106280193235 0.6233258928571429 0.3007246376811594 0.010044642857142858
1 0.4607487922705314 0.6322544642857143 0.3055555555555556 0.0078125
1 0.4601449275362319 0.640625 0.30434782608695654 0.008928571428571428
1 0.4613526570048309 0.6512276785714286 0.2971014492753623 0.008928571428571428
1 0.7282608695652174 0.6107700892857143 0.1473429951690821 0.010602678571428572
1 0.7107487922705314 0.6216517857142857 0.11231884057971014 0.011160714285714286
1 0.7801932367149759 0.580078125 0.24879227053140096 0.008370535714285714
1 0.7548309178743962 0.5711495535714286 0.20048309178743962 0.010602678571428572
1 0.7681159420289855 0.5613839285714286 0.2318840579710145 0.008928571428571428
1 0.7741545893719807 0.5518973214285714 0.2391304347826087 0.010044642857142858
1 0.730072463768116 0.5426897321428571 0.15338164251207728 0.008370535714285714
1 0.7252415458937198 0.5340401785714286 0.1388888888888889 0.008928571428571428
1 0.7397342995169082 0.5237165178571429 0.1751207729468599 0.009486607142857142
1 0.7246376811594203 0.5142299107142857 0.14492753623188406 0.010602678571428572
1 0.7385265700483091 0.505859375 0.17028985507246377 0.010602678571428572
1 0.7252415458937198 0.49581473214285715 0.14130434782608695 0.010602678571428572
1 0.7626811594202898 0.38058035714285715 0.17753623188405798 0.008928571428571428
1 0.7626811594202898 0.38978794642857145 0.1751207729468599 0.007254464285714286
1 0.7518115942028986 0.39955357142857145 0.15579710144927536 0.010044642857142858
1 0.751207729468599 0.4076450892857143 0.15217391304347827 0.010602678571428572
1 0.732487922705314 0.41796875 0.11714975845410629 0.011160714285714286
1 0.7536231884057971 0.42745535714285715 0.15942028985507245 0.008928571428571428
1 0.751207729468599 0.4361049107142857 0.15217391304347827 0.008370535714285714
1 0.7795893719806763 0.44503348214285715 0.20893719806763286 0.010602678571428572
1 0.7971014492753623 0.4545200892857143 0.24396135265700483 0.008370535714285714
