0 0.15760869565217392 0.37974330357142855 0.28140096618357485 0.016183035714285716
2 0.40700483091787437 0.3783482142857143 0.14251207729468598 0.013392857142857142
0 0.6443236714975845 0.3783482142857143 0.2427536231884058 0.013392857142857142
2 0.908816425120773 0.3783482142857143 0.11956521739130435 0.013392857142857142
2 0.40881642512077293 0.4076450892857143 0.1388888888888889 0.017299107142857144
0 0.6455314009661836 0.40792410714285715 0.24758454106280192 0.018973214285714284
2 0.9124396135265701 0.40652901785714285 0.11956521739130435 0.015066964285714286
0 0.15096618357487923 0.408203125 0.26570048309178745 0.016183035714285716
0 0.16545893719806765 0.435546875 0.2946859903381642 0.016183035714285716
2 0.41183574879227053 0.4349888392857143 0.14009661835748793 0.015066964285714286
0 0.6696859903381642 0.435546875 0.29347826086956524 0.016183035714285716
2 0.9148550724637681 0.4349888392857143 0.11956521739130435 0.015066964285714286
0 0.161231884057971 0.46400669642857145 0.286231884057971 0.018415178571428572
2 0.4106280193236715 0.46316964285714285 0.14251207729468598 0.013392857142857142
0 0.6038647342995169 0.46456473214285715 0.16183574879227053 0.016183035714285716
2 0.9160628019323671 0.46316964285714285 0.11714975845410629 0.013392857142857142
2 0.4221014492753623 0.49107142857142855 0.11956521739130435 0.014508928571428572
0 0.6092995169082126 0.49107142857142855 0.17270531400966183 0.014508928571428572
0 0.13707729468599034 0.49302455357142855 0.23792270531400966 0.016183035714285716
2 0.9172705314009661 0.4916294642857143 0.11956521739130435 0.013392857142857142
0 0.15338164251207728 0.5203683035714286 0.27294685990338163 0.016183035714285716
2 0.4221014492753623 0.5198102678571429 0.11956521739130435 0.015066964285714286
0 0.6346618357487923 0.5198102678571429 0.22342995169082125 0.015066964285714286
0 0.9148550724637681 0.5198102678571429 0.11956521739130435 0.015066964285714286
0 0.12983091787439613 0.5471540178571429 0.22342995169082125 0.015066964285714286
2 0.4221014492753623 0.5477120535714286 0.11956521739130435 0.013950892857142858
0 0.1358695652173913 0.5778459821428571 0.23550724637681159 0.016183035714285716
2 0.42089371980676327 0.5764508928571429 0.11956521739130435 0.013392857142857142
2 0.9124396135265701 0.5186941964285714 0.11956521739130435 0.015066964285714286
1 0.24879227053140096 0.37890625 0.4613526570048309 0.017857142857142856
1 0.2506038647342995 0.40736607142857145 0.4673913043478261 0.017857142857142856
1 0.25120772946859904 0.43638392857142855 0.46618357487922707 0.017857142857142856
1 0.25181159420289856 0.46400669642857145 0.46980676328502413 0.01953125
1 0.24879227053140096 0.49330357142857145 0.45893719806763283 0.020089285714285716
1 0.24939613526570048 0.5200892857142857 0.46980676328502413 0.017857142857142856
1 0.24396135265700483 0.5471540178571429 0.4613526570048309 0.020647321428571428
1 0.24396135265700483 0.5784040178571429 0.463768115942029 0.01953125
1 0.7421497584541062 0.3783482142857143 0.4504830917874396 0.014508928571428572
1 0.7530193236714976 0.40625 0.4722222222222222 0.016741071428571428
1 0.7469806763285024 0.43582589285714285 0.4528985507246377 0.022321428571428572
1 0.7493961352657005 0.4654017857142857 0.4504830917874396 0.017857142857142856
1 0.7506038647342995 0.49190848214285715 0.4553140096618358 0.015066964285714286
1 0.7457729468599034 0.5206473214285714 0.4504830917874396 0.018973214285714284
