0 0.6859903381642513 0.4673549107142857 0.06038647342995169 0.01171875
2 0.6080917874396136 0.46847098214285715 0.035024154589371984 0.008370535714285714
0 0.30193236714975846 0.47237723214285715 0.0893719806763285 0.008370535714285714
2 0.2071256038647343 0.46512276785714285 0.027777777777777776 0.005022321428571429
2 0.6092995169082126 0.47739955357142855 0.03743961352657005 0.008370535714285714
0 0.7143719806763285 0.48214285714285715 0.11956521739130435 0.010044642857142858
0 0.04710144927536232 0.46707589285714285 0.06521739130434782 0.006696428571428571
0 0.3176328502415459 0.4810267857142857 0.12077294685990338 0.010044642857142858
2 0.2071256038647343 0.474609375 0.03260869565217391 0.007254464285714286
0 0.0464975845410628 0.4740513392857143 0.06159420289855073 0.007254464285714286
2 0.2071256038647343 0.482421875 0.03260869565217391 0.006138392857142857
0 0.717391304347826 0.49693080357142855 0.12560386473429952 0.009486607142857142
0 0.06280193236714976 0.48214285714285715 0.09420289855072464 0.008928571428571428
2 0.20591787439613526 0.4986049107142857 0.030193236714975844 0.006138392857142857
0 0.049516908212560384 0.4907924107142857 0.0748792270531401 0.007254464285714286
0 0.7663043478260869 0.5086495535714286 0.21859903381642512 0.01171875
2 0.20893719806763286 0.4896763392857143 0.03140096618357488 0.006138392857142857
0 0.05555555555555555 0.517578125 0.07729468599033816 0.006138392857142857
2 0.20833333333333334 0.5061383928571429 0.03260869565217391 0.0078125
2 0.5658212560386473 0.5237165178571429 0.03743961352657005 0.009486607142857142
0 0.31280193236714976 0.5245535714285714 0.10628019323671498 0.011160714285714286
2 0.5658212560386473 0.53515625 0.035024154589371984 0.010044642857142858
0 0.34057971014492755 0.5365513392857143 0.1642512077294686 0.009486607142857142
2 0.5682367149758454 0.5496651785714286 0.035024154589371984 0.010044642857142858
0 0.3327294685990338 0.5510602678571429 0.1461352657004831 0.010602678571428572
0 0.0748792270531401 0.5510602678571429 0.11352657004830918 0.007254464285714286
2 0.2071256038647343 0.5510602678571429 0.03260869565217391 0.009486607142857142
2 0.2071256038647343 0.5583147321428571 0.027777777777777776 0.008370535714285714
2 0.6123188405797102 0.5627790178571429 0.036231884057971016 0.007254464285714286
0 0.059782608695652176 0.5583147321428571 0.08816425120772947 0.007254464285714286
0 0.33816425120772947 0.564453125 0.1570048309178744 0.01171875
0 0.7119565217391305 0.5661272321428571 0.10265700483091787 0.008370535714285714
0 0.07306763285024155 0.5650111607142857 0.11231884057971014 0.007254464285714286
2 0.2071256038647343 0.5669642857142857 0.03260869565217391 0.006696428571428571
2 0.20833333333333334 0.5736607142857143 0.035024154589371984 0.006696428571428571
0 0.32971014492753625 0.5772879464285714 0.14009661835748793 0.01171875
2 0.6123188405797102 0.5772879464285714 0.036231884057971016 0.007254464285714286
0 0.07065217391304347 0.5725446428571429 0.10748792270531402 0.006696428571428571
0 0.7022946859903382 0.5795200892857143 0.08574879227053141 0.008370535714285714
2 0.20954106280193235 0.58203125 0.03260869565217391 0.006696428571428571
0 0.06038647342995169 0.5795200892857143 0.0893719806763285 0.007254464285714286
0 0.3538647342995169 0.5906808035714286 0.18840579710144928 0.01171875
2 0.6123188405797102 0.5906808035714286 0.036231884057971016 0.007254464285714286
2 0.20591787439613526 0.5895647321428571 0.03260869565217391 0.007254464285714286
0 0.711352657004831 0.5943080357142857 0.1111111111111111 0.011160714285714286
0 0.03864734299516908 0.5876116071428571 0.043478260869565216 0.006696428571428571
2 0.20591787439613526 0.5968191964285714 0.03260869565217391 0.007254464285714286
0 0.03140096618357488 0.5945870535714286 0.036231884057971016 0.007254464285714286
0 0.3134057971014493 0.6018415178571429 0.10507246376811594 0.008370535714285714
2 0.6141304347826086 0.6040736607142857 0.03743961352657005 0.007254464285714286
2 0.2071256038647343 0.6043526785714286 0.035024154589371984 0.0078125
0 0.6944444444444444 0.6079799107142857 0.07971014492753623 0.009486607142857142
0 0.04468599033816425 0.6023995535714286 0.057971014492753624 0.007254464285714286
0 0.04468599033816425 0.6102120535714286 0.05555555555555555 0.006138392857142857
2 0.20531400966183574 0.6118861607142857 0.03864734299516908 0.007254464285714286
0 0.338768115942029 0.6157924107142857 0.15821256038647344 0.012834821428571428
2 0.6117149758454107 0.6174665178571429 0.035024154589371984 0.008370535714285714
0 0.6998792270531401 0.6219308035714286 0.08816425120772947 0.008370535714285714
0 0.7119565217391305 0.6369977678571429 0.11473429951690821 0.009486607142857142
0 0.3635265700483092 0.6428571428571429 0.21014492753623187 0.012276785714285714
2 0.6129227053140096 0.6442522321428571 0.03743961352657005 0.008370535714285714
0 0.06340579710144928 0.6431361607142857 0.08816425120772947 0.009486607142857142
0 0.6950483091787439 0.6509486607142857 0.06884057971014493 0.008370535714285714
0 0.042270531400966184 0.650390625 0.043478260869565216 0.008370535714285714
0 0.05374396135265701 0.6590401785714286 0.06642512077294686 0.006696428571428571
0 0.7270531400966184 0.6654575892857143 0.13768115942028986 0.01171875
0 0.06219806763285024 0.6665736607142857 0.08816425120772947 0.007254464285714286
0 0.714975845410628 0.6788504464285714 0.11352657004830918 0.009486607142857142
0 0.05374396135265701 0.673828125 0.07125603864734299 0.007254464285714286
0 0.05615942028985507 0.6810825892857143 0.08816425120772947 0.008370535714285714
0 0.07729468599033816 0.6900111607142857 0.12318840579710146 0.008370535714285714
0 0.37016908212560384 0.7000558035714286 0.22584541062801933 0.012834821428571428
0 0.05555555555555555 0.6975446428571429 0.07971014492753623 0.006696428571428571
0 0.06099033816425121 0.7045200892857143 0.08574879227053141 0.009486607142857142
0 0.34601449275362317 0.7134486607142857 0.1678743961352657 0.010602678571428572
0 0.057367149758454104 0.7117745535714286 0.0785024154589372 0.008370535714285714
0 0.06884057971014493 0.728515625 0.09903381642512077 0.010602678571428572
0 0.3647342995169082 0.7265625 0.21739130434782608 0.010044642857142858
0 0.051932367149758456 0.7201450892857143 0.0748792270531401 0.007254464285714286
0 0.07004830917874397 0.49888392857142855 0.10869565217391304 0.0078125
0 0.05495169082125604 0.5061383928571429 0.07367149758454106 0.005580357142857143
2 0.20591787439613526 0.5050223214285714 0.03260869565217391 0.0078125
2 0.20893719806763286 0.5145089285714286 0.026570048309178744 0.0078125
2 0.20531400966183574 0.6453683035714286 0.03140096618357488 0.006138392857142857
2 0.20772946859903382 0.6537388392857143 0.03140096618357488 0.007254464285714286
2 0.20772946859903382 0.6615513392857143 0.033816425120772944 0.005022321428571429
2 0.20531400966183574 0.6688058035714286 0.03140096618357488 0.007254464285714286
2 0.20652173913043478 0.6763392857142857 0.03140096618357488 0.005580357142857143
2 0.20652173913043478 0.6849888392857143 0.028985507246376812 0.006138392857142857
2 0.20652173913043478 0.6928013392857143 0.028985507246376812 0.006138392857142857
2 0.20833333333333334 0.7008928571428571 0.03260869565217391 0.006696428571428571
2 0.20652173913043478 0.7075892857142857 0.03140096618357488 0.005580357142857143
2 0.2071256038647343 0.71484375 0.035024154589371984 0.0078125
2 0.2071256038647343 0.7229352678571429 0.035024154589371984 0.005022321428571429
2 0.2071256038647343 0.7299107142857143 0.030193236714975844 0.0078125
0 0.7059178743961353 0.5513392857142857 0.09057971014492754 0.011160714285714286
0 0.7228260869565217 0.5368303571428571 0.14130434782608695 0.008928571428571428
0 0.7240338164251208 0.5226004464285714 0.14371980676328502 0.01171875
2 0.9196859903381642 0.4799107142857143 0.0640096618357488 0.012276785714285714
2 0.9045893719806763 0.49441964285714285 0.10144927536231885 0.008928571428571428
2 0.9335748792270532 0.5103236607142857 0.043478260869565216 0.010602678571428572
2 0.9166666666666666 0.5242745535714286 0.0821256038647343 0.008370535714285714
2 0.9166666666666666 0.5390625 0.0821256038647343 0.011160714285714286
2 0.9172705314009661 0.5530133928571429 0.07608695652173914 0.008928571428571428
2 0.9118357487922706 0.5672433035714286 0.10144927536231885 0.009486607142857142
2 0.9118357487922706 0.5825892857142857 0.08695652173913043 0.010044642857142858
2 0.9118357487922706 0.5951450892857143 0.0893719806763285 0.01171875
2 0.9045893719806763 0.6104910714285714 0.10386473429951691 0.0078125
2 0.9051932367149759 0.6241629464285714 0.09782608695652174 0.01171875
2 0.9057971014492754 0.6395089285714286 0.0966183574879227 0.010044642857142858
2 0.8393719806763285 0.6531808035714286 0.03864734299516908 0.010602678571428572
2 0.839975845410628 0.6665736607142857 0.03985507246376811 0.009486607142857142
2 0.8864734299516909 0.6810825892857143 0.03864734299516908 0.01171875
2 0.5676328502415459 0.7039620535714286 0.03864734299516908 0.009486607142857142
2 0.5706521739130435 0.7176339285714286 0.03985507246376811 0.0078125
2 0.5676328502415459 0.7327008928571429 0.033816425120772944 0.008928571428571428
1 0.11896135265700483 0.46651785714285715 0.2113526570048309 0.0078125
1 0.11775362318840579 0.4740513392857143 0.2113526570048309 0.008370535714285714
1 0.11714975845410629 0.4818638392857143 0.20531400966183574 0.008370535714285714
1 0.12077294685990338 0.49051339285714285 0.20531400966183574 0.008928571428571428
1 0.11896135265700483 0.49916294642857145 0.20652173913043478 0.008370535714285714
1 0.11896135265700483 0.5075334821428571 0.20893719806763286 0.007254464285714286
1 0.11594202898550725 0.5147879464285714 0.2028985507246377 0.007254464285714286
1 0.44021739130434784 0.46902901785714285 0.37077294685990336 0.009486607142857142
1 0.4438405797101449 0.4799107142857143 0.36594202898550726 0.012276785714285714
1 0.8061594202898551 0.48214285714285715 0.3007246376811594 0.012276785714285714
1 0.803743961352657 0.494140625 0.3031400966183575 0.01171875
1 0.8067632850241546 0.5089285714285714 0.30193236714975846 0.012276785714285714
1 0.8031400966183575 0.5237165178571429 0.30193236714975846 0.01171875
1 0.803743961352657 0.5242745535714286 0.29830917874396135 0.01171875
1 0.8043478260869565 0.537109375 0.2971014492753623 0.01171875
1 0.8073671497584541 0.5513392857142857 0.29589371980676327 0.013392857142857142
1 0.8079710144927537 0.5672433035714286 0.2922705314009662 0.012834821428571428
1 0.8079710144927537 0.5809151785714286 0.2995169082125604 0.015625
1 0.8049516908212561 0.5943080357142857 0.29589371980676327 0.015625
1 0.8049516908212561 0.6082589285714286 0.29830917874396135 0.014508928571428572
1 0.8067632850241546 0.6233258928571429 0.2971014492753623 0.013392857142857142
1 0.8091787439613527 0.6369977678571429 0.2971014492753623 0.013950892857142858
1 0.8073671497584541 0.6534598214285714 0.29347826086956524 0.015625
1 0.8073671497584541 0.6674107142857143 0.3007246376811594 0.012276785714285714
1 0.8103864734299517 0.6819196428571429 0.2946859903381642 0.015625
1 0.44504830917874394 0.7008928571428571 0.3804347826086957 0.014508928571428572
1 0.4468599033816425 0.71484375 0.3743961352657005 0.013392857142857142
1 0.4438405797101449 0.7307477678571429 0.37318840579710144 0.016183035714285716
1 0.11896135265700483 0.6436941964285714 0.20169082125603865 0.010602678571428572
1 0.11714975845410629 0.6526227678571429 0.20048309178743962 0.010602678571428572
1 0.11594202898550725 0.6587611607142857 0.2028985507246377 0.01171875
1 0.11533816425120773 0.6662946428571429 0.19927536231884058 0.010044642857142858
1 0.11654589371980677 0.673828125 0.20169082125603865 0.01171875
1 0.11775362318840579 0.6824776785714286 0.19927536231884058 0.012276785714285714
1 0.11714975845410629 0.6911272321428571 0.2028985507246377 0.010602678571428572
1 0.11956521739130435 0.6981026785714286 0.20772946859903382 0.010044642857142858
1 0.11413043478260869 0.7053571428571429 0.19927536231884058 0.011160714285714286
1 0.11775362318840579 0.712890625 0.2041062801932367 0.010602678571428572
1 0.11594202898550725 0.7209821428571429 0.20531400966183574 0.011160714285714286
1 0.11956521739130435 0.7299107142857143 0.20048309178743962 0.011160714285714286
1 0.11956521739130435 0.5502232142857143 0.20531400966183574 0.006696428571428571
1 0.12077294685990338 0.55859375 0.2028985507246377 0.006696428571428571
1 0.12198067632850242 0.564453125 0.20531400966183574 0.007254464285714286
1 0.11775362318840579 0.5728236607142857 0.20169082125603865 0.009486607142857142
1 0.11775362318840579 0.5809151785714286 0.20169082125603865 0.0078125
1 0.11835748792270531 0.5884486607142857 0.20772946859903382 0.009486607142857142
1 0.11835748792270531 0.5943080357142857 0.20772946859903382 0.0078125
1 0.11413043478260869 0.6023995535714286 0.20169082125603865 0.007254464285714286
1 0.11835748792270531 0.6110491071428571 0.21256038647342995 0.008928571428571428
1 0.4438405797101449 0.5234375 0.36835748792270534 0.010044642857142858
1 0.4444444444444444 0.5359933035714286 0.3671497584541063 0.009486607142857142
1 0.4438405797101449 0.55078125 0.36594202898550726 0.011160714285714286
1 0.44565217391304346 0.5636160714285714 0.3695652173913043 0.010044642857142858
1 0.446256038647343 0.576171875 0.3756038647342995 0.009486607142857142
1 0.44565217391304346 0.5881696428571429 0.3743961352657005 0.010044642857142858
1 0.44504830917874394 0.6046316964285714 0.37318840579710144 0.010602678571428572
1 0.44565217391304346 0.6160714285714286 0.3719806763285024 0.010044642857142858
1 0.44082125603864736 0.642578125 0.38405797101449274 0.012834821428571428
2 0.6092995169082126 0.5220424107142857 0.03743961352657005 0.009486607142857142
2 0.6105072463768116 0.5362723214285714 0.035024154589371984 0.010044642857142858
2 0.6117149758454107 0.5496651785714286 0.030193236714975844 0.010044642857142858
2 0.6117149758454107 0.7176339285714286 0.03985507246376811 0.0078125
2 0.6147342995169082 0.7321428571428571 0.033816425120772944 0.008928571428571428
2 0.6111111111111112 0.7028459821428571 0.03864734299516908 0.009486607142857142
2 0.9359903381642513 0.6827566964285714 0.03864734299516908 0.01171875
2 0.8852657004830918 0.6671316964285714 0.03864734299516908 0.01171875
2 0.9341787439613527 0.6676897321428571 0.03985507246376811 0.009486607142857142
2 0.9371980676328503 0.6537388392857143 0.03864734299516908 0.010602678571428572
2 0.8846618357487923 0.6537388392857143 0.042270531400966184 0.010602678571428572
2 0.9148550724637681 0.46707589285714285 0.08091787439613526 0.013392857142857142
1 0.8061594202898551 0.46651785714285715 0.3007246376811594 0.012276785714285714
