0 0.44504830917874394 0.39620535714285715 0.1292270531400966 0.017857142857142856
2 0.8997584541062802 0.39536830357142855 0.09420289855072464 0.013950892857142858
0 0.4468599033816425 0.41127232142857145 0.13043478260869565 0.013392857142857142
2 0.8997584541062802 0.4115513392857143 0.09420289855072464 0.015066964285714286
0 0.447463768115942 0.42689732142857145 0.11956521739130435 0.016741071428571428
2 0.8997584541062802 0.42801339285714285 0.09420289855072464 0.013392857142857142
0 0.40700483091787437 0.44447544642857145 0.04830917874396135 0.015066964285714286
2 0.8997584541062802 0.4447544642857143 0.09420289855072464 0.013392857142857142
0 0.46316425120772947 0.46010044642857145 0.1606280193236715 0.015066964285714286
2 0.8997584541062802 0.46121651785714285 0.09420289855072464 0.015066964285714286
0 0.5096618357487923 0.47739955357142855 0.24154589371980675 0.016183035714285716
2 0.8997584541062802 0.47739955357142855 0.09420289855072464 0.013950892857142858
0 0.5018115942028986 0.49525669642857145 0.23550724637681159 0.015066964285714286
2 0.8997584541062802 0.49441964285714285 0.09420289855072464 0.013392857142857142
0 0.4396135265700483 0.51171875 0.11835748792270531 0.015625
2 0.8997584541062802 0.5106026785714286 0.09420289855072464 0.014508928571428572
0 0.49094202898550726 0.5270647321428571 0.22342995169082125 0.013950892857142858
2 0.8997584541062802 0.5267857142857143 0.09420289855072464 0.013392857142857142
0 0.5229468599033816 0.5432477678571429 0.2777777777777778 0.017299107142857144
2 0.8997584541062802 0.5438058035714286 0.09420289855072464 0.013950892857142858
0 0.5096618357487923 0.5594308035714286 0.21980676328502416 0.018415178571428572
2 0.8997584541062802 0.5608258928571429 0.09420289855072464 0.013392857142857142
0 0.49818840579710144 0.5764508928571429 0.20893719806763286 0.016741071428571428
2 0.8997584541062802 0.5764508928571429 0.09420289855072464 0.013392857142857142
0 0.4927536231884058 0.5920758928571429 0.20772946859903382 0.013392857142857142
2 0.8997584541062802 0.5931919642857143 0.09420289855072464 0.013392857142857142
0 0.6002415458937198 0.6099330357142857 0.4106280193236715 0.017857142857142856
2 0.9015700483091788 0.6110491071428571 0.0929951690821256 0.015625
1 0.663647342995169 0.3931361607142857 0.5688405797101449 0.01953125
1 0.6642512077294686 0.412109375 0.5700483091787439 0.015066964285714286
1 0.6672705314009661 0.42745535714285715 0.5567632850241546 0.016741071428571428
1 0.6654589371980676 0.44419642857142855 0.5603864734299517 0.014508928571428572
1 0.6672705314009661 0.4614955357142857 0.5591787439613527 0.013392857142857142
1 0.6672705314009661 0.47823660714285715 0.5567632850241546 0.017857142857142856
1 0.6684782608695652 0.4946986607142857 0.5615942028985508 0.015066964285714286
1 0.6696859903381642 0.5111607142857143 0.5688405797101449 0.015625
1 0.663647342995169 0.5265066964285714 0.5640096618357487 0.015066964285714286
1 0.6672705314009661 0.5443638392857143 0.5615942028985508 0.015066964285714286
1 0.6745169082125604 0.5608258928571429 0.5495169082125604 0.013392857142857142
1 0.6745169082125604 0.5770089285714286 0.5543478260869565 0.015625
1 0.6696859903381642 0.5931919642857143 0.5591787439613527 0.014508928571428572
1 0.6690821256038647 0.6088169642857143 0.5483091787439613 0.021205357142857144
0 0.677536231884058 0.39676339285714285 0.07246376811594203 0.015625
0 0.5778985507246377 0.3950892857142857 0.11473429951690821 0.015625
0 0.5742753623188406 0.40987723214285715 0.10748792270531402 0.015066964285714286
0 0.6654589371980676 0.42885044642857145 0.07004830917874397 0.016183035714285716
0 0.5670289855072463 0.42689732142857145 0.11473429951690821 0.015625
0 0.6823671497584541 0.41183035714285715 0.06763285024154589 0.014508928571428572
0 0.4969806763285024 0.44308035714285715 0.11473429951690821 0.015625
0 0.605072463768116 0.44503348214285715 0.07004830917874397 0.016183035714285716
0 0.5609903381642513 0.5106026785714286 0.11473429951690821 0.015625
0 0.6594202898550725 0.5108816964285714 0.07004830917874397 0.016183035714285716
