0 0.47282608695652173 0.40401785714285715 0.15579710144927536 0.025669642857142856
2 0.8484299516908212 0.4056919642857143 0.10024154589371981 0.018973214285714284
0 0.4643719806763285 0.43080357142857145 0.15096618357487923 0.026785714285714284
2 0.8864734299516909 0.431640625 0.14492753623188406 0.022879464285714284
0 0.48429951690821255 0.49720982142857145 0.11352657004830918 0.011160714285714286
2 0.8629227053140096 0.4974888392857143 0.06642512077294686 0.009486607142857142
0 0.48490338164251207 0.5080915178571429 0.10507246376811594 0.009486607142857142
2 0.857487922705314 0.5086495535714286 0.07729468599033816 0.008370535714285714
0 0.5446859903381642 0.5192522321428571 0.22705314009661837 0.010602678571428572
2 0.8538647342995169 0.5203683035714286 0.07729468599033816 0.008370535714285714
0 0.5301932367149759 0.5309709821428571 0.20048309178743962 0.009486607142857142
2 0.8586956521739131 0.5315290178571429 0.0748792270531401 0.009486607142857142
0 0.5428743961352657 0.5438058035714286 0.2210144927536232 0.010602678571428572
2 0.857487922705314 0.5432477678571429 0.07729468599033816 0.009486607142857142
0 0.5688405797101449 0.5546875 0.2753623188405797 0.012276785714285714
2 0.857487922705314 0.5549665178571429 0.07729468599033816 0.009486607142857142
0 0.5416666666666666 0.5669642857142857 0.21859903381642512 0.010044642857142858
2 0.8556763285024155 0.5672433035714286 0.08091787439613526 0.010602678571428572
0 0.5543478260869565 0.578125 0.2536231884057971 0.012276785714285714
2 0.8599033816425121 0.5784040178571429 0.07729468599033816 0.009486607142857142
0 0.4915458937198068 0.58984375 0.12077294685990338 0.011160714285714286
2 0.8556763285024155 0.5901227678571429 0.08091787439613526 0.009486607142857142
2 0.8532608695652174 0.5890066964285714 0.08091787439613526 0.009486607142857142
1 0.6648550724637681 0.5901227678571429 0.46497584541062803 0.01171875
1 0.6654589371980676 0.5784040178571429 0.4758454106280193 0.01171875
1 0.6630434782608695 0.5669642857142857 0.45893719806763283 0.011160714285714286
1 0.6630434782608695 0.5541294642857143 0.45893719806763283 0.011160714285714286
1 0.663647342995169 0.53125 0.46497584541062803 0.012276785714285714
1 0.6642512077294686 0.5189732142857143 0.463768115942029 0.011160714285714286
1 0.663647342995169 0.5069754464285714 0.46256038647342995 0.009486607142857142
1 0.6606280193236715 0.49720982142857145 0.463768115942029 0.011160714285714286
1 0.6443236714975845 0.40262276785714285 0.49879227053140096 0.023995535714285716
1 0.6727053140096618 0.43080357142857145 0.5628019323671497 0.029017857142857144
1 0.6648550724637681 0.5424107142857143 0.46497584541062803 0.012276785714285714
