0 0.5307971014492754 0.3959263392857143 0.1823671497584541 0.009486607142857142
2 0.8502415458937198 0.3959263392857143 0.09178743961352658 0.009486607142857142
0 0.5778985507246377 0.40792410714285715 0.2741545893719807 0.012276785714285714
2 0.8514492753623188 0.40848214285714285 0.0893719806763285 0.011160714285714286
0 0.535024154589372 0.4204799107142857 0.19082125603864733 0.009486607142857142
2 0.8514492753623188 0.42075892857142855 0.0893719806763285 0.010044642857142858
0 0.5634057971014492 0.43387276785714285 0.2427536231884058 0.012834821428571428
2 0.8514492753623188 0.4330357142857143 0.0893719806763285 0.011160714285714286
0 0.5851449275362319 0.4458705357142857 0.3007246376811594 0.011160714285714286
0 0.8514492753623188 0.44559151785714285 0.0893719806763285 0.009486607142857142
0 0.6117149758454107 0.4575892857142857 0.3442028985507246 0.010044642857142858
0 0.5561594202898551 0.46847098214285715 0.23309178743961353 0.01171875
0 0.5766908212560387 0.48325892857142855 0.28381642512077293 0.011160714285714286
2 0.8526570048309179 0.482421875 0.09178743961352658 0.008370535714285714
0 0.5561594202898551 0.4955357142857143 0.23309178743961353 0.013392857142857142
0 0.5948067632850241 0.5078125 0.3079710144927536 0.013392857142857142
0 0.538647342995169 0.5209263392857143 0.20048309178743962 0.013950892857142858
0 0.5652173913043478 0.533203125 0.24879227053140096 0.010602678571428572
0 0.5549516908212561 0.544921875 0.23550724637681159 0.01171875
0 0.5785024154589372 0.5574776785714286 0.27294685990338163 0.013392857142857142
0 0.8218599033816425 0.5574776785714286 0.030193236714975844 0.010044642857142858
0 0.571256038647343 0.5714285714285714 0.26570048309178745 0.011160714285714286
2 0.8526570048309179 0.5705915178571429 0.09178743961352658 0.010602678571428572
2 0.8514492753623188 0.5828683035714286 0.0893719806763285 0.010602678571428572
0 0.5422705314009661 0.5834263392857143 0.20531400966183574 0.009486607142857142
0 0.5706521739130435 0.5959821428571429 0.2669082125603865 0.011160714285714286
2 0.8526570048309179 0.5951450892857143 0.09178743961352658 0.009486607142857142
2 0.8538647342995169 0.44503348214285715 0.0893719806763285 0.009486607142857142
2 0.8532608695652174 0.45870535714285715 0.0929951690821256 0.010044642857142858
2 0.8520531400966184 0.470703125 0.09057971014492754 0.012834821428571428
2 0.8520531400966184 0.49581473214285715 0.09057971014492754 0.01171875
2 0.8538647342995169 0.5075334821428571 0.09903381642512077 0.010602678571428572
2 0.855072463768116 0.5212053571428571 0.09903381642512077 0.012276785714285714
2 0.8526570048309179 0.5334821428571429 0.0893719806763285 0.012276785714285714
2 0.8538647342995169 0.5452008928571429 0.08695652173913043 0.012276785714285714
2 0.8538647342995169 0.5574776785714286 0.08695652173913043 0.010044642857142858
1 0.6684782608695652 0.396484375 0.4528985507246377 0.01171875
1 0.6672705314009661 0.40792410714285715 0.4504830917874396 0.012276785714285714
1 0.6678743961352657 0.4204799107142857 0.45410628019323673 0.01171875
1 0.6684782608695652 0.43359375 0.4528985507246377 0.012276785714285714
1 0.6696859903381642 0.4453125 0.4553140096618358 0.012276785714285714
1 0.6696859903381642 0.45703125 0.4601449275362319 0.012276785714285714
1 0.6702898550724637 0.4693080357142857 0.4613526570048309 0.013392857142857142
1 0.6696859903381642 0.48270089285714285 0.4504830917874396 0.008928571428571428
1 0.6702898550724637 0.49525669642857145 0.45410628019323673 0.012834821428571428
1 0.6714975845410628 0.5083705357142857 0.46618357487922707 0.012276785714285714
1 0.6721014492753623 0.521484375 0.46256038647342995 0.012834821428571428
1 0.6684782608695652 0.5329241071428571 0.4577294685990338 0.012276785714285714
1 0.6690821256038647 0.5443638392857143 0.45893719806763283 0.012834821428571428
1 0.6702898550724637 0.5571986607142857 0.45652173913043476 0.012834821428571428
1 0.6702898550724637 0.5700334821428571 0.45652173913043476 0.012834821428571428
1 0.6696859903381642 0.5817522321428571 0.4577294685990338 0.010602678571428572
1 0.6684782608695652 0.5951450892857143 0.4601449275362319 0.01171875
