0 0.5314009661835749 0.3950892857142857 0.24396135265700483 0.012276785714285714
2 0.893719806763285 0.3959263392857143 0.0893719806763285 0.009486607142857142
0 0.5646135265700483 0.40708705357142855 0.3079710144927536 0.010602678571428572
2 0.893719806763285 0.40848214285714285 0.0893719806763285 0.011160714285714286
0 0.5157004830917874 0.42020089285714285 0.21980676328502416 0.011160714285714286
2 0.893719806763285 0.42075892857142855 0.0893719806763285 0.010044642857142858
0 0.5307971014492754 0.4330357142857143 0.23792270531400966 0.011160714285714286
2 0.8864734299516909 0.43247767857142855 0.10144927536231885 0.010044642857142858
0 0.45893719806763283 0.4447544642857143 0.09420289855072464 0.013392857142857142
2 0.8907004830917874 0.44447544642857145 0.10990338164251208 0.01171875
0 0.4571256038647343 0.45731026785714285 0.0929951690821256 0.012834821428571428
2 0.8876811594202898 0.45703125 0.10386473429951691 0.010044642857142858
0 0.46195652173913043 0.470703125 0.10265700483091787 0.013950892857142858
2 0.8919082125603864 0.46902901785714285 0.11231884057971014 0.01171875
0 0.4583333333333333 0.4829799107142857 0.0929951690821256 0.012834821428571428
2 0.8900966183574879 0.4810267857142857 0.10869565217391304 0.012276785714285714
0 0.5229468599033816 0.49441964285714285 0.22705314009661837 0.011160714285714286
2 0.8870772946859904 0.49330357142857145 0.10990338164251208 0.008928571428571428
0 0.4492753623188406 0.5053013392857143 0.07729468599033816 0.012834821428571428
2 0.8870772946859904 0.5066964285714286 0.10265700483091787 0.010044642857142858
0 0.5688405797101449 0.5184151785714286 0.32608695652173914 0.010044642857142858
0 0.5984299516908212 0.5295758928571429 0.3804347826086957 0.013392857142857142
0 0.6008454106280193 0.5432477678571429 0.38768115942028986 0.012834821428571428
0 0.8967391304347826 0.5432477678571429 0.08816425120772947 0.009486607142857142
0 0.5585748792270532 0.5560825892857143 0.3079710144927536 0.01171875
0 0.5815217391304348 0.568359375 0.358695652173913 0.010602678571428572
0 0.8870772946859904 0.5672433035714286 0.06884057971014493 0.008370535714285714
0 0.5609903381642513 0.5792410714285714 0.3079710144927536 0.011160714285714286
2 0.893719806763285 0.5803571428571429 0.0893719806763285 0.011160714285714286
0 0.5760869565217391 0.591796875 0.34057971014492755 0.01171875
2 0.893719806763285 0.5926339285714286 0.0893719806763285 0.010044642857142858
0 0.5706521739130435 0.6049107142857143 0.322463768115942 0.013392857142857142
2 0.894927536231884 0.6057477678571429 0.09178743961352658 0.009486607142857142
2 0.8967391304347826 0.51953125 0.09057971014492754 0.011160714285714286
2 0.8973429951690821 0.5295758928571429 0.09178743961352658 0.012276785714285714
2 0.8985507246376812 0.5435267857142857 0.09420289855072464 0.013392857142857142
2 0.8967391304347826 0.5555245535714286 0.09541062801932366 0.012834821428571428
2 0.8943236714975845 0.5675223214285714 0.08574879227053141 0.010044642857142858
1 0.6751207729468599 0.3939732142857143 0.5314009661835749 0.013392857142857142
1 0.6763285024154589 0.408203125 0.5289855072463768 0.01171875
1 0.6739130434782609 0.4193638392857143 0.5289855072463768 0.012834821428571428
1 0.6751207729468599 0.43191964285714285 0.5314009661835749 0.011160714285714286
1 0.6896135265700483 0.44642857142857145 0.5555555555555556 0.012276785714285714
1 0.6757246376811594 0.4701450892857143 0.532608695652174 0.01171875
1 0.6751207729468599 0.4818638392857143 0.533816425120773 0.012834821428571428
1 0.6745169082125604 0.45675223214285715 0.5277777777777778 0.01171875
1 0.6757246376811594 0.49330357142857145 0.535024154589372 0.011160714285714286
1 0.6757246376811594 0.5061383928571429 0.5277777777777778 0.012276785714285714
1 0.6751207729468599 0.5178571428571429 0.533816425120773 0.012276785714285714
1 0.677536231884058 0.5309709821428571 0.5362318840579711 0.013950892857142858
1 0.6739130434782609 0.5438058035714286 0.5314009661835749 0.013950892857142858
1 0.6733091787439613 0.5560825892857143 0.535024154589372 0.010602678571428572
1 0.6733091787439613 0.5678013392857143 0.535024154589372 0.01171875
1 0.6739130434782609 0.5789620535714286 0.533816425120773 0.012834821428571428
1 0.6745169082125604 0.5915178571428571 0.532608695652174 0.014508928571428572
1 0.6763285024154589 0.6032366071428571 0.5289855072463768 0.014508928571428572
0 0.5772946859903382 0.45731026785714285 0.1280193236714976 0.012834821428571428
0 0.5797101449275363 0.4701450892857143 0.1280193236714976 0.012834821428571428
0 0.7107487922705314 0.4681919642857143 0.11956521739130435 0.010044642857142858
0 0.7083333333333334 0.45591517857142855 0.11956521739130435 0.010044642857142858
0 0.5628019323671497 0.5053013392857143 0.1280193236714976 0.012834821428571428
0 0.6606280193236715 0.5061383928571429 0.057971014492753624 0.012276785714285714
0 0.5748792270531401 0.44447544642857145 0.1280193236714976 0.012834821428571428
0 0.7059178743961353 0.44363839285714285 0.11956521739130435 0.010044642857142858
