0 0.5446859903381642 0.41685267857142855 0.3309178743961353 0.013392857142857142
2 0.892512077294686 0.41796875 0.10869565217391304 0.012276785714285714
0 0.5495169082125604 0.43275669642857145 0.3333333333333333 0.015066964285714286
2 0.892512077294686 0.43191964285714285 0.10869565217391304 0.013392857142857142
0 0.5446859903381642 0.44642857142857145 0.32367149758454106 0.014508928571428572
2 0.892512077294686 0.44614955357142855 0.10869565217391304 0.013950892857142858
0 0.552536231884058 0.4595424107142857 0.33695652173913043 0.013950892857142858
2 0.8919082125603864 0.4603794642857143 0.10265700483091787 0.011160714285714286
0 0.538647342995169 0.47377232142857145 0.30917874396135264 0.014508928571428572
2 0.893719806763285 0.47488839285714285 0.10628019323671498 0.011160714285714286
0 0.535024154589372 0.4868861607142857 0.3164251207729469 0.01171875
2 0.9021739130434783 0.48856026785714285 0.0893719806763285 0.009486607142857142
0 0.5042270531400966 0.5013950892857143 0.24758454106280192 0.012834821428571428
0 0.47705314009661837 0.5150669642857143 0.18840579710144928 0.013392857142857142
2 0.8991545893719807 0.5159040178571429 0.08816425120772947 0.009486607142857142
0 0.5634057971014492 0.5301339285714286 0.3466183574879227 0.013392857142857142
2 0.9021739130434783 0.5295758928571429 0.0893719806763285 0.011160714285714286
0 0.5084541062801933 0.5435267857142857 0.2222222222222222 0.013392857142857142
2 0.9003623188405797 0.5438058035714286 0.08574879227053141 0.010602678571428572
0 0.553743961352657 0.5569196428571429 0.3055555555555556 0.013392857142857142
2 0.9009661835748792 0.5569196428571429 0.09178743961352658 0.013392857142857142
0 0.5585748792270532 0.5717075892857143 0.3248792270531401 0.015066964285714286
2 0.9009661835748792 0.5711495535714286 0.09178743961352658 0.013950892857142858
2 0.9045893719806763 0.5025111607142857 0.09420289855072464 0.013950892857142858
1 0.6690821256038647 0.416015625 0.5676328502415459 0.016183035714285716
1 0.6660628019323671 0.43136160714285715 0.5640096618357487 0.014508928571428572
1 0.6642512077294686 0.447265625 0.5652173913043478 0.015066964285714286
1 0.6660628019323671 0.4595424107142857 0.5640096618357487 0.015066964285714286
1 0.6666666666666666 0.47377232142857145 0.5628019323671497 0.014508928571428572
1 0.6630434782608695 0.48716517857142855 0.5748792270531401 0.014508928571428572
1 0.6642512077294686 0.5008370535714286 0.5652173913043478 0.013950892857142858
1 0.6630434782608695 0.5142299107142857 0.5603864734299517 0.016183035714285716
1 0.6702898550724637 0.5290178571428571 0.5700483091787439 0.015625
1 0.6714975845410628 0.5426897321428571 0.5410628019323671 0.012834821428571428
1 0.6751207729468599 0.5558035714285714 0.5458937198067633 0.014508928571428572
1 0.6721014492753623 0.5714285714285714 0.5495169082125604 0.013392857142857142
