0 0.5489130434782609 0.41015625 0.14130434782608695 0.014508928571428572
2 0.7644927536231884 0.4095982142857143 0.09420289855072464 0.013392857142857142
0 0.5670289855072463 0.42354910714285715 0.19927536231884058 0.013392857142857142
2 0.7644927536231884 0.4369419642857143 0.09420289855072464 0.013392857142857142
0 0.5603864734299517 0.43833705357142855 0.17391304347826086 0.013950892857142858
0 0.5634057971014492 0.4525669642857143 0.1751207729468599 0.015625
2 0.7892512077294686 0.45145089285714285 0.1678743961352657 0.013392857142857142
0 0.8061594202898551 0.5387834821428571 0.15338164251207728 0.013950892857142858
0 0.44806763285024154 0.5435267857142857 0.14251207729468598 0.013392857142857142
0 0.7868357487922706 0.552734375 0.12439613526570048 0.012834821428571428
0 0.45954106280193235 0.5594308035714286 0.17028985507246377 0.015066964285714286
0 0.8055555555555556 0.5672433035714286 0.15217391304347827 0.015066964285714286
0 0.4420289855072464 0.5750558035714286 0.13043478260869565 0.015066964285714286
0 0.7717391304347826 0.5811941964285714 0.08454106280193237 0.01171875
0 0.4396135265700483 0.5912388392857143 0.13043478260869565 0.013950892857142858
0 0.803743961352657 0.5962611607142857 0.15338164251207728 0.012834821428571428
2 0.769927536231884 0.4213169642857143 0.10507246376811594 0.014508928571428572
2 0.586352657004831 0.5432477678571429 0.07608695652173914 0.010602678571428572
2 0.592391304347826 0.5588727678571429 0.06642512077294686 0.01171875
2 0.592391304347826 0.5747767857142857 0.0640096618357488 0.012276785714285714
2 0.591183574879227 0.5909598214285714 0.06159420289855073 0.013392857142857142
2 0.9233091787439613 0.5387834821428571 0.06642512077294686 0.015066964285714286
2 0.9245169082125604 0.5521763392857143 0.07125603864734299 0.015066964285714286
2 0.9233091787439613 0.5669642857142857 0.0640096618357488 0.011160714285714286
2 0.9221014492753623 0.5806361607142857 0.06159420289855073 0.012834821428571428
2 0.9233091787439613 0.5951450892857143 0.06884057971014493 0.013950892857142858
1 0.6473429951690821 0.40987723214285715 0.34299516908212563 0.016183035714285716
1 0.6473429951690821 0.4243861607142857 0.3502415458937198 0.015066964285714286
1 0.6461352657004831 0.43777901785714285 0.33816425120772947 0.013950892857142858
1 0.6733091787439613 0.45228794642857145 0.3997584541062802 0.016183035714285716
1 0.5 0.5435267857142857 0.24396135265700483 0.014508928571428572
1 0.4993961352657005 0.5594308035714286 0.24516908212560387 0.016183035714285716
1 0.5 0.5753348214285714 0.25120772946859904 0.014508928571428572
1 0.4993961352657005 0.5912388392857143 0.24516908212560387 0.015066964285714286
1 0.8429951690821256 0.5393415178571429 0.2246376811594203 0.013950892857142858
1 0.842391304347826 0.5535714285714286 0.23309178743961353 0.013392857142857142
1 0.8429951690821256 0.568359375 0.22705314009661837 0.015066964285714286
1 0.8429951690821256 0.5811941964285714 0.21980676328502416 0.012834821428571428
1 0.8435990338164251 0.5948660714285714 0.22826086956521738 0.015625
