0 0.518719806763285 0.4282924107142857 0.23550724637681159 0.013950892857142858
2 0.8864734299516909 0.4291294642857143 0.09178743961352658 0.013392857142857142
0 0.532608695652174 0.4439174107142857 0.26570048309178745 0.018415178571428572
2 0.8913043478260869 0.4447544642857143 0.1111111111111111 0.013392857142857142
0 0.591183574879227 0.46065848214285715 0.3828502415458937 0.018415178571428572
2 0.8900966183574879 0.46121651785714285 0.1111111111111111 0.015066964285714286
0 0.5766908212560387 0.47739955357142855 0.35628019323671495 0.016183035714285716
2 0.893719806763285 0.47739955357142855 0.1111111111111111 0.013950892857142858
0 0.5042270531400966 0.4927455357142857 0.20169082125603865 0.015625
2 0.893719806763285 0.49302455357142855 0.1111111111111111 0.013950892857142858
0 0.5446859903381642 0.5092075892857143 0.2898550724637681 0.015066964285714286
2 0.8913043478260869 0.5086495535714286 0.1111111111111111 0.013950892857142858
0 0.5084541062801933 0.525390625 0.21014492753623187 0.016183035714285716
2 0.8913043478260869 0.5256696428571429 0.1111111111111111 0.013392857142857142
0 0.6135265700483091 0.5412946428571429 0.42995169082125606 0.014508928571428572
0 0.48490338164251207 0.5560825892857143 0.1678743961352657 0.017299107142857144
2 0.8913043478260869 0.5569196428571429 0.1111111111111111 0.013392857142857142
0 0.48731884057971014 0.5733816964285714 0.1751207729468599 0.015066964285714286
2 0.8913043478260869 0.5725446428571429 0.1111111111111111 0.013392857142857142
0 0.5096618357487923 0.5884486607142857 0.21980676328502416 0.013950892857142858
2 0.892512077294686 0.5892857142857143 0.10869565217391304 0.013392857142857142
2 0.8919082125603864 0.5415736607142857 0.10990338164251208 0.017299107142857144
1 0.6654589371980676 0.4282924107142857 0.5314009661835749 0.016183035714285716
1 0.6745169082125604 0.44419642857142855 0.5471014492753623 0.014508928571428572
1 0.6708937198067633 0.46121651785714285 0.5471014492753623 0.017299107142857144
1 0.6745169082125604 0.47767857142857145 0.5519323671497585 0.014508928571428572
1 0.6763285024154589 0.4927455357142857 0.5458937198067633 0.015625
1 0.6769323671497585 0.5094866071428571 0.5543478260869565 0.016741071428571428
1 0.677536231884058 0.5251116071428571 0.5531400966183575 0.016741071428571428
1 0.6727053140096618 0.5407366071428571 0.5458937198067633 0.015625
1 0.6721014492753623 0.556640625 0.5446859903381642 0.017299107142857144
1 0.6757246376811594 0.5725446428571429 0.5471014492753623 0.015625
1 0.6769323671497585 0.587890625 0.5519323671497585 0.015066964285714286
