0 0.5464975845410628 0.39620535714285715 0.28140096618357485 0.013392857142857142
2 0.893719806763285 0.3959263392857143 0.0893719806763285 0.009486607142857142
0 0.5422705314009661 0.408203125 0.26811594202898553 0.01171875
2 0.893719806763285 0.40708705357142855 0.0893719806763285 0.010602678571428572
0 0.5404589371980676 0.419921875 0.25966183574879226 0.012834821428571428
2 0.893719806763285 0.41824776785714285 0.0893719806763285 0.009486607142857142
0 0.538647342995169 0.42996651785714285 0.2584541062801932 0.009486607142857142
2 0.893719806763285 0.42996651785714285 0.0893719806763285 0.009486607142857142
0 0.5320048309178744 0.4419642857142857 0.24758454106280192 0.010044642857142858
2 0.893719806763285 0.44168526785714285 0.0893719806763285 0.009486607142857142
0 0.5646135265700483 0.45284598214285715 0.3079710144927536 0.01171875
2 0.893719806763285 0.45340401785714285 0.0893719806763285 0.009486607142857142
0 0.5996376811594203 0.46400669642857145 0.39009661835748793 0.012834821428571428
2 0.8955314009661836 0.46484375 0.09057971014492754 0.008928571428571428
0 0.5748792270531401 0.47544642857142855 0.34299516908212563 0.013392857142857142
2 0.893719806763285 0.47544642857142855 0.0893719806763285 0.010044642857142858
0 0.5628019323671497 0.4877232142857143 0.30434782608695654 0.011160714285714286
2 0.894927536231884 0.48800223214285715 0.09178743961352658 0.012834821428571428
0 0.535024154589372 0.4994419642857143 0.24154589371980675 0.011160714285714286
0 0.5314009661835749 0.509765625 0.24879227053140096 0.010602678571428572
0 0.5670289855072463 0.5223214285714286 0.32971014492753625 0.012276785714285714
0 0.607487922705314 0.5337611607142857 0.40096618357487923 0.01171875
2 0.893719806763285 0.5334821428571429 0.0893719806763285 0.011160714285714286
0 0.5760869565217391 0.5446428571428571 0.3333333333333333 0.010044642857142858
2 0.893719806763285 0.5452008928571429 0.0893719806763285 0.011160714285714286
0 0.5591787439613527 0.5571986607142857 0.30676328502415456 0.01171875
2 0.893719806763285 0.5560825892857143 0.0893719806763285 0.009486607142857142
0 0.5905797101449275 0.5689174107142857 0.3671497584541063 0.01171875
2 0.893719806763285 0.5678013392857143 0.0893719806763285 0.009486607142857142
0 0.5948067632850241 0.5795200892857143 0.36594202898550726 0.012834821428571428
2 0.893719806763285 0.5795200892857143 0.0893719806763285 0.009486607142857142
0 0.5615942028985508 0.5909598214285714 0.30193236714975846 0.011160714285714286
2 0.8955314009661836 0.5906808035714286 0.08574879227053141 0.008370535714285714
0 0.5851449275362319 0.6023995535714286 0.35628019323671495 0.010602678571428572
2 0.8955314009661836 0.6023995535714286 0.08574879227053141 0.008370535714285714
2 0.8943236714975845 0.4986049107142857 0.09541062801932366 0.008370535714285714
2 0.893719806763285 0.509765625 0.09178743961352658 0.012834821428571428
2 0.8961352657004831 0.5198102678571429 0.09178743961352658 0.012834821428571428
1 0.6721014492753623 0.39564732142857145 0.535024154589372 0.013392857142857142
1 0.6727053140096618 0.40848214285714285 0.5362318840579711 0.011160714285714286
1 0.6739130434782609 0.4193638392857143 0.5314009661835749 0.01171875
1 0.6745169082125604 0.4302455357142857 0.5277777777777778 0.012276785714285714
1 0.6739130434782609 0.44168526785714285 0.5314009661835749 0.010602678571428572
1 0.6739130434782609 0.4525669642857143 0.5362318840579711 0.011160714285714286
1 0.6751207729468599 0.46484375 0.5362318840579711 0.011160714285714286
1 0.6727053140096618 0.4760044642857143 0.5362318840579711 0.011160714285714286
1 0.6763285024154589 0.4877232142857143 0.5362318840579711 0.011160714285714286
1 0.6751207729468599 0.49832589285714285 0.5362318840579711 0.011160714285714286
1 0.6751207729468599 0.5094866071428571 0.5362318840579711 0.011160714285714286
1 0.6751207729468599 0.5106026785714286 0.5362318840579711 0.011160714285714286
1 0.6739130434782609 0.5217633928571429 0.5362318840579711 0.011160714285714286
1 0.6739130434782609 0.5334821428571429 0.5362318840579711 0.011160714285714286
1 0.6714975845410628 0.5446428571428571 0.5362318840579711 0.011160714285714286
1 0.6727053140096618 0.5558035714285714 0.5362318840579711 0.011160714285714286
1 0.6727053140096618 0.5680803571428571 0.5362318840579711 0.011160714285714286
1 0.6751207729468599 0.5792410714285714 0.5362318840579711 0.011160714285714286
1 0.6751207729468599 0.5892857142857143 0.5362318840579711 0.011160714285714286
1 0.6739130434782609 0.6021205357142857 0.5362318840579711 0.011160714285714286
