0 0.5519323671497585 0.392578125 0.21497584541062803 0.01171875
2 0.8556763285024155 0.39425223214285715 0.08574879227053141 0.008370535714285714
0 0.6008454106280193 0.40318080357142855 0.3031400966183575 0.010602678571428572
0 0.6129227053140096 0.4135044642857143 0.3393719806763285 0.010044642857142858
2 0.8580917874396136 0.41489955357142855 0.08574879227053141 0.008370535714285714
0 0.5845410628019324 0.42494419642857145 0.2777777777777778 0.009486607142857142
2 0.8556763285024155 0.42550223214285715 0.08574879227053141 0.008370535714285714
0 0.5471014492753623 0.43526785714285715 0.20772946859903382 0.011160714285714286
0 0.5778985507246377 0.4458705357142857 0.26207729468599034 0.008928571428571428
0 0.5471014492753623 0.45591517857142855 0.20772946859903382 0.010044642857142858
0 0.5477053140096618 0.46707589285714285 0.20893719806763286 0.010044642857142858
0 0.5543478260869565 0.4760044642857143 0.22946859903381642 0.008928571428571428
0 0.5766908212560387 0.48744419642857145 0.2644927536231884 0.010602678571428572
0 0.5579710144927537 0.4974888392857143 0.22705314009661837 0.009486607142857142
0 0.5851449275362319 0.51953125 0.27657004830917875 0.010044642857142858
0 0.5839371980676329 0.5080915178571429 0.27898550724637683 0.010602678571428572
0 0.5821256038647343 0.5301339285714286 0.28743961352657005 0.010044642857142858
0 0.5736714975845411 0.5398995535714286 0.26570048309178745 0.010602678571428572
0 0.5748792270531401 0.5502232142857143 0.2632850241545894 0.0078125
0 0.5748792270531401 0.5608258928571429 0.2632850241545894 0.008928571428571428
0 0.5778985507246377 0.5717075892857143 0.28140096618357485 0.009486607142857142
0 0.5839371980676329 0.5809151785714286 0.28381642512077293 0.011160714285714286
0 0.839975845410628 0.591796875 0.08816425120772947 0.008370535714285714
0 0.5555555555555556 0.5923549107142857 0.22705314009661837 0.008370535714285714
0 0.5652173913043478 0.6023995535714286 0.23671497584541062 0.009486607142857142
2 0.857487922705314 0.43526785714285715 0.08695652173913043 0.011160714285714286
2 0.8556763285024155 0.4453125 0.09541062801932366 0.0078125
2 0.8472222222222222 0.45675223214285715 0.10748792270531402 0.007254464285714286
2 0.8502415458937198 0.4673549107142857 0.10386473429951691 0.01171875
2 0.857487922705314 0.47767857142857145 0.09420289855072464 0.012276785714285714
2 0.8599033816425121 0.48744419642857145 0.09178743961352658 0.010602678571428572
2 0.8538647342995169 0.49720982142857145 0.09420289855072464 0.011160714285714286
2 0.8484299516908212 0.5075334821428571 0.10265700483091787 0.012834821428571428
2 0.8520531400966184 0.5189732142857143 0.10748792270531402 0.011160714285714286
2 0.856280193236715 0.5301339285714286 0.11835748792270531 0.011160714285714286
2 0.8544685990338164 0.5398995535714286 0.10507246376811594 0.01171875
2 0.8580917874396136 0.5499441964285714 0.09782608695652174 0.010602678571428572
2 0.8580917874396136 0.5608258928571429 0.10265700483091787 0.011160714285714286
2 0.8502415458937198 0.5717075892857143 0.10869565217391304 0.008370535714285714
2 0.8538647342995169 0.5817522321428571 0.09420289855072464 0.008370535714285714
1 0.6739130434782609 0.3931361607142857 0.45652173913043476 0.01171875
1 0.6769323671497585 0.40318080357142855 0.4553140096618358 0.01171875
1 0.6757246376811594 0.41434151785714285 0.4577294685990338 0.01171875
1 0.6745169082125604 0.42466517857142855 0.46256038647342995 0.012276785714285714
1 0.6721014492753623 0.4349888392857143 0.4577294685990338 0.010602678571428572
1 0.6769323671497585 0.44559151785714285 0.4601449275362319 0.010602678571428572
1 0.6739130434782609 0.4556361607142857 0.45893719806763283 0.009486607142857142
1 0.6721014492753623 0.46651785714285715 0.4553140096618358 0.011160714285714286
1 0.6708937198067633 0.4765625 0.46256038647342995 0.010044642857142858
1 0.6714975845410628 0.48660714285714285 0.45652173913043476 0.011160714285714286
1 0.6757246376811594 0.49776785714285715 0.4601449275362319 0.010044642857142858
1 0.6751207729468599 0.5083705357142857 0.45410628019323673 0.011160714285714286
1 0.6739130434782609 0.51953125 0.463768115942029 0.011160714285714286
1 0.6751207729468599 0.5304129464285714 0.463768115942029 0.009486607142857142
1 0.6727053140096618 0.5401785714285714 0.45652173913043476 0.008928571428571428
1 0.6769323671497585 0.5505022321428571 0.46256038647342995 0.009486607142857142
1 0.6739130434782609 0.5597098214285714 0.45410628019323673 0.010044642857142858
1 0.6757246376811594 0.5708705357142857 0.46256038647342995 0.012276785714285714
1 0.6727053140096618 0.5814732142857143 0.4492753623188406 0.010044642857142858
1 0.6721014492753623 0.5912388392857143 0.4553140096618358 0.010602678571428572
2 0.8568840579710145 0.4029017857142857 0.08816425120772947 0.011160714285714286
