0 0.788671875 0.2708333333333333 0.06328125 0.027083333333333334
0 0.788671875 0.296875 0.14296875 0.03333333333333333
0 0.7953125 0.32864583333333336 0.1203125 0.034375
0 0.133984375 0.3494791666666667 0.17421875 0.028125
0 0.13515625 0.37604166666666666 0.171875 0.027083333333333334
0 0.317578125 0.4114583333333333 0.05546875 0.014583333333333334
2 0.470703125 0.4 0.01953125 0.020833333333333332
0 0.13828125 0.4036458333333333 0.18125 0.021875
0 0.30859375 0.4375 0.0375 0.016666666666666666
2 0.46875 0.42916666666666664 0.028125 0.020833333333333332
0 0.133203125 0.4317708333333333 0.16640625 0.023958333333333335
0 0.32265625 0.46145833333333336 0.059375 0.016666666666666666
2 0.466015625 0.4557291666666667 0.03046875 0.017708333333333333
0 0.319921875 0.4895833333333333 0.06015625 0.016666666666666666
2 0.466796875 0.48333333333333334 0.02421875 0.01875
0 0.128125 0.484375 0.159375 0.03125
0 0.320703125 0.5166666666666667 0.06171875 0.01875
2 0.46875 0.509375 0.025 0.014583333333333334
0 0.12890625 0.5114583333333333 0.165625 0.025
0 0.33203125 0.5447916666666667 0.0828125 0.020833333333333332
2 0.468359375 0.5369791666666667 0.02421875 0.023958333333333335
0 0.129296875 0.5401041666666667 0.16796875 0.026041666666666668
0 0.3265625 0.5723958333333333 0.075 0.019791666666666666
0 0.46953125 0.5661458333333333 0.0296875 0.017708333333333333
0 0.305859375 0.6015625 0.03359375 0.019791666666666666
0 0.470703125 0.5942708333333333 0.02578125 0.015625
0 0.32265625 0.6328125 0.06875 0.019791666666666666
0 0.469921875 0.6223958333333334 0.02421875 0.019791666666666666
0 0.338671875 0.66875 0.10078125 0.027083333333333334
0 0.3203125 0.7098958333333333 0.0578125 0.021875
0 0.615234375 0.71875 0.06171875 0.0375
0 0.31015625 0.7385416666666667 0.04375 0.020833333333333332
0 0.61875 0.7463541666666667 0.0515625 0.03229166666666667
0 0.315234375 0.76875 0.05234375 0.022916666666666665
0 0.639453125 0.7739583333333333 0.06328125 0.025
2 0.469921875 0.7026041666666667 0.03828125 0.023958333333333335
0 0.63828125 0.8052083333333333 0.0828125 0.029166666666666667
0 0.334375 0.7942708333333334 0.0875 0.021875
0 0.6390625 0.8380208333333333 0.10625 0.030208333333333334
0 0.328125 0.8223958333333333 0.075 0.019791666666666666
0 0.644921875 0.8682291666666667 0.10390625 0.028125
1 0.1265625 0.5677083333333334 0.1640625 0.025
0 0.329296875 0.8541666666666666 0.06953125 0.025
2 0.462890625 0.7328125 0.05234375 0.015625
2 0.466796875 0.7614583333333333 0.05078125 0.020833333333333332
2 0.466015625 0.790625 0.05546875 0.01875
2 0.462109375 0.8208333333333333 0.06015625 0.022916666666666665
2 0.469140625 0.8494791666666667 0.04765625 0.026041666666666668
2 0.690625 0.7119791666666667 0.075 0.023958333333333335
2 0.68828125 0.7411458333333333 0.0734375 0.028125
2 0.69453125 0.7713541666666667 0.0328125 0.023958333333333335
2 0.7109375 0.803125 0.034375 0.025
2 0.730078125 0.8322916666666667 0.03828125 0.027083333333333334
2 0.71796875 0.8640625 0.034375 0.023958333333333335
2 0.848828125 0.26666666666666666 0.03671875 0.020833333333333332
2 0.89296875 0.28958333333333336 0.0375 0.025
2 0.878125 0.31927083333333334 0.0375 0.026041666666666668
2 0.255078125 0.34375 0.03046875 0.014583333333333334
2 0.255078125 0.3703125 0.02890625 0.011458333333333333
2 0.253515625 0.4005208333333333 0.02890625 0.019791666666666666
2 0.255859375 0.42864583333333334 0.02890625 0.023958333333333335
2 0.25859375 0.48125 0.0265625 0.020833333333333332
2 0.2578125 0.5083333333333333 0.034375 0.01875
2 0.256640625 0.5369791666666667 0.03515625 0.015625
2 0.25859375 0.5666666666666667 0.0359375 0.020833333333333332
1 0.156640625 0.3458333333333333 0.22109375 0.03125
1 0.16015625 0.37447916666666664 0.2203125 0.028125
1 0.158984375 0.40260416666666665 0.21796875 0.026041666666666668
1 0.159375 0.4317708333333333 0.21875 0.028125
1 0.160546875 0.48489583333333336 0.22578125 0.028125
1 0.15859375 0.5145833333333333 0.225 0.020833333333333332
1 0.160546875 0.5375 0.22890625 0.029166666666666667
1 0.160546875 0.5692708333333333 0.22890625 0.030208333333333334
1 0.3859375 0.4083333333333333 0.1875 0.022916666666666665
1 0.384375 0.43333333333333335 0.190625 0.029166666666666667
1 0.3859375 0.46041666666666664 0.1828125 0.025
1 0.385546875 0.48802083333333335 0.18984375 0.021875
1 0.38515625 0.5135416666666667 0.1890625 0.029166666666666667
1 0.387109375 0.5427083333333333 0.19296875 0.022916666666666665
1 0.389453125 0.5692708333333333 0.19921875 0.026041666666666668
1 0.3890625 0.5973958333333333 0.196875 0.030208333333333334
1 0.3875 0.6255208333333333 0.1953125 0.023958333333333335
1 0.390234375 0.7046875 0.19921875 0.030208333333333334
1 0.390234375 0.7375 0.20078125 0.029166666666666667
1 0.389453125 0.7651041666666667 0.20234375 0.03229166666666667
1 0.3921875 0.79375 0.203125 0.025
1 0.391015625 0.8192708333333333 0.20078125 0.030208333333333334
1 0.3921875 0.85 0.1953125 0.03125
1 0.65390625 0.7109375 0.1390625 0.023958333333333335
1 0.658203125 0.7432291666666667 0.12734375 0.030208333333333334
1 0.659375 0.7744791666666667 0.1078125 0.028125
1 0.661328125 0.8026041666666667 0.14140625 0.03229166666666667
1 0.6640625 0.8375 0.1609375 0.03125
1 0.6671875 0.8677083333333333 0.14375 0.03125
1 0.813671875 0.26875 0.11171875 0.025
1 0.812890625 0.29375 0.19140625 0.0375
1 0.81484375 0.3255208333333333 0.1578125 0.03854166666666667
