0 0.39558823529411763 0.09895833333333333 0.16176470588235295 0.025
2 0.5426470588235294 0.09635416666666667 0.052941176470588235 0.017708333333333333
0 0.7419117647058824 0.10052083333333334 0.16323529411764706 0.023958333333333335
0 0.3669117647058823 0.140625 0.10441176470588236 0.020833333333333332
2 0.5448529411764705 0.14114583333333333 0.04852941176470588 0.017708333333333333
0 0.725735294117647 0.15520833333333334 0.13088235294117648 0.025
2 0.8544117647058823 0.15572916666666667 0.047058823529411764 0.017708333333333333
0 0.4183823529411765 0.19270833333333334 0.20441176470588235 0.025
0 0.6257352941176471 0.28229166666666666 0.2338235294117647 0.022916666666666665
2 0.8477941176470588 0.28229166666666666 0.057352941176470586 0.020833333333333332
0 0.11985294117647059 0.28541666666666665 0.16323529411764706 0.020833333333333332
2 0.3551470588235294 0.28489583333333335 0.054411764705882354 0.017708333333333333
0 0.12720588235294117 0.3302083333333333 0.175 0.022916666666666665
2 0.3558823529411765 0.32864583333333336 0.04411764705882353 0.017708333333333333
0 0.5977941176470588 0.3302083333333333 0.17205882352941176 0.01875
2 0.85 0.32916666666666666 0.04411764705882353 0.016666666666666666
0 0.1514705882352941 0.3765625 0.2235294117647059 0.021875
2 0.3536764705882353 0.37604166666666666 0.057352941176470586 0.01875
0 0.5963235294117647 0.3770833333333333 0.17205882352941176 0.020833333333333332
2 0.85 0.37604166666666666 0.04411764705882353 0.016666666666666666
0 0.10588235294117647 0.42239583333333336 0.1323529411764706 0.019791666666666666
2 0.35661764705882354 0.421875 0.045588235294117645 0.016666666666666666
0 0.6227941176470588 0.42552083333333335 0.22794117647058823 0.023958333333333335
2 0.8455882352941176 0.425 0.05588235294117647 0.01875
0 0.11397058823529412 0.4703125 0.14852941176470588 0.021875
0 0.6139705882352942 0.4708333333333333 0.21029411764705883 0.022916666666666665
2 0.35073529411764703 0.4713541666666667 0.054411764705882354 0.017708333333333333
2 0.8441176470588235 0.4708333333333333 0.052941176470588235 0.016666666666666666
0 0.5985294117647059 0.5166666666666667 0.17941176470588235 0.025
2 0.8463235294117647 0.5177083333333333 0.04264705882352941 0.016666666666666666
0 0.15441176470588236 0.55625 0.2235294117647059 0.022916666666666665
2 0.35955882352941176 0.5567708333333333 0.045588235294117645 0.019791666666666666
0 0.5955882352941176 0.5640625 0.1676470588235294 0.023958333333333335
2 0.8485294117647059 0.5666666666666667 0.047058823529411764 0.01875
0 0.1448529411764706 0.6020833333333333 0.20441176470588235 0.020833333333333332
2 0.35 0.6010416666666667 0.05588235294117647 0.016666666666666666
0 0.6485294117647059 0.6109375 0.27941176470588236 0.023958333333333335
2 0.8485294117647059 0.6125 0.047058823529411764 0.016666666666666666
0 0.18382352941176472 0.6473958333333333 0.2852941176470588 0.023958333333333335
0 0.6213235294117647 0.659375 0.225 0.022916666666666665
2 0.8477941176470588 0.659375 0.045588235294117645 0.016666666666666666
0 0.14044117647058824 0.69375 0.19852941176470587 0.020833333333333332
2 0.35441176470588237 0.6953125 0.047058823529411764 0.017708333333333333
0 0.6088235294117647 0.7067708333333333 0.2 0.019791666666666666
2 0.8463235294117647 0.7067708333333333 0.04264705882352941 0.015625
0 0.586764705882353 0.7828125 0.15294117647058825 0.021875
2 0.8477941176470588 0.7817708333333333 0.04852941176470588 0.019791666666666666
0 0.10441176470588236 0.7859375 0.12352941176470589 0.019791666666666666
2 0.35 0.7875 0.05588235294117647 0.016666666666666666
0 0.5764705882352941 0.8302083333333333 0.13529411764705881 0.022916666666666665
2 0.8477941176470588 0.8302083333333333 0.04852941176470588 0.01875
0 0.13602941176470587 0.8328125 0.18676470588235294 0.021875
2 0.35441176470588237 0.8333333333333334 0.05 0.01875
0 0.13308823529411765 0.8822916666666667 0.18088235294117647 0.020833333333333332
0 0.5639705882352941 0.884375 0.11029411764705882 0.020833333333333332
0 0.7926470588235294 0.88125 0.07941176470588235 0.01875
2 0.3536764705882353 0.8833333333333333 0.060294117647058824 0.01875
0 0.5713235294117647 0.9307291666666667 0.11911764705882352 0.021875
0 0.15735294117647058 0.93125 0.2323529411764706 0.020833333333333332
2 0.35 0.9291666666666667 0.05588235294117647 0.016666666666666666
0 0.7941176470588235 0.9328125 0.08235294117647059 0.021875
2 0.5507352941176471 0.1921875 0.045588235294117645 0.023958333333333335
2 0.850735294117647 0.09895833333333333 0.051470588235294115 0.025
2 0.8558823529411764 0.15520833333333334 0.05588235294117647 0.020833333333333332
2 0.6389705882352941 0.8833333333333333 0.03676470588235294 0.027083333333333334
2 0.3588235294117647 0.6479166666666667 0.04411764705882353 0.022916666666666665
1 0.44485294117647056 0.09739583333333333 0.25735294117647056 0.026041666666666668
1 0.4426470588235294 0.13958333333333334 0.25 0.022916666666666665
1 0.4441176470588235 0.19114583333333332 0.25588235294117645 0.028125
1 0.7691176470588236 0.09947916666666666 0.21470588235294116 0.030208333333333334
1 0.7713235294117647 0.15625 0.23088235294117648 0.027083333333333334
1 0.21470588235294116 0.2875 0.35294117647058826 0.020833333333333332
1 0.21176470588235294 0.3296875 0.34411764705882353 0.023958333333333335
1 0.21323529411764705 0.37552083333333336 0.35 0.021875
1 0.21176470588235294 0.421875 0.34411764705882353 0.022916666666666665
1 0.21176470588235294 0.471875 0.3382352941176471 0.022916666666666665
1 0.2139705882352941 0.5557291666666667 0.3397058823529412 0.026041666666666668
1 0.21323529411764705 0.6484375 0.3411764705882353 0.023958333333333335
1 0.2125 0.6010416666666667 0.33676470588235297 0.020833333333333332
1 0.21029411764705883 0.69375 0.3352941176470588 0.020833333333333332
1 0.20955882352941177 0.7854166666666667 0.3397058823529412 0.020833333333333332
1 0.21323529411764705 0.8322916666666667 0.3382352941176471 0.022916666666666665
1 0.2139705882352941 0.8833333333333333 0.3397058823529412 0.020833333333333332
1 0.21176470588235294 0.9296875 0.3411764705882353 0.021875
1 0.6911764705882353 0.7807291666666667 0.36176470588235293 0.026041666666666668
1 0.6948529411764706 0.8286458333333333 0.36323529411764705 0.026041666666666668
1 0.6720588235294118 0.9067708333333333 0.3323529411764706 0.06979166666666667
1 0.6926470588235294 0.28177083333333336 0.36470588235294116 0.026041666666666668
1 0.6919117647058823 0.32760416666666664 0.36323529411764705 0.023958333333333335
1 0.6955882352941176 0.3770833333333333 0.36764705882352944 0.020833333333333332
1 0.6955882352941176 0.42552083333333335 0.3735294117647059 0.023958333333333335
1 0.6897058823529412 0.46875 0.36176470588235293 0.025
1 0.6933823529411764 0.5171875 0.3602941176470588 0.023958333333333335
1 0.6919117647058823 0.6109375 0.36323529411764705 0.028125
1 0.6911764705882353 0.659375 0.36470588235294116 0.022916666666666665
1 0.6926470588235294 0.7072916666666667 0.36764705882352944 0.01875
1 0.6919117647058823 0.5640625 0.3602941176470588 0.023958333333333335
