0 0.6375 0.24018126888217523 0.17708333333333334 0.030211480362537766
2 0.928125 0.24169184290030213 0.029166666666666667 0.02416918429003021
0 0.6359375 0.2719033232628399 0.17395833333333333 0.027190332326283987
2 0.925 0.2711480362537764 0.035416666666666666 0.022658610271903322
0 0.6432291666666666 0.3323262839879154 0.18854166666666666 0.027190332326283987
2 0.928125 0.3323262839879154 0.029166666666666667 0.02416918429003021
0 0.6411458333333333 0.36178247734138974 0.18854166666666666 0.0256797583081571
2 0.928125 0.3632930513595166 0.029166666666666667 0.022658610271903322
0 0.25416666666666665 0.3889728096676737 0.09375 0.03172205438066465
0 0.37916666666666665 0.3851963746223565 0.058333333333333334 0.027190332326283987
0 0.1265625 0.38746223564954685 0.121875 0.0256797583081571
0 0.6432291666666666 0.39274924471299094 0.18854166666666666 0.030211480362537766
2 0.9239583333333333 0.3935045317220544 0.0375 0.022658610271903322
2 0.37864583333333335 0.4108761329305136 0.030208333333333334 0.02416918429003021
2 0.1265625 0.4123867069486405 0.030208333333333334 0.02416918429003021
2 0.253125 0.4123867069486405 0.029166666666666667 0.02416918429003021
0 0.6364583333333333 0.4509063444108761 0.17708333333333334 0.03474320241691843
2 0.928125 0.45317220543806647 0.029166666666666667 0.02416918429003021
0 0.6270833333333333 0.4826283987915408 0.15625 0.0256797583081571
2 0.928125 0.48338368580060426 0.029166666666666667 0.02416918429003021
0 0.6703125 0.5120845921450151 0.24270833333333333 0.030211480362537766
2 0.928125 0.5143504531722054 0.029166666666666667 0.022658610271903322
0 0.1828125 0.5611782477341389 0.121875 0.0256797583081571
0 0.32395833333333335 0.5611782477341389 0.12083333333333333 0.0256797583081571
2 0.1828125 0.5861027190332326 0.030208333333333334 0.02416918429003021
2 0.3234375 0.5868580060422961 0.030208333333333334 0.022658610271903322
0 0.7875 0.5959214501510574 0.058333333333333334 0.03172205438066465
2 0.9239583333333333 0.5906344410876133 0.03125 0.021148036253776436
0 0.7947916666666667 0.620845921450151 0.07916666666666666 0.030211480362537766
2 0.9229166666666667 0.620845921450151 0.03125 0.021148036253776436
0 0.7958333333333333 0.6503021148036254 0.07708333333333334 0.022658610271903322
2 0.9229166666666667 0.6510574018126888 0.03125 0.021148036253776436
0 0.1546875 0.6744712990936556 0.08229166666666667 0.028700906344410877
2 0.4036458333333333 0.6737160120845922 0.03229166666666667 0.02416918429003021
0 0.7953125 0.6805135951661632 0.078125 0.022658610271903322
2 0.928125 0.6812688821752266 0.022916666666666665 0.021148036253776436
0 0.13177083333333334 0.7039274924471299 0.040625 0.021148036253776436
2 0.4041666666666667 0.7061933534743202 0.027083333333333334 0.022658610271903322
0 0.7911458333333333 0.7107250755287009 0.06979166666666667 0.028700906344410877
2 0.9239583333333333 0.7114803625377644 0.03125 0.02416918429003021
0 0.13125 0.7356495468277946 0.03958333333333333 0.021148036253776436
2 0.403125 0.7356495468277946 0.029166666666666667 0.021148036253776436
0 0.7921875 0.743202416918429 0.06770833333333333 0.03323262839879154
2 0.9239583333333333 0.7416918429003021 0.03125 0.021148036253776436
0 0.12708333333333333 0.7658610271903323 0.029166666666666667 0.021148036253776436
2 0.403125 0.7658610271903323 0.029166666666666667 0.021148036253776436
0 0.7885416666666667 0.7726586102719033 0.07291666666666667 0.0256797583081571
2 0.9239583333333333 0.7719033232628398 0.035416666666666666 0.021148036253776436
0 0.1421875 0.7945619335347432 0.06145833333333333 0.030211480362537766
2 0.40260416666666665 0.797583081570997 0.030208333333333334 0.02416918429003021
0 0.7979166666666667 0.8021148036253777 0.0875 0.03323262839879154
2 0.9229166666666667 0.8021148036253777 0.03125 0.021148036253776436
0 0.14322916666666666 0.8255287009063444 0.06354166666666666 0.022658610271903322
2 0.40208333333333335 0.8262839879154078 0.029166666666666667 0.021148036253776436
0 0.79375 0.8338368580060423 0.07291666666666667 0.03323262839879154
2 0.9223958333333333 0.8338368580060423 0.030208333333333334 0.02416918429003021
0 0.1359375 0.8557401812688822 0.04895833333333333 0.028700906344410877
2 0.403125 0.8595166163141994 0.022916666666666665 0.027190332326283987
0 0.8046875 0.8632930513595166 0.09895833333333333 0.03172205438066465
2 0.9239583333333333 0.8625377643504532 0.03125 0.021148036253776436
0 0.14947916666666666 0.8859516616314199 0.07604166666666666 0.03172205438066465
2 0.40677083333333336 0.8867069486404834 0.021875 0.021148036253776436
0 0.8020833333333334 0.8957703927492447 0.08541666666666667 0.030211480362537766
0 0.9213541666666667 0.8942598187311178 0.03229166666666667 0.02416918429003021
0 0.15 0.9176737160120846 0.07708333333333334 0.0256797583081571
2 0.42135416666666664 0.918429003021148 0.06770833333333333 0.02416918429003021
2 0.9192708333333334 0.8912386706948641 0.03229166666666667 0.02416918429003021
1 0.12552083333333333 0.3995468277945619 0.12604166666666666 0.04984894259818731
1 0.25364583333333335 0.4003021148036254 0.09270833333333334 0.0513595166163142
1 0.3770833333333333 0.3942598187311178 0.06041666666666667 0.054380664652567974
1 0.18229166666666666 0.5709969788519638 0.12083333333333333 0.0513595166163142
1 0.3265625 0.5725075528700906 0.13020833333333334 0.04833836858006042
1 0.2682291666666667 0.6744712990936556 0.31354166666666666 0.03172205438066465
1 0.2630208333333333 0.7054380664652568 0.303125 0.027190332326283987
1 0.26614583333333336 0.7348942598187311 0.30520833333333336 0.03172205438066465
1 0.2671875 0.763595166163142 0.30104166666666665 0.028700906344410877
1 0.2630208333333333 0.7938066465256798 0.303125 0.03172205438066465
1 0.26458333333333334 0.8293051359516617 0.30833333333333335 0.027190332326283987
1 0.2625 0.8564954682779456 0.30625 0.030211480362537766
1 0.2625 0.8851963746223565 0.3020833333333333 0.030211480362537766
1 0.28229166666666666 0.9161631419939577 0.3416666666666667 0.03474320241691843
1 0.7494791666666667 0.24093655589123866 0.390625 0.03172205438066465
1 0.7458333333333333 0.26963746223564955 0.38958333333333334 0.03474320241691843
1 0.7447916666666666 0.33610271903323263 0.39375 0.028700906344410877
1 0.7453125 0.3610271903323263 0.39895833333333336 0.030211480362537766
1 0.746875 0.39274924471299094 0.4 0.030211480362537766
1 0.7463541666666667 0.4501510574018127 0.39895833333333336 0.03927492447129909
1 0.746875 0.48413897280966767 0.39375 0.0256797583081571
1 0.7458333333333333 0.513595166163142 0.3958333333333333 0.030211480362537766
1 0.8479166666666667 0.5936555891238671 0.17916666666666667 0.030211480362537766
1 0.8489583333333334 0.622356495468278 0.18333333333333332 0.03323262839879154
1 0.8484375 0.649546827794562 0.184375 0.02416918429003021
1 0.846875 0.7137462235649547 0.18125 0.03474320241691843
1 0.846875 0.7484894259818731 0.18125 0.03474320241691843
1 0.8447916666666667 0.777190332326284 0.18333333333333332 0.03172205438066465
1 0.8463541666666666 0.8036253776435045 0.184375 0.027190332326283987
1 0.8494791666666667 0.8323262839879154 0.18229166666666666 0.03625377643504532
1 0.8473958333333333 0.8625377643504532 0.18229166666666666 0.03323262839879154
1 0.8473958333333333 0.8919939577039275 0.18020833333333333 0.03172205438066465
1 0.8473958333333333 0.6812688821752266 0.184375 0.02416918429003021
