0 0.23359375 0.06962864721485411 0.0765625 0.027851458885941646
2 0.7609375 0.08090185676392574 0.0203125 0.023872679045092837
0 0.516796875 0.07957559681697612 0.14296875 0.029177718832891247
0 0.21171875 0.10278514588859416 0.0359375 0.03580901856763926
0 0.534765625 0.11604774535809019 0.17890625 0.027851458885941646
2 0.759765625 0.11604774535809019 0.01640625 0.022546419098143235
0 0.212109375 0.1346153846153846 0.03359375 0.025198938992042442
0 0.534375 0.15185676392572944 0.178125 0.027851458885941646
2 0.758984375 0.15119363395225463 0.01484375 0.023872679045092837
0 0.256640625 0.17108753315649866 0.09140625 0.03183023872679045
2 0.38125 0.17506631299734748 0.0171875 0.023872679045092837
0 0.546875 0.1863395225464191 0.2 0.027851458885941646
2 0.759765625 0.1876657824933687 0.01640625 0.022546419098143235
0 0.2625 0.20291777188328913 0.103125 0.03183023872679045
0 0.53671875 0.22082228116710875 0.1796875 0.033156498673740056
2 0.95625 0.22082228116710875 0.0140625 0.025198938992042442
0 0.8640625 0.22347480106100795 0.084375 0.025198938992042442
0 0.254296875 0.2354111405835544 0.08671875 0.022546419098143235
0 0.535546875 0.2572944297082228 0.17734375 0.029177718832891247
0 0.86171875 0.25862068965517243 0.0828125 0.026525198938992044
2 0.95625 0.2572944297082228 0.0140625 0.023872679045092837
0 0.251953125 0.26989389920424406 0.08203125 0.025198938992042442
0 0.54375 0.2917771883289125 0.19375 0.034482758620689655
2 0.758984375 0.29244031830238726 0.01484375 0.025198938992042442
0 0.875 0.29509283819628646 0.109375 0.027851458885941646
2 0.95703125 0.2917771883289125 0.015625 0.023872679045092837
0 0.262890625 0.30437665782493367 0.10390625 0.027851458885941646
0 0.24921875 0.33620689655172414 0.0765625 0.025198938992042442
0 0.476953125 0.39854111405835546 0.06328125 0.027851458885941646
0 0.49609375 0.4343501326259947 0.1015625 0.027851458885941646
0 0.68671875 0.4330238726790451 0.06875 0.025198938992042442
2 0.780859375 0.4336870026525199 0.00859375 0.021220159151193633
2 0.780859375 0.46750663129973474 0.00859375 0.022546419098143235
0 0.6984375 0.46816976127320953 0.0921875 0.03183023872679045
0 0.473046875 0.46883289124668437 0.05546875 0.025198938992042442
2 0.379296875 0.47546419098143233 0.01640625 0.025198938992042442
0 0.24453125 0.4761273209549072 0.0984375 0.023872679045092837
0 0.71171875 0.5 0.11875 0.03713527851458886
0 0.48359375 0.5039787798408488 0.0734375 0.026525198938992044
0 0.233984375 0.5179045092838196 0.07734375 0.022546419098143235
2 0.38046875 0.5159151193633952 0.015625 0.023872679045092837
0 0.69765625 0.5338196286472149 0.090625 0.022546419098143235
2 0.780859375 0.53315649867374 0.00859375 0.021220159151193633
0 0.47421875 0.5417771883289124 0.05625 0.025198938992042442
2 0.59921875 0.5384615384615384 0.015625 0.023872679045092837
2 0.78125 0.5696286472148541 0.009375 0.027851458885941646
0 0.23203125 0.5596816976127321 0.0734375 0.026525198938992044
2 0.379296875 0.5576923076923077 0.01328125 0.025198938992042442
0 0.703515625 0.5683023872679045 0.10234375 0.027851458885941646
0 0.4921875 0.5762599469496021 0.09375 0.027851458885941646
2 0.599609375 0.5742705570291777 0.01328125 0.023872679045092837
0 0.23125 0.600132625994695 0.071875 0.03050397877984085
2 0.380078125 0.600132625994695 0.01484375 0.022546419098143235
0 0.703515625 0.6014588859416445 0.10234375 0.027851458885941646
0 0.47890625 0.610079575596817 0.0671875 0.026525198938992044
2 0.600390625 0.6094164456233422 0.01484375 0.025198938992042442
0 0.68671875 0.6359416445623343 0.06875 0.027851458885941646
0 0.237109375 0.6412466843501327 0.08359375 0.025198938992042442
2 0.3796875 0.6405835543766578 0.0140625 0.023872679045092837
2 0.4046875 0.6412466843501327 0.0171875 0.025198938992042442
0 0.475 0.6452254641909815 0.059375 0.025198938992042442
2 0.600390625 0.6445623342175066 0.01484375 0.023872679045092837
0 0.689453125 0.6704244031830239 0.07421875 0.033156498673740056
2 0.78046875 0.669761273209549 0.00625 0.021220159151193633
0 0.48515625 0.6830238726790451 0.0796875 0.026525198938992044
2 0.3796875 0.6830238726790451 0.0140625 0.026525198938992044
2 0.404296875 0.6830238726790451 0.01328125 0.026525198938992044
2 0.6 0.6810344827586207 0.0140625 0.022546419098143235
0 0.233984375 0.6830238726790451 0.07734375 0.021220159151193633
0 0.861328125 0.6876657824933687 0.11796875 0.025198938992042442
2 0.982421875 0.6883289124668435 0.01328125 0.023872679045092837
2 0.78046875 0.7029177718832891 0.00625 0.021220159151193633
0 0.677734375 0.7035809018567639 0.05078125 0.027851458885941646
0 0.49140625 0.7161803713527851 0.0890625 0.026525198938992044
2 0.600390625 0.7181697612732095 0.01484375 0.022546419098143235
0 0.88359375 0.7214854111405835 0.1625 0.034482758620689655
0 0.272265625 0.7241379310344828 0.15390625 0.029177718832891247
2 0.3796875 0.7241379310344828 0.0140625 0.023872679045092837
2 0.4046875 0.7241379310344828 0.015625 0.023872679045092837
0 0.697265625 0.7347480106100795 0.08984375 0.023872679045092837
0 0.491015625 0.7513262599469496 0.08828125 0.025198938992042442
2 0.600390625 0.7513262599469496 0.01484375 0.025198938992042442
0 0.895703125 0.7606100795755968 0.18671875 0.027851458885941646
0 0.238671875 0.7672413793103449 0.08671875 0.025198938992042442
2 0.380078125 0.7652519893899205 0.01484375 0.023872679045092837
0 0.6953125 0.7692307692307693 0.0859375 0.026525198938992044
0 0.491015625 0.7877984084880637 0.08828125 0.023872679045092837
2 0.6 0.7871352785145889 0.0140625 0.022546419098143235
0 0.694140625 0.8023872679045093 0.08515625 0.026525198938992044
2 0.380078125 0.8070291777188329 0.01484375 0.025198938992042442
0 0.88671875 0.8202917771883289 0.059375 0.025198938992042442
2 0.9640625 0.8189655172413793 0.0140625 0.022546419098143235
0 0.471484375 0.8222811671087533 0.04921875 0.026525198938992044
2 0.59921875 0.8236074270557029 0.0125 0.023872679045092837
0 0.703515625 0.8362068965517241 0.10546875 0.03050397877984085
0 0.23359375 0.8514588859416445 0.0765625 0.021220159151193633
2 0.38046875 0.8488063660477454 0.015625 0.026525198938992044
0 0.887890625 0.8547745358090185 0.06171875 0.027851458885941646
2 0.963671875 0.8521220159151194 0.01484375 0.022546419098143235
0 0.490234375 0.8580901856763926 0.08671875 0.029177718832891247
2 0.59921875 0.8587533156498673 0.0125 0.022546419098143235
0 0.687109375 0.8687002652519894 0.07109375 0.026525198938992044
0 0.241015625 0.8932360742705571 0.09140625 0.022546419098143235
2 0.3796875 0.8905835543766578 0.0140625 0.025198938992042442
2 0.404296875 0.889920424403183 0.01328125 0.023872679045092837
0 0.4953125 0.8958885941644562 0.1 0.027851458885941646
2 0.599609375 0.8938992042440318 0.01328125 0.023872679045092837
0 0.888671875 0.9005305039787799 0.06328125 0.023872679045092837
2 0.96484375 0.9005305039787799 0.0125 0.023872679045092837
0 0.7015625 0.903183023872679 0.1015625 0.03183023872679045
2 0.96640625 0.9350132625994695 0.0125 0.026525198938992044
0 0.495703125 0.9330238726790451 0.09921875 0.033156498673740056
2 0.599609375 0.9297082228116711 0.01328125 0.023872679045092837
0 0.2515625 0.9761273209549072 0.1140625 0.023872679045092837
2 0.38046875 0.9336870026525199 0.015625 0.026525198938992044
0 0.876171875 0.9350132625994695 0.03828125 0.026525198938992044
0 0.677734375 0.9376657824933687 0.05390625 0.029177718832891247
0 0.4953125 0.9675066312997348 0.1 0.03050397877984085
2 0.599609375 0.9648541114058355 0.01328125 0.022546419098143235
0 0.89765625 0.9688328912466844 0.08125 0.027851458885941646
0 0.663671875 0.9694960212201591 0.02421875 0.023872679045092837
2 0.780078125 0.9708222811671088 0.00703125 0.021220159151193633
2 0.40546875 0.9748010610079576 0.0125 0.021220159151193633
2 0.3796875 0.9734748010610079 0.0140625 0.023872679045092837
0 0.2328125 0.8083554376657824 0.0734375 0.025198938992042442
0 0.25546875 0.9350132625994695 0.121875 0.026525198938992044
2 0.759765625 0.22015915119363394 0.01484375 0.034482758620689655
2 0.759375 0.256631299734748 0.0171875 0.027851458885941646
2 0.78125 0.4973474801061008 0.0109375 0.026525198938992044
2 0.78203125 0.600132625994695 0.0140625 0.025198938992042442
2 0.780859375 0.6359416445623343 0.01015625 0.01989389920424403
2 0.78046875 0.7347480106100795 0.0125 0.026525198938992044
2 0.78125 0.7712201591511937 0.015625 0.022546419098143235
2 0.78125 0.8037135278514589 0.015625 0.026525198938992044
2 0.780078125 0.8342175066312998 0.01328125 0.023872679045092837
2 0.78046875 0.870026525198939 0.0171875 0.026525198938992044
2 0.78359375 0.9058355437665783 0.015625 0.029177718832891247
2 0.78203125 0.9389920424403183 0.009375 0.026525198938992044
2 0.982421875 0.7221485411140584 0.01640625 0.022546419098143235
2 0.965234375 0.9661803713527851 0.01796875 0.025198938992042442
1 0.3078125 0.48143236074270557 0.2265625 0.03978779840848806
1 0.61640625 0.07957559681697612 0.34375 0.03183023872679045
1 0.538671875 0.7506631299734748 0.18203125 0.026525198938992044
1 0.52578125 0.8229442970822282 0.1609375 0.027851458885941646
1 0.5265625 0.8607427055702918 0.159375 0.034482758620689655
1 0.526171875 0.8919098143236074 0.15859375 0.03050397877984085
1 0.52734375 0.9297082228116711 0.1578125 0.034482758620689655
1 0.526953125 0.9681697612732095 0.16328125 0.03183023872679045
1 0.718359375 0.4343501326259947 0.13515625 0.027851458885941646
1 0.720703125 0.46419098143236076 0.13359375 0.03183023872679045
1 0.7203125 0.5344827586206896 0.1359375 0.026525198938992044
1 0.71953125 0.5676392572944297 0.1328125 0.034482758620689655
1 0.71953125 0.6007957559681698 0.1359375 0.029177718832891247
1 0.718359375 0.6671087533156499 0.13203125 0.03183023872679045
1 0.719921875 0.7354111405835544 0.13359375 0.03050397877984085
1 0.721484375 0.7738726790450928 0.13671875 0.027851458885941646
1 0.719140625 0.803050397877984 0.13046875 0.03050397877984085
1 0.71640625 0.8362068965517241 0.1328125 0.03050397877984085
1 0.71796875 0.8693633952254642 0.1328125 0.033156498673740056
1 0.718359375 0.9025198938992043 0.13359375 0.03580901856763926
1 0.718359375 0.9363395225464191 0.13359375 0.03183023872679045
1 0.71875 0.9681697612732095 0.134375 0.029177718832891247
1 0.89375 0.22214854111405835 0.14375 0.027851458885941646
1 0.891796875 0.2572944297082228 0.14296875 0.034482758620689655
1 0.894140625 0.29244031830238726 0.14453125 0.03050397877984085
1 0.896484375 0.6883289124668435 0.18671875 0.029177718832891247
1 0.89609375 0.7234748010610079 0.1875 0.03050397877984085
1 0.89609375 0.7572944297082228 0.1859375 0.026525198938992044
1 0.91328125 0.8196286472148541 0.115625 0.03183023872679045
1 0.913671875 0.8567639257294429 0.11328125 0.029177718832891247
1 0.9140625 0.9018567639257294 0.1140625 0.026525198938992044
1 0.91484375 0.9343501326259946 0.115625 0.033156498673740056
1 0.915625 0.9675066312997348 0.115625 0.033156498673740056
2 0.40390625 0.17506631299734748 0.0171875 0.023872679045092837
2 0.38046875 0.2427055702917772 0.0171875 0.023872679045092837
2 0.38125 0.27718832891246686 0.0171875 0.023872679045092837
2 0.38046875 0.3090185676392573 0.0171875 0.023872679045092837
2 0.38203125 0.34350132625994695 0.0171875 0.023872679045092837
2 0.403125 0.2453580901856764 0.0171875 0.023872679045092837
2 0.403125 0.27718832891246686 0.0171875 0.023872679045092837
2 0.403125 0.3116710875331565 0.0171875 0.023872679045092837
2 0.4046875 0.3421750663129973 0.0171875 0.023872679045092837
2 0.403125 0.20954907161803712 0.0171875 0.023872679045092837
2 0.38046875 0.21087533156498675 0.0171875 0.023872679045092837
1 0.31171875 0.17108753315649866 0.203125 0.029177718832891247
1 0.3109375 0.3063660477453581 0.203125 0.029177718832891247
1 0.31171875 0.20689655172413793 0.203125 0.029177718832891247
1 0.3109375 0.34084880636604775 0.203125 0.029177718832891247
1 0.3125 0.2718832891246684 0.203125 0.029177718832891247
1 0.31171875 0.23872679045092837 0.203125 0.029177718832891247
2 0.780859375 0.29244031830238726 0.01484375 0.025198938992042442
2 0.780078125 0.22148541114058357 0.01484375 0.034482758620689655
2 0.7796875 0.256631299734748 0.0171875 0.027851458885941646
0 0.655859375 0.22214854111405835 0.05703125 0.022546419098143235
0 0.717578125 0.22347480106100795 0.05703125 0.022546419098143235
0 0.652734375 0.2579575596816976 0.05703125 0.022546419098143235
0 0.712109375 0.2579575596816976 0.05703125 0.022546419098143235
2 0.7796875 0.08023872679045092 0.015625 0.025198938992042442
2 0.78125 0.11604774535809019 0.015625 0.025198938992042442
2 0.78046875 0.1863395225464191 0.015625 0.025198938992042442
2 0.7796875 0.15185676392572944 0.015625 0.025198938992042442
1 0.6171875 0.11671087533156499 0.34375 0.03183023872679045
1 0.61796875 0.15384615384615385 0.34375 0.03183023872679045
1 0.6171875 0.1870026525198939 0.34375 0.03183023872679045
1 0.6171875 0.22281167108753316 0.34375 0.03183023872679045
1 0.61796875 0.25862068965517243 0.34375 0.03183023872679045
1 0.61875 0.2917771883289125 0.34375 0.03183023872679045
1 0.71875 0.636604774535809 0.1359375 0.029177718832891247
1 0.71796875 0.7015915119363395 0.1359375 0.029177718832891247
1 0.720703125 0.5013262599469496 0.13359375 0.03183023872679045
2 0.62265625 0.7891246684350133 0.0125 0.023872679045092837
2 0.622265625 0.7513262599469496 0.01484375 0.025198938992042442
2 0.621875 0.7161803713527851 0.0140625 0.023872679045092837
2 0.621875 0.6823607427055703 0.0140625 0.022546419098143235
2 0.621875 0.6452254641909815 0.0125 0.025198938992042442
2 0.622265625 0.5749336870026526 0.01328125 0.022546419098143235
2 0.622265625 0.6107427055702918 0.01484375 0.025198938992042442
2 0.621875 0.5397877984084881 0.015625 0.023872679045092837
1 0.5390625 0.7877984084880637 0.184375 0.026525198938992044
1 0.537890625 0.7161803713527851 0.18203125 0.026525198938992044
1 0.537109375 0.6830238726790451 0.18203125 0.026525198938992044
1 0.537109375 0.6458885941644562 0.18203125 0.026525198938992044
1 0.537890625 0.610079575596817 0.18203125 0.026525198938992044
1 0.538671875 0.5755968169761273 0.18203125 0.026525198938992044
1 0.537890625 0.5424403183023873 0.18203125 0.026525198938992044
2 0.60078125 0.5046419098143236 0.015625 0.025198938992042442
2 0.60078125 0.46883289124668437 0.015625 0.025198938992042442
2 0.621875 0.5046419098143236 0.015625 0.025198938992042442
2 0.62265625 0.46883289124668437 0.015625 0.025198938992042442
2 0.62265625 0.4316976127320955 0.015625 0.025198938992042442
2 0.6015625 0.4316976127320955 0.015625 0.025198938992042442
2 0.621875 0.3958885941644562 0.015625 0.025198938992042442
2 0.60078125 0.39854111405835546 0.015625 0.025198938992042442
1 0.537890625 0.5039787798408488 0.18359375 0.026525198938992044
1 0.539453125 0.46883289124668437 0.18671875 0.025198938992042442
1 0.537890625 0.4343501326259947 0.18515625 0.03050397877984085
1 0.537890625 0.3958885941644562 0.18515625 0.027851458885941646
0 0.27890625 0.8262599469496021 0.053125 0.010610079575596816
0 0.28046875 0.8673740053050398 0.053125 0.010610079575596816
0 0.278125 0.9098143236074271 0.053125 0.010610079575596816
0 0.2796875 0.9535809018567639 0.053125 0.010610079575596816
0 0.2796875 0.9940318302387268 0.053125 0.011936339522546418
0 0.28984375 0.7460212201591512 0.0765625 0.011936339522546418
0 0.27890625 0.7015915119363395 0.053125 0.010610079575596816
0 0.27890625 0.5769230769230769 0.053125 0.010610079575596816
0 0.27421875 0.6598143236074271 0.0421875 0.011936339522546418
0 0.28203125 0.6193633952254642 0.053125 0.010610079575596816
0 0.28046875 0.5358090185676393 0.053125 0.010610079575596816
0 0.2796875 0.4946949602122016 0.053125 0.010610079575596816
2 0.409375 0.47679045092838196 0.0234375 0.022546419098143235
2 0.41015625 0.5179045092838196 0.0234375 0.022546419098143235
2 0.409375 0.5603448275862069 0.0234375 0.022546419098143235
2 0.409375 0.600132625994695 0.0234375 0.022546419098143235
1 0.30703125 0.6061007957559682 0.2265625 0.03978779840848806
1 0.3078125 0.5649867374005305 0.2265625 0.03978779840848806
1 0.3078125 0.5251989389920424 0.2265625 0.03978779840848806
2 0.40546875 0.76657824933687 0.0140625 0.023872679045092837
1 0.30390625 0.6472148541114059 0.21875 0.03978779840848806
1 0.304296875 0.6876657824933687 0.21640625 0.04111405835543767
1 0.304296875 0.730106100795756 0.21953125 0.04376657824933687
2 0.4046875 0.850132625994695 0.015625 0.026525198938992044
2 0.40546875 0.9310344827586207 0.015625 0.026525198938992044
2 0.405859375 0.8057029177718833 0.01484375 0.025198938992042442
1 0.305078125 0.7659151193633952 0.22109375 0.027851458885941646
1 0.3046875 0.8123342175066313 0.2171875 0.038461538461538464
1 0.303515625 0.8958885941644562 0.21953125 0.03580901856763926
1 0.304296875 0.8554376657824934 0.21953125 0.034482758620689655
1 0.30390625 0.9376657824933687 0.21875 0.04509283819628647
1 0.303515625 0.9820954907161804 0.21953125 0.03580901856763926
