0 0.143646408839779 0.279296875 0.17900552486187846 0.01953125
2 0.47790055248618785 0.279296875 0.045303867403314914 0.01328125
0 0.22099447513812154 0.301953125 0.3314917127071823 0.01796875
2 0.4790055248618785 0.303125 0.04751381215469613 0.0125
0 0.16298342541436464 0.327734375 0.2154696132596685 0.01640625
2 0.4790055248618785 0.328125 0.0430939226519337 0.0125
0 0.13038674033149172 0.3515625 0.15027624309392265 0.0171875
2 0.4790055248618785 0.35234375 0.0430939226519337 0.0140625
0 0.143646408839779 0.375390625 0.17679558011049723 0.01640625
2 0.4790055248618785 0.376171875 0.0430939226519337 0.01484375
0 0.11933701657458563 0.401171875 0.1281767955801105 0.01796875
2 0.48011049723756904 0.400390625 0.045303867403314914 0.01328125
0 0.1464088397790055 0.424609375 0.18232044198895028 0.01796875
2 0.4790055248618785 0.425 0.0430939226519337 0.0140625
0 0.14972375690607734 0.44921875 0.18895027624309393 0.0171875
2 0.4790055248618785 0.45 0.0430939226519337 0.0140625
0 0.12375690607734807 0.4734375 0.13922651933701657 0.0203125
2 0.4790055248618785 0.4734375 0.0430939226519337 0.0140625
0 0.14917127071823205 0.497265625 0.1878453038674033 0.01796875
2 0.47790055248618785 0.498046875 0.045303867403314914 0.01328125
0 0.16077348066298341 0.522265625 0.2110497237569061 0.01796875
2 0.48011049723756904 0.52265625 0.045303867403314914 0.0140625
0 0.1552486187845304 0.545703125 0.2 0.01484375
2 0.4723756906077348 0.54609375 0.056353591160221 0.0140625
0 0.12486187845303867 0.619921875 0.13922651933701657 0.01484375
2 0.47790055248618785 0.6203125 0.045303867403314914 0.0140625
0 0.12541436464088399 0.644921875 0.1425414364640884 0.01796875
2 0.4790055248618785 0.6453125 0.0430939226519337 0.0140625
0 0.11988950276243093 0.66796875 0.13149171270718232 0.015625
2 0.4790055248618785 0.66953125 0.0430939226519337 0.0125
0 0.12154696132596685 0.692578125 0.13259668508287292 0.01484375
2 0.4790055248618785 0.693359375 0.0430939226519337 0.01328125
0 0.15082872928176796 0.716015625 0.19116022099447513 0.01796875
2 0.4790055248618785 0.71796875 0.0430939226519337 0.0140625
0 0.1580110497237569 0.741015625 0.20552486187845304 0.01640625
2 0.4790055248618785 0.7421875 0.0430939226519337 0.0125
0 0.20331491712707184 0.812890625 0.29613259668508285 0.01640625
2 0.48342541436464087 0.814453125 0.04088397790055249 0.01328125
0 0.11491712707182321 0.838671875 0.11933701657458563 0.01484375
2 0.48342541436464087 0.83828125 0.04088397790055249 0.0125
0 0.11491712707182321 0.862890625 0.11933701657458563 0.01640625
2 0.48342541436464087 0.86328125 0.04088397790055249 0.0125
0 0.12541436464088399 0.8875 0.1425414364640884 0.0140625
0 0.09558011049723757 0.91171875 0.08066298342541436 0.015625
2 0.48342541436464087 0.912109375 0.04088397790055249 0.01328125
0 0.11988950276243093 0.9359375 0.13149171270718232 0.015625
2 0.48342541436464087 0.93671875 0.04088397790055249 0.0140625
2 0.4856353591160221 0.8875 0.0430939226519337 0.0171875
1 0.27900552486187846 0.279296875 0.44972375690607735 0.02109375
1 0.27845303867403315 0.301953125 0.44640883977900553 0.02265625
1 0.27790055248618784 0.32734375 0.44751381215469616 0.021875
1 0.2773480662983425 0.35078125 0.4419889502762431 0.01875
1 0.27845303867403315 0.37578125 0.44419889502762433 0.0203125
1 0.27790055248618784 0.399609375 0.4453038674033149 0.02265625
1 0.27790055248618784 0.42421875 0.4453038674033149 0.01875
1 0.27845303867403315 0.448046875 0.4397790055248619 0.02421875
1 0.27790055248618784 0.470703125 0.45193370165745855 0.02421875
1 0.27624309392265195 0.496484375 0.4486187845303867 0.02109375
1 0.27845303867403315 0.51953125 0.4486187845303867 0.028125
1 0.28121546961325966 0.545703125 0.44972375690607735 0.02109375
1 0.27845303867403315 0.621875 0.44419889502762433 0.0203125
1 0.27845303867403315 0.6453125 0.450828729281768 0.021875
1 0.27569060773480664 0.669140625 0.4430939226519337 0.02265625
1 0.274585635359116 0.69375 0.4453038674033149 0.021875
1 0.27624309392265195 0.716796875 0.44419889502762433 0.02109375
1 0.27624309392265195 0.73984375 0.44640883977900553 0.0203125
1 0.27845303867403315 0.81484375 0.44640883977900553 0.0234375
1 0.27900552486187846 0.837109375 0.4430939226519337 0.01953125
1 0.281767955801105 0.8640625 0.450828729281768 0.0234375
1 0.28121546961325966 0.885546875 0.45414364640883975 0.01953125
1 0.2773480662983425 0.908984375 0.4530386740331492 0.01640625
1 0.27790055248618784 0.933203125 0.45193370165745855 0.02421875