0 0.453515625 0.09457964601769911 0.10859375 0.029867256637168143
0 0.73828125 0.09402654867256637 0.0453125 0.024336283185840708
0 0.159375 0.10785398230088496 0.1125 0.051991150442477874
2 0.90703125 0.09402654867256637 0.0265625 0.022123893805309734
2 0.596875 0.09513274336283185 0.0265625 0.01991150442477876
0 0.768359375 0.125 0.10859375 0.028761061946902654
0 0.453125 0.12721238938053098 0.11875 0.024336283185840708
2 0.90703125 0.12444690265486726 0.0265625 0.02101769911504425
2 0.59765625 0.1261061946902655 0.028125 0.01991150442477876
0 0.4546875 0.16039823008849557 0.1296875 0.028761061946902654
0 0.73984375 0.15597345132743362 0.05625 0.028761061946902654
2 0.90703125 0.15652654867256638 0.0265625 0.02101769911504425
2 0.59765625 0.15763274336283187 0.028125 0.018805309734513276
0 0.1609375 0.1736725663716814 0.1046875 0.028761061946902654
0 0.448828125 0.1913716814159292 0.11640625 0.028761061946902654
0 0.76875 0.18971238938053098 0.11875 0.025442477876106196
2 0.59765625 0.18915929203539822 0.028125 0.01991150442477876
2 0.90703125 0.18915929203539822 0.0265625 0.01991150442477876
0 0.753515625 0.2206858407079646 0.09140625 0.029867256637168143
2 0.90703125 0.22013274336283187 0.0265625 0.01991150442477876
0 0.749609375 0.2538716814159292 0.08515625 0.023230088495575223
2 0.90703125 0.2516592920353982 0.0265625 0.018805309734513276
0 0.7296875 0.2853982300884956 0.0421875 0.024336283185840708
2 0.90703125 0.28373893805309736 0.0265625 0.02101769911504425
0 0.756640625 0.31913716814159293 0.09921875 0.023230088495575223
2 0.90703125 0.31526548672566373 0.0265625 0.022123893805309734
0 0.760546875 0.34845132743362833 0.10390625 0.024336283185840708
2 0.90703125 0.3467920353982301 0.0265625 0.02101769911504425
0 0.73046875 0.3788716814159292 0.0421875 0.02765486725663717
2 0.90703125 0.3788716814159292 0.0265625 0.018805309734513276
0 0.4203125 0.4059734513274336 0.0515625 0.022123893805309734
2 0.590625 0.40542035398230086 0.0265625 0.02101769911504425
0 0.433203125 0.43860619469026546 0.07109375 0.02101769911504425
2 0.590625 0.43860619469026546 0.0265625 0.02101769911504425
0 0.445703125 0.4706858407079646 0.10859375 0.029867256637168143
2 0.590625 0.47013274336283184 0.0265625 0.022123893805309734
0 0.73203125 0.47400442477876104 0.059375 0.02101769911504425
2 0.887890625 0.47400442477876104 0.06484375 0.02101769911504425
0 0.422265625 0.5011061946902655 0.06015625 0.030973451327433628
2 0.590625 0.5016592920353983 0.0265625 0.02101769911504425
0 0.7671875 0.5038716814159292 0.1109375 0.02765486725663717
2 0.887890625 0.5049778761061947 0.06484375 0.02101769911504425
0 0.432421875 0.5337389380530974 0.08203125 0.02765486725663717
2 0.590625 0.5326327433628318 0.0265625 0.02101769911504425
0 0.740234375 0.5370575221238938 0.05546875 0.029867256637168143
0 0.887890625 0.536504424778761 0.06484375 0.022123893805309734
0 0.451171875 0.5680309734513275 0.10703125 0.029867256637168143
2 0.5890625 0.5647123893805309 0.0296875 0.02101769911504425
0 0.76796875 0.5696902654867256 0.1203125 0.024336283185840708
2 0.887890625 0.5674778761061947 0.06484375 0.022123893805309734
0 0.091015625 0.5735619469026548 0.06015625 0.02101769911504425
2 0.267578125 0.5741150442477876 0.02734375 0.01991150442477876
0 0.439453125 0.5978982300884956 0.08984375 0.029867256637168143
2 0.590625 0.5973451327433629 0.0265625 0.022123893805309734
0 0.759765625 0.6017699115044248 0.10078125 0.033185840707964605
2 0.887890625 0.6012168141592921 0.06484375 0.02101769911504425
0 0.122265625 0.6061946902654868 0.11171875 0.024336283185840708
2 0.267578125 0.605641592920354 0.02734375 0.018805309734513276
0 0.444140625 0.6299778761061947 0.11171875 0.025442477876106196
2 0.590625 0.6277654867256637 0.0265625 0.018805309734513276
0 0.730078125 0.6332964601769911 0.03984375 0.023230088495575223
2 0.887890625 0.6321902654867256 0.06484375 0.02101769911504425
0 0.098046875 0.6377212389380531 0.05703125 0.029867256637168143
2 0.267578125 0.6377212389380531 0.02734375 0.02101769911504425
0 0.423828125 0.6598451327433629 0.06328125 0.023230088495575223
2 0.590625 0.6598451327433629 0.0265625 0.02101769911504425
0 0.73125 0.6637168141592921 0.040625 0.02654867256637168
2 0.887890625 0.6637168141592921 0.06484375 0.022123893805309734
0 0.12578125 0.6720132743362832 0.10625 0.02765486725663717
2 0.267578125 0.6692477876106194 0.02734375 0.022123893805309734
0 0.44140625 0.6963495575221239 0.103125 0.02765486725663717
2 0.590625 0.6924778761061947 0.0265625 0.01991150442477876
0 0.1109375 0.7013274336283186 0.08125 0.02654867256637168
2 0.267578125 0.7007743362831859 0.02734375 0.02101769911504425
0 0.4421875 0.724004424778761 0.109375 0.029867256637168143
2 0.590625 0.7234513274336283 0.0265625 0.01991150442477876
0 0.104296875 0.7328539823008849 0.06796875 0.034292035398230086
2 0.267578125 0.7339601769911505 0.02734375 0.02101769911504425
0 0.4234375 0.7571902654867256 0.06875 0.023230088495575223
2 0.590625 0.7560840707964602 0.0265625 0.02101769911504425
0 0.107421875 0.7682522123893806 0.07421875 0.02765486725663717
2 0.267578125 0.764933628318584 0.02734375 0.02101769911504425
0 0.415234375 0.7870575221238938 0.04921875 0.023230088495575223
2 0.590625 0.7870575221238938 0.0265625 0.02101769911504425
0 0.087109375 0.7970132743362832 0.03671875 0.025442477876106196
2 0.26796875 0.7964601769911505 0.028125 0.022123893805309734
0 0.462109375 0.8191371681415929 0.12734375 0.02765486725663717
2 0.590625 0.8196902654867256 0.0265625 0.01991150442477876
0 0.1203125 0.8313053097345132 0.10625 0.02765486725663717
2 0.26796875 0.8279867256637168 0.028125 0.02101769911504425
0 0.790625 0.834070796460177 0.16875 0.028761061946902654
2 0.94375 0.8368362831858407 0.0640625 0.02101769911504425
0 0.461328125 0.8512168141592921 0.13359375 0.023230088495575223
2 0.590625 0.8506637168141593 0.0265625 0.01991150442477876
0 0.09140625 0.8628318584070797 0.0453125 0.024336283185840708
2 0.26796875 0.860066371681416 0.028125 0.018805309734513276
0 0.78125 0.8672566371681416 0.1546875 0.02654867256637168
2 0.944140625 0.8683628318584071 0.06484375 0.022123893805309734
0 0.14296875 0.8921460176991151 0.1453125 0.029867256637168143
2 0.267578125 0.8921460176991151 0.02734375 0.02101769911504425
0 0.7734375 0.9004424778761062 0.1375 0.022123893805309734
2 0.944140625 0.8998893805309734 0.06484375 0.02101769911504425
0 0.13671875 0.9247787610619469 0.1296875 0.02654867256637168
2 0.26796875 0.9236725663716814 0.028125 0.022123893805309734
0 0.798828125 0.9341814159292036 0.17734375 0.029867256637168143
2 0.944921875 0.9308628318584071 0.06328125 0.02101769911504425
2 0.944140625 0.9623893805309734 0.06484375 0.022123893805309734
0 0.80390625 0.9651548672566371 0.18125 0.023230088495575223
2 0.887109375 0.5359513274336283 0.06640625 0.025442477876106196
1 0.50390625 0.09402654867256637 0.215625 0.028761061946902654
1 0.50390625 0.1261061946902655 0.21875 0.02654867256637168
1 0.503515625 0.18915929203539822 0.22578125 0.028761061946902654
1 0.17265625 0.5730088495575221 0.21875 0.024336283185840708
1 0.174609375 0.605641592920354 0.21328125 0.023230088495575223
1 0.17734375 0.6404867256637168 0.2140625 0.028761061946902654
1 0.175 0.6692477876106194 0.209375 0.033185840707964605
1 0.176171875 0.7007743362831859 0.21328125 0.02765486725663717
1 0.176171875 0.7323008849557522 0.21171875 0.033185840707964605
1 0.17734375 0.7671460176991151 0.2109375 0.029867256637168143
1 0.17421875 0.7992256637168141 0.2140625 0.02765486725663717
1 0.176953125 0.8290929203539823 0.21328125 0.032079646017699116
1 0.175390625 0.8617256637168141 0.21171875 0.024336283185840708
1 0.17578125 0.8915929203539823 0.2109375 0.030973451327433628
1 0.17890625 0.9220132743362832 0.2140625 0.029867256637168143
1 0.5 0.40542035398230086 0.209375 0.023230088495575223
1 0.50234375 0.4375 0.2046875 0.025442477876106196
1 0.4984375 0.47013274336283184 0.2109375 0.030973451327433628
1 0.4984375 0.5033185840707964 0.209375 0.030973451327433628
1 0.498046875 0.5331858407079646 0.21328125 0.030973451327433628
1 0.500390625 0.5663716814159292 0.20546875 0.02654867256637168
1 0.499609375 0.5978982300884956 0.20859375 0.02765486725663717
1 0.4953125 0.6288716814159292 0.215625 0.025442477876106196
1 0.4984375 0.6592920353982301 0.2109375 0.024336283185840708
1 0.495703125 0.6935840707964602 0.21015625 0.030973451327433628
1 0.49453125 0.7245575221238938 0.2140625 0.028761061946902654
1 0.498046875 0.7549778761061947 0.21796875 0.02765486725663717
1 0.496875 0.7853982300884956 0.2140625 0.030973451327433628
1 0.500390625 0.8196902654867256 0.20703125 0.030973451327433628
1 0.4984375 0.8484513274336283 0.2109375 0.030973451327433628
1 0.81796875 0.09292035398230089 0.2078125 0.02654867256637168
1 0.814453125 0.12555309734513273 0.20390625 0.029867256637168143
1 0.81640625 0.15597345132743362 0.209375 0.030973451327433628
1 0.815234375 0.1886061946902655 0.20703125 0.025442477876106196
1 0.8140625 0.22013274336283187 0.2109375 0.02654867256637168
1 0.814453125 0.25055309734513276 0.21484375 0.02765486725663717
1 0.8140625 0.2815265486725664 0.2125 0.025442477876106196
1 0.812890625 0.31692477876106195 0.21171875 0.025442477876106196
1 0.81328125 0.3467920353982301 0.2125 0.029867256637168143
1 0.815234375 0.3799778761061947 0.21328125 0.025442477876106196
1 0.81171875 0.4723451327433628 0.21875 0.02654867256637168
1 0.816796875 0.5066371681415929 0.20703125 0.030973451327433628
1 0.817578125 0.5359513274336283 0.21015625 0.029867256637168143
1 0.81640625 0.5984513274336283 0.2109375 0.033185840707964605
1 0.815234375 0.6316371681415929 0.20859375 0.02654867256637168
1 0.81640625 0.6637168141592921 0.215625 0.033185840707964605
1 0.8421875 0.8351769911504425 0.2671875 0.028761061946902654
1 0.841015625 0.8661504424778761 0.27421875 0.024336283185840708
1 0.841796875 0.8993362831858407 0.27109375 0.02654867256637168
1 0.84296875 0.9341814159292036 0.265625 0.029867256637168143
1 0.845703125 0.9646017699115044 0.26015625 0.02654867256637168
1 0.815234375 0.5707964601769911 0.20859375 0.02654867256637168
1 0.501171875 0.15873893805309736 0.22265625 0.02765486725663717
