0 0.48783185840707965 0.291015625 0.2345132743362832 0.02421875
0 0.1122787610619469 0.294921875 0.20243362831858408 0.01953125
2 0.2903761061946903 0.294140625 0.08960176991150443 0.01796875
2 0.9319690265486725 0.311328125 0.09402654867256637 0.01796875
0 0.12112831858407079 0.319921875 0.22234513274336284 0.01796875
0 0.0956858407079646 0.344921875 0.16924778761061948 0.01796875
2 0.29148230088495575 0.344921875 0.0918141592920354 0.01796875
0 0.5016592920353983 0.3734375 0.28207964601769914 0.028125
0 0.09845132743362832 0.369921875 0.1747787610619469 0.01796875
0 0.05641592920353982 0.395703125 0.09292035398230089 0.01796875
2 0.2903761061946903 0.395703125 0.08960176991150443 0.01796875
2 0.933075221238938 0.408984375 0.0918141592920354 0.01796875
0 0.06637168141592921 0.42109375 0.11283185840707964 0.01875
2 0.2903761061946903 0.420703125 0.08960176991150443 0.01796875
0 0.514933628318584 0.486328125 0.290929203539823 0.02734375
2 0.28926991150442477 0.506640625 0.08738938053097345 0.01796875
0 0.08960176991150443 0.5109375 0.14823008849557523 0.01875
2 0.9264380530973452 0.520703125 0.10508849557522124 0.01796875
2 0.28926991150442477 0.53125 0.08738938053097345 0.0171875
0 0.09679203539823009 0.5359375 0.16261061946902655 0.01875
2 0.288716814159292 0.556640625 0.08628318584070796 0.01953125
0 0.10896017699115045 0.5625 0.18694690265486727 0.0203125
0 0.5132743362831859 0.578125 0.2853982300884956 0.028125
2 0.2903761061946903 0.58203125 0.08960176991150443 0.0171875
0 0.07466814159292036 0.5859375 0.11836283185840708 0.0171875
2 0.2903761061946903 0.606640625 0.08960176991150443 0.01796875
0 0.09623893805309734 0.61171875 0.16371681415929204 0.0203125
2 0.9264380530973452 0.611328125 0.10508849557522124 0.01953125
2 0.2903761061946903 0.631640625 0.08960176991150443 0.01796875
0 0.10508849557522124 0.6375 0.17920353982300885 0.01875
2 0.2948008849557522 0.65625 0.09845132743362832 0.0171875
0 0.10232300884955753 0.661328125 0.1736725663716814 0.01796875
0 0.5094026548672567 0.68203125 0.290929203539823 0.028125
0 0.09900442477876106 0.6875 0.1670353982300885 0.0203125
2 0.9264380530973452 0.70703125 0.10508849557522124 0.0171875
0 0.17754424778761063 0.715625 0.15597345132743362 0.01875
0 0.07964601769911504 0.7484375 0.13274336283185842 0.0234375
2 0.28761061946902655 0.750390625 0.084070796460177 0.01640625
0 0.07743362831858407 0.771875 0.12389380530973451 0.0203125
2 0.28926991150442477 0.776171875 0.08738938053097345 0.01796875
0 0.10508849557522124 0.7984375 0.18141592920353983 0.0234375
2 0.2903761061946903 0.80078125 0.08960176991150443 0.0171875
0 0.09457964601769911 0.962890625 0.1006637168141593 0.02265625
0 0.31305309734513276 0.962890625 0.10619469026548672 0.01953125
0 0.6526548672566371 0.963671875 0.13274336283185842 0.01796875
2 0.29535398230088494 0.681640625 0.10619469026548672 0.01953125
2 0.40376106194690264 0.962890625 0.06415929203539823 0.01953125
2 0.1786504424778761 0.96015625 0.06305309734513274 0.01875
2 0.290929203539823 0.3203125 0.09070796460176991 0.01875
2 0.2936946902654867 0.369921875 0.09402654867256637 0.01796875
1 0.17035398230088494 0.29375 0.3252212389380531 0.01875
1 0.17256637168141592 0.31796875 0.32964601769911506 0.0203125
1 0.17311946902654868 0.344140625 0.32632743362831856 0.01796875
1 0.17699115044247787 0.36796875 0.334070796460177 0.01875
1 0.1720132743362832 0.3953125 0.32853982300884954 0.021875
1 0.17256637168141592 0.419921875 0.32964601769911506 0.02265625
1 0.1747787610619469 0.509375 0.3185840707964602 0.0203125
1 0.1720132743362832 0.534765625 0.31526548672566373 0.01953125
1 0.17422566371681417 0.55703125 0.3174778761061947 0.025
1 0.17643805309734514 0.5828125 0.3196902654867257 0.025
1 0.1720132743362832 0.609375 0.3196902654867257 0.0265625
1 0.17422566371681417 0.633203125 0.3196902654867257 0.02734375
1 0.18030973451327434 0.659375 0.32964601769911506 0.0234375
1 0.17809734513274336 0.686328125 0.32964601769911506 0.02421875
1 0.16924778761061948 0.74765625 0.3141592920353982 0.0265625
1 0.17256637168141592 0.771484375 0.32079646017699115 0.02265625
1 0.1747787610619469 0.7984375 0.32079646017699115 0.0234375
1 0.6758849557522124 0.300390625 0.6150442477876106 0.04453125
1 0.6731194690265486 0.389453125 0.6161504424778761 0.05703125
1 0.6764380530973452 0.4984375 0.6139380530973452 0.0640625
1 0.6780973451327433 0.59296875 0.6194690265486725 0.05625
1 0.6786504424778761 0.693359375 0.620575221238938 0.04765625
1 0.1288716814159292 0.9640625 0.16261061946902655 0.0171875
1 0.3478982300884956 0.9640625 0.18915929203539822 0.0171875
2 0.7079646017699115 0.7796875 0.13716814159292035 0.0421875
1 0.6819690265486725 0.865234375 0.1913716814159292 0.21796875
