0 0.69609375 0.2605088495575221 0.1078125 0.034292035398230086
2 0.91171875 0.2627212389380531 0.028125 0.02765486725663717
0 0.122265625 0.2793141592920354 0.12734375 0.029867256637168143
2 0.279296875 0.2809734513274336 0.03671875 0.030973451327433628
0 0.696484375 0.3075221238938053 0.10859375 0.033185840707964605
2 0.90625 0.3053097345132743 0.0390625 0.02654867256637168
0 0.141015625 0.31913716814159293 0.16484375 0.032079646017699116
2 0.279296875 0.32079646017699115 0.03671875 0.028761061946902654
0 0.708984375 0.3473451327433628 0.13359375 0.030973451327433628
2 0.90625 0.3473451327433628 0.0390625 0.02654867256637168
0 0.1375 0.3600663716814159 0.1578125 0.03871681415929203
2 0.278515625 0.36172566371681414 0.03828125 0.028761061946902654
0 0.678125 0.3915929203539823 0.071875 0.035398230088495575
2 0.90625 0.3899336283185841 0.0390625 0.02765486725663717
0 0.7 0.4325221238938053 0.115625 0.030973451327433628
2 0.90625 0.4325221238938053 0.0390625 0.02654867256637168
0 0.680078125 0.4728982300884956 0.07734375 0.034292035398230086
2 0.90625 0.4745575221238938 0.0390625 0.02654867256637168
0 0.251171875 0.5143805309734514 0.07265625 0.028761061946902654
0 0.696484375 0.5154867256637168 0.10859375 0.030973451327433628
2 0.412890625 0.5154867256637168 0.03828125 0.02654867256637168
2 0.90625 0.5165929203539823 0.0390625 0.028761061946902654
0 0.240625 0.5553097345132744 0.0515625 0.028761061946902654
2 0.412890625 0.5553097345132744 0.03828125 0.028761061946902654
0 0.690625 0.5602876106194691 0.0984375 0.04314159292035398
2 0.90625 0.5586283185840708 0.0390625 0.028761061946902654
0 0.251953125 0.5918141592920354 0.07421875 0.03761061946902655
2 0.412890625 0.5951327433628318 0.03828125 0.028761061946902654
0 0.71171875 0.6001106194690266 0.1390625 0.029867256637168143
2 0.90625 0.6006637168141593 0.0390625 0.028761061946902654
0 0.26171875 0.6332964601769911 0.090625 0.029867256637168143
0 0.412890625 0.6360619469026548 0.03828125 0.028761061946902654
0 0.246484375 0.6747787610619469 0.06328125 0.028761061946902654
2 0.41328125 0.6747787610619469 0.0375 0.028761061946902654
0 0.39140625 0.8113938053097345 0.1125 0.032079646017699116
2 0.537890625 0.8141592920353983 0.03515625 0.030973451327433628
0 0.3765625 0.8501106194690266 0.0828125 0.03650442477876106
2 0.537890625 0.8539823008849557 0.03828125 0.028761061946902654
0 0.378515625 0.8915929203539823 0.08671875 0.030973451327433628
2 0.537890625 0.8932522123893806 0.03828125 0.02765486725663717
0 0.406640625 0.9319690265486725 0.14453125 0.04314159292035398
2 0.537890625 0.9325221238938053 0.03828125 0.028761061946902654
2 0.411328125 0.6338495575221239 0.03828125 0.028761061946902654
1 0.17734375 0.2793141592920354 0.2390625 0.03650442477876106
1 0.176953125 0.3174778761061947 0.23828125 0.03761061946902655
1 0.177734375 0.3584070796460177 0.23671875 0.03982300884955752
1 0.322265625 0.5121681415929203 0.21640625 0.028761061946902654
1 0.321875 0.5547566371681416 0.215625 0.034292035398230086
1 0.322265625 0.5923672566371682 0.21484375 0.03871681415929203
1 0.32265625 0.6321902654867256 0.2140625 0.034292035398230086
1 0.321484375 0.6742256637168141 0.21484375 0.029867256637168143
1 0.78203125 0.2605088495575221 0.2765625 0.03871681415929203
1 0.784765625 0.30807522123893805 0.28203125 0.03650442477876106
1 0.78203125 0.3467920353982301 0.28125 0.034292035398230086
1 0.783984375 0.39435840707964603 0.28203125 0.034292035398230086
1 0.783203125 0.4319690265486726 0.28203125 0.032079646017699116
1 0.783203125 0.47123893805309736 0.28359375 0.033185840707964605
1 0.781640625 0.5143805309734514 0.28359375 0.033185840707964605
1 0.781640625 0.558075221238938 0.28359375 0.04092920353982301
1 0.781640625 0.5984513274336283 0.28515625 0.033185840707964605
1 0.4453125 0.8108407079646017 0.221875 0.033185840707964605
1 0.445703125 0.8512168141592921 0.22578125 0.03650442477876106
1 0.444921875 0.8904867256637168 0.22109375 0.03761061946902655
1 0.445703125 0.9336283185840708 0.21796875 0.03982300884955752
0 0.746484375 0.3926991150442478 0.04140625 0.035398230088495575
0 0.79453125 0.3064159292035398 0.06875 0.03982300884955752
