0 0.726171875 0.08993212669683258 0.04140625 0.023755656108597284
0 0.070703125 0.0916289592760181 0.06640625 0.02262443438914027
2 0.958984375 0.09389140271493213 0.01640625 0.01809954751131222
0 0.073046875 0.1170814479638009 0.06484375 0.021493212669683258
0 0.734375 0.11877828054298642 0.0546875 0.02262443438914027
2 0.958984375 0.12217194570135746 0.01640625 0.01809954751131222
0 0.71796875 0.1430995475113122 0.01875 0.02828054298642534
0 0.065234375 0.1425339366515837 0.05234375 0.027149321266968326
2 0.958984375 0.1504524886877828 0.01640625 0.01809954751131222
0 0.08046875 0.16911764705882354 0.08125 0.023755656108597284
0 0.72734375 0.17647058823529413 0.0421875 0.027149321266968326
0 0.0875 0.19230769230769232 0.1015625 0.02262443438914027
0 0.7234375 0.20531674208144796 0.0328125 0.023755656108597284
2 0.959765625 0.2081447963800905 0.01796875 0.020361990950226245
0 0.075 0.2171945701357466 0.06875 0.02262443438914027
0 0.43671875 0.2251131221719457 0.1421875 0.020361990950226245
2 0.629296875 0.22737556561085973 0.01640625 0.020361990950226245
0 0.743359375 0.23642533936651583 0.06953125 0.027149321266968326
2 0.958984375 0.23755656108597284 0.01640625 0.01809954751131222
0 0.087890625 0.24547511312217193 0.09765625 0.020361990950226245
2 0.297265625 0.25339366515837103 0.01640625 0.020361990950226245
0 0.452734375 0.2505656108597285 0.16640625 0.021493212669683258
2 0.629296875 0.25339366515837103 0.01640625 0.020361990950226245
0 0.734765625 0.26187782805429866 0.05546875 0.021493212669683258
0 0.076171875 0.2675339366515837 0.07109375 0.021493212669683258
0 0.440625 0.27658371040723984 0.1421875 0.021493212669683258
2 0.296875 0.27828054298642535 0.0171875 0.020361990950226245
0 0.0671875 0.29411764705882354 0.053125 0.020361990950226245
0 0.73515625 0.292420814479638 0.053125 0.026018099547511313
2 0.959765625 0.29524886877828055 0.01796875 0.020361990950226245
0 0.448046875 0.3009049773755656 0.15078125 0.024886877828054297
2 0.630078125 0.3042986425339366 0.01796875 0.020361990950226245
2 0.296875 0.3076923076923077 0.0171875 0.01809954751131222
0 0.7453125 0.3195701357466063 0.0765625 0.026018099547511313
2 0.961328125 0.3212669683257919 0.01953125 0.024886877828054297
0 0.761328125 0.34898190045248867 0.10234375 0.026018099547511313
2 0.958984375 0.3506787330316742 0.01640625 0.01809954751131222
0 0.73984375 0.37839366515837103 0.0671875 0.023755656108597284
0 0.4265625 0.37952488687782804 0.115625 0.023755656108597284
2 0.959765625 0.37895927601809953 0.01796875 0.01809954751131222
2 0.628515625 0.3834841628959276 0.01640625 0.020361990950226245
0 0.0890625 0.38800904977375567 0.1078125 0.02262443438914027
2 0.297265625 0.3925339366515837 0.01640625 0.01809954751131222
0 0.4359375 0.4066742081447964 0.1375 0.023755656108597284
0 0.74140625 0.4078054298642534 0.0609375 0.023755656108597284
2 0.628515625 0.4100678733031674 0.01640625 0.019230769230769232
2 0.959765625 0.4095022624434389 0.01796875 0.01809954751131222
0 0.0609375 0.4117647058823529 0.05 0.020361990950226245
2 0.297265625 0.415158371040724 0.01640625 0.01809954751131222
0 0.430859375 0.4315610859728507 0.12734375 0.026018099547511313
0 0.79140625 0.4343891402714932 0.159375 0.02262443438914027
0 0.09296875 0.43608597285067874 0.1109375 0.023755656108597284
2 0.297265625 0.43834841628959276 0.01640625 0.019230769230769232
2 0.959765625 0.43778280542986425 0.01796875 0.01809954751131222
0 0.075 0.459841628959276 0.084375 0.021493212669683258
2 0.29765625 0.46097285067873306 0.0171875 0.016968325791855202
0 0.083984375 0.4813348416289593 0.09453125 0.023755656108597284
2 0.297265625 0.4852941176470588 0.01640625 0.020361990950226245
0 0.0578125 0.5050904977375565 0.040625 0.021493212669683258
2 0.297265625 0.5079185520361991 0.01640625 0.020361990950226245
0 0.753515625 0.5248868778280543 0.10234375 0.02262443438914027
2 0.958984375 0.5237556561085973 0.01640625 0.01809954751131222
0 0.072265625 0.5316742081447964 0.07109375 0.02262443438914027
2 0.297265625 0.5316742081447964 0.01640625 0.01809954751131222
0 0.4171875 0.5361990950226244 0.1 0.020361990950226245
2 0.628515625 0.5384615384615384 0.01640625 0.020361990950226245
0 0.759375 0.5486425339366516 0.1078125 0.02262443438914027
2 0.958984375 0.5514705882352942 0.01640625 0.019230769230769232
0 0.444921875 0.5610859728506787 0.15078125 0.020361990950226245
2 0.628515625 0.5633484162895928 0.01640625 0.01809954751131222
0 0.750390625 0.5763574660633484 0.09296875 0.023755656108597284
2 0.958203125 0.579185520361991 0.01484375 0.01809954751131222
0 0.45625 0.5876696832579186 0.1734375 0.021493212669683258
2 0.628515625 0.5893665158371041 0.01640625 0.020361990950226245
0 0.746875 0.6046380090497737 0.08125 0.023755656108597284
2 0.958203125 0.6063348416289592 0.01796875 0.020361990950226245
0 0.764453125 0.630656108597285 0.11796875 0.021493212669683258
2 0.958203125 0.6312217194570136 0.01796875 0.01809954751131222
0 0.762109375 0.6589366515837104 0.11015625 0.023755656108597284
2 0.958203125 0.6595022624434389 0.01796875 0.01809954751131222
0 0.425 0.668552036199095 0.115625 0.020361990950226245
2 0.627734375 0.6702488687782805 0.01796875 0.019230769230769232
0 0.062890625 0.6770361990950227 0.05859375 0.021493212669683258
2 0.296484375 0.6798642533936652 0.01640625 0.020361990950226245
0 0.7546875 0.6855203619909502 0.096875 0.024886877828054297
2 0.958984375 0.6872171945701357 0.01640625 0.019230769230769232
0 0.4453125 0.6928733031674208 0.153125 0.021493212669683258
2 0.628515625 0.6945701357466063 0.01640625 0.020361990950226245
0 0.08359375 0.707579185520362 0.0953125 0.023755656108597284
2 0.296484375 0.7104072398190046 0.01640625 0.01809954751131222
0 0.7421875 0.7115384615384616 0.075 0.020361990950226245
2 0.958203125 0.7149321266968326 0.01796875 0.01809954751131222
0 0.082421875 0.7432126696832579 0.08671875 0.02262443438914027
2 0.296484375 0.7432126696832579 0.01640625 0.01809954751131222
0 0.093359375 0.7737556561085973 0.11171875 0.02262443438914027
2 0.296484375 0.7737556561085973 0.01640625 0.020361990950226245
0 0.43515625 0.7737556561085973 0.146875 0.020361990950226245
2 0.62890625 0.7748868778280543 0.0171875 0.01809954751131222
0 0.43984375 0.7986425339366516 0.15 0.020361990950226245
2 0.62890625 0.7986425339366516 0.0171875 0.020361990950226245
0 0.0734375 0.8037330316742082 0.071875 0.023755656108597284
2 0.296484375 0.8054298642533937 0.01640625 0.01809954751131222
0 0.7171875 0.8144796380090498 0.0265625 0.024886877828054297
2 0.958203125 0.8161764705882353 0.01796875 0.021493212669683258
0 0.43359375 0.8218325791855203 0.1296875 0.023755656108597284
2 0.62890625 0.8229638009049773 0.0171875 0.019230769230769232
0 0.114453125 0.8359728506787331 0.15078125 0.029411764705882353
2 0.296484375 0.8359728506787331 0.01640625 0.020361990950226245
0 0.73046875 0.8427601809954751 0.040625 0.02262443438914027
2 0.958203125 0.8455882352941176 0.01796875 0.019230769230769232
0 0.078125 0.8687782805429864 0.078125 0.029411764705882353
2 0.296484375 0.8682126696832579 0.01640625 0.019230769230769232
0 0.74921875 0.8721719457013575 0.0765625 0.024886877828054297
2 0.958203125 0.873868778280543 0.01796875 0.019230769230769232
0 0.47578125 0.8851809954751131 0.1734375 0.030542986425339366
2 0.63828125 0.8891402714932126 0.01875 0.027149321266968326
0 0.076953125 0.9015837104072398 0.07890625 0.027149321266968326
2 0.296484375 0.8993212669683258 0.01640625 0.01809954751131222
0 0.72109375 0.9038461538461539 0.0234375 0.02262443438914027
2 0.958203125 0.9027149321266968 0.01796875 0.01809954751131222
0 0.4875 0.916289592760181 0.196875 0.03167420814479638
2 0.638671875 0.916289592760181 0.01640625 0.01809954751131222
0 0.72109375 0.9304298642533937 0.0265625 0.026018099547511313
2 0.958203125 0.9321266968325792 0.01796875 0.020361990950226245
0 0.507421875 0.9440045248868778 0.23828125 0.02828054298642534
0 0.73515625 0.9581447963800905 0.053125 0.02262443438914027
2 0.958203125 0.9604072398190046 0.01796875 0.020361990950226245
2 0.2953125 0.0916289592760181 0.01875 0.02262443438914027
2 0.295703125 0.11877828054298642 0.02109375 0.027149321266968326
2 0.29765625 0.1493212669683258 0.01875 0.01809954751131222
2 0.295703125 0.1747737556561086 0.01484375 0.019230769230769232
2 0.298046875 0.1996606334841629 0.02109375 0.021493212669683258
2 0.2984375 0.2245475113122172 0.01875 0.019230769230769232
2 0.630859375 0.27997737556561086 0.01796875 0.019230769230769232
2 0.62890625 0.43608597285067874 0.0203125 0.021493212669683258
2 0.640234375 0.9473981900452488 0.01796875 0.021493212669683258
2 0.96015625 0.17929864253393665 0.0171875 0.016968325791855202
1 0.17109375 0.08993212669683258 0.26875 0.026018099547511313
1 0.173828125 0.2737556561085973 0.26328125 0.027149321266968326
1 0.172265625 0.2997737556561086 0.26640625 0.03167420814479638
1 0.1703125 0.38800904977375567 0.271875 0.024886877828054297
1 0.17109375 0.4111990950226244 0.2671875 0.021493212669683258
1 0.171484375 0.43608597285067874 0.26796875 0.026018099547511313
1 0.1703125 0.4592760180995475 0.2734375 0.020361990950226245
1 0.169921875 0.4824660633484163 0.26640625 0.019230769230769232
1 0.17109375 0.5050904977375565 0.26875 0.023755656108597284
1 0.171484375 0.5311085972850679 0.26953125 0.023755656108597284
1 0.169140625 0.6759049773755657 0.27265625 0.023755656108597284
1 0.1703125 0.706447963800905 0.2671875 0.023755656108597284
1 0.173828125 0.7426470588235294 0.26796875 0.023755656108597284
1 0.172265625 0.7731900452488688 0.26640625 0.023755656108597284
1 0.171484375 0.8031674208144797 0.26640625 0.027149321266968326
1 0.172265625 0.8354072398190046 0.26484375 0.02828054298642534
1 0.172265625 0.869343891402715 0.26640625 0.02828054298642534
1 0.172265625 0.9004524886877828 0.26640625 0.027149321266968326
1 0.501953125 0.2245475113122172 0.27109375 0.026018099547511313
1 0.502734375 0.248868778280543 0.26640625 0.02262443438914027
1 0.50546875 0.27658371040723984 0.2703125 0.021493212669683258
1 0.505078125 0.3009049773755656 0.26484375 0.02262443438914027
1 0.50234375 0.38122171945701355 0.2703125 0.029411764705882353
1 0.50234375 0.4072398190045249 0.26875 0.02262443438914027
1 0.503515625 0.4315610859728507 0.26953125 0.026018099547511313
1 0.50078125 0.5350678733031674 0.26875 0.02262443438914027
1 0.503515625 0.5599547511312217 0.26953125 0.02262443438914027
1 0.503125 0.5893665158371041 0.2671875 0.020361990950226245
1 0.50234375 0.6691176470588235 0.2703125 0.026018099547511313
1 0.50390625 0.6917420814479638 0.26875 0.023755656108597284
1 0.500390625 0.7731900452488688 0.27578125 0.023755656108597284
1 0.5015625 0.7997737556561086 0.2703125 0.020361990950226245
1 0.503125 0.8195701357466063 0.2671875 0.023755656108597284
1 0.519140625 0.8840497737556561 0.26015625 0.030542986425339366
1 0.519140625 0.916289592760181 0.26015625 0.029411764705882353
1 0.51796875 0.9445701357466063 0.2609375 0.024886877828054297
1 0.83671875 0.08993212669683258 0.2625 0.026018099547511313
1 0.83984375 0.1170814479638009 0.2609375 0.023755656108597284
1 0.838671875 0.14536199095022626 0.26015625 0.02828054298642534
1 0.838671875 0.17647058823529413 0.26328125 0.027149321266968326
1 0.837890625 0.20588235294117646 0.26015625 0.029411764705882353
1 0.837109375 0.2335972850678733 0.25859375 0.030542986425339366
1 0.838671875 0.292420814479638 0.26015625 0.02828054298642534
1 0.83828125 0.3195701357466063 0.2640625 0.026018099547511313
1 0.8390625 0.34841628959276016 0.259375 0.027149321266968326
1 0.8375 0.376131221719457 0.2640625 0.026018099547511313
1 0.840234375 0.4078054298642534 0.25859375 0.026018099547511313
1 0.84375 0.43552036199095023 0.265625 0.020361990950226245
1 0.835546875 0.5243212669683258 0.26640625 0.023755656108597284
1 0.8375 0.5492081447963801 0.2640625 0.021493212669683258
1 0.835546875 0.5774886877828054 0.26171875 0.021493212669683258
1 0.837109375 0.6040723981900452 0.26171875 0.01809954751131222
1 0.837109375 0.6312217194570136 0.26171875 0.020361990950226245
1 0.8390625 0.6578054298642534 0.2625 0.023755656108597284
1 0.8359375 0.6855203619909502 0.259375 0.020361990950226245
1 0.8359375 0.7115384615384616 0.2609375 0.020361990950226245
1 0.835546875 0.8127828054298643 0.26328125 0.026018099547511313
1 0.8359375 0.8438914027149321 0.253125 0.027149321266968326
1 0.838671875 0.8721719457013575 0.25703125 0.024886877828054297
1 0.838671875 0.9021493212669683 0.25859375 0.021493212669683258
1 0.837109375 0.9304298642533937 0.25703125 0.026018099547511313
1 0.83828125 0.957579185520362 0.259375 0.021493212669683258
1 0.173046875 0.24604072398190044 0.26640625 0.030542986425339366
1 0.1734375 0.1430995475113122 0.26875 0.026018099547511313
1 0.1734375 0.1159502262443439 0.26875 0.026018099547511313
1 0.172265625 0.17024886877828055 0.26484375 0.026018099547511313
1 0.17265625 0.19513574660633484 0.26875 0.026018099547511313
1 0.17265625 0.22002262443438914 0.26875 0.026018099547511313
