0 0.19520103761348898 0.22736124634858812 0.1309987029831388 0.018500486854917234
2 0.4390402075226978 0.22833495618305744 0.0609597924773022 0.016553067185978577
0 0.6005188067444877 0.24196689386562803 0.12710765239948119 0.018500486854917234
2 0.8450064850843061 0.2409931840311587 0.06355382619974059 0.016553067185978577
0 0.19714656290531776 0.24586173320350535 0.13488975356679636 0.018500486854917234
2 0.45395590142671854 0.24829600778967867 0.028534370946822308 0.01557935735150925
0 0.5979247730220493 0.2653359298928919 0.1219195849546044 0.02044790652385589
0 0.1861219195849546 0.2643622200584226 0.11284046692607004 0.016553067185978577
2 0.8605706874189365 0.2653359298928919 0.029831387808041506 0.014605647517039922
2 0.45395590142671854 0.2672833495618306 0.028534370946822308 0.014605647517039922
0 0.16666666666666666 0.2828627069133398 0.07392996108949416 0.016553067185978577
2 0.45395590142671854 0.28529698149951316 0.028534370946822308 0.013631937682570594
0 0.5927367055771725 0.2872444011684518 0.11154345006485085 0.017526777020447908
2 0.8605706874189365 0.2872444011684518 0.029831387808041506 0.01557935735150925
0 0.16861219195849547 0.3023369036027264 0.07782101167315175 0.016553067185978577
2 0.45395590142671854 0.3047711781888997 0.028534370946822308 0.013631937682570594
0 0.5901426718547341 0.30963972736124634 0.10635538261997406 0.01557935735150925
2 0.8618677042801557 0.310126582278481 0.027237354085603113 0.014605647517039922
0 0.16666666666666666 0.3213242453748783 0.07392996108949416 0.01557935735150925
2 0.45395590142671854 0.32327166504381694 0.028534370946822308 0.013631937682570594
0 0.5862516212710766 0.3320350535540409 0.09857328145265888 0.019474196689386564
2 0.8618677042801557 0.3330087633885102 0.027237354085603113 0.01557935735150925
0 0.1874189364461738 0.3403115871470302 0.11543450064850844 0.016553067185978577
2 0.45395590142671854 0.3422590068159688 0.028534370946822308 0.014605647517039922
0 0.6134889753566797 0.35540408958130476 0.15304798962386512 0.017526777020447908
2 0.8605706874189365 0.3558909444985394 0.029831387808041506 0.014605647517039922
0 0.1835278858625162 0.3592989289191821 0.10765239948119326 0.01557935735150925
2 0.45395590142671854 0.3612463485881207 0.028534370946822308 0.013631937682570594
0 0.6011673151750972 0.3777994157740993 0.12840466926070038 0.019474196689386564
0 0.17574578469520102 0.37877312560856863 0.09208819714656291 0.017526777020447908
2 0.8612191958495461 0.37877312560856863 0.0311284046692607 0.01557935735150925
2 0.45395590142671854 0.379746835443038 0.028534370946822308 0.01557935735150925
0 0.191958495460441 0.3967867575462512 0.1245136186770428 0.014605647517039922
0 0.6011673151750972 0.4006815968841285 0.12840466926070038 0.022395326192794548
2 0.45395590142671854 0.3987341772151899 0.028534370946822308 0.014605647517039922
2 0.8404669260700389 0.4006815968841285 0.07263294422827497 0.014605647517039922
0 0.1867704280155642 0.41528724440116843 0.11413748378728923 0.016553067185978577
2 0.45395590142671854 0.41674780915287246 0.028534370946822308 0.013631937682570594
0 0.5875486381322957 0.4225900681596884 0.10116731517509728 0.021421616358325218
2 0.8605706874189365 0.4225900681596884 0.029831387808041506 0.01557935735150925
0 0.17509727626459143 0.4352482960077897 0.0907911802853437 0.017526777020447908
2 0.45395590142671854 0.436222005842259 0.028534370946822308 0.013631937682570594
0 0.6108949416342413 0.4459591041869523 0.14785992217898833 0.019474196689386564
2 0.8618677042801557 0.4459591041869523 0.027237354085603113 0.01557935735150925
0 0.17963683527885863 0.4527750730282376 0.09987029831387809 0.017526777020447908
2 0.45395590142671854 0.45472249269717624 0.028534370946822308 0.013631937682570594
0 0.6173800259403373 0.46932814021421615 0.1608300907911803 0.019474196689386564
2 0.8605706874189365 0.46835443037974683 0.029831387808041506 0.01557935735150925
0 0.17963683527885863 0.47322297955209347 0.09987029831387809 0.019474196689386564
2 0.45395590142671854 0.47370983446932813 0.028534370946822308 0.014605647517039922
0 0.1893644617380026 0.49123661148977604 0.11932555123216602 0.016553067185978577
0 0.5875486381322957 0.4907497565725414 0.10116731517509728 0.01557935735150925
2 0.8605706874189365 0.49123661148977604 0.029831387808041506 0.014605647517039922
2 0.45395590142671854 0.49269717624148 0.028534370946822308 0.013631937682570594
0 0.20428015564202334 0.5097370983446933 0.14915693904020752 0.016553067185978577
2 0.45395590142671854 0.5111976630963972 0.028534370946822308 0.01557935735150925
0 0.5959792477302205 0.5116845180136319 0.11802853437094682 0.016553067185978577
2 0.8618677042801557 0.5131450827653359 0.027237354085603113 0.013631937682570594
0 0.182230869001297 0.5292112950340798 0.10505836575875487 0.016553067185978577
2 0.45395590142671854 0.5301850048685491 0.028534370946822308 0.014605647517039922
0 0.6115434500648509 0.5360272638753651 0.14915693904020752 0.018500486854917234
2 0.8605706874189365 0.5365141187925998 0.029831387808041506 0.013631937682570594
0 0.16407263294422827 0.5481986368062317 0.06874189364461739 0.01557935735150925
2 0.45395590142671854 0.5486854917234664 0.028534370946822308 0.014605647517039922
0 0.5959792477302205 0.557935735150925 0.11802853437094682 0.01557935735150925
2 0.8618677042801557 0.5589094449853943 0.027237354085603113 0.013631937682570594
0 0.17963683527885863 0.5676728334956183 0.09987029831387809 0.017526777020447908
2 0.45395590142671854 0.5676728334956183 0.028534370946822308 0.01557935735150925
0 0.5933852140077821 0.5817916260954236 0.11284046692607004 0.018500486854917234
2 0.8618677042801557 0.5817916260954236 0.027237354085603113 0.014605647517039922
0 0.16601815823605706 0.5847127555988315 0.07263294422827497 0.016553067185978577
2 0.45395590142671854 0.5871470301850049 0.028534370946822308 0.01557935735150925
0 0.5836575875486382 0.6037000973709834 0.0933852140077821 0.017526777020447908
0 0.17444876783398183 0.6041869522882181 0.08949416342412451 0.016553067185978577
2 0.8618677042801557 0.6037000973709834 0.027237354085603113 0.01557935735150925
2 0.45395590142671854 0.6051606621226875 0.028534370946822308 0.014605647517039922
0 0.19974059662775617 0.6226874391431353 0.14007782101167315 0.016553067185978577
2 0.45395590142671854 0.624634858812074 0.028534370946822308 0.014605647517039922
0 0.5979247730220493 0.6265822784810127 0.1219195849546044 0.018500486854917234
2 0.8618677042801557 0.6270691333982473 0.027237354085603113 0.01557935735150925
0 0.20687418936446172 0.6411879259980526 0.1543450064850843 0.016553067185978577
2 0.45071335927367057 0.6426484907497566 0.03501945525291829 0.01557935735150925
0 0.6024643320363164 0.6489776046738072 0.1309987029831388 0.02044790652385589
2 0.8618677042801557 0.6484907497565725 0.027237354085603113 0.013631937682570594
0 0.5972762645914397 0.6713729308666018 0.12062256809338522 0.02044790652385589
2 0.8618677042801557 0.6723466407010711 0.027237354085603113 0.014605647517039922
0 0.5901426718547341 0.6937682570593963 0.10894941634241245 0.018500486854917234
2 0.8618677042801557 0.6942551119766309 0.027237354085603113 0.013631937682570594
0 0.5985732814526589 0.7166504381694255 0.12321660181582361 0.019474196689386564
2 0.8618677042801557 0.7176241480038948 0.027237354085603113 0.013631937682570594
0 0.19909208819714655 0.7268743914313535 0.13878080415045396 0.018500486854917234
2 0.45460440985732814 0.7268743914313535 0.029831387808041506 0.014605647517039922
0 0.6018158236057068 0.7380720545277507 0.1297016861219196 0.017526777020447908
2 0.8625162127107653 0.7400194741966893 0.028534370946822308 0.013631937682570594
0 0.17185473411154345 0.7434274586173321 0.08430609597924774 0.016553067185978577
2 0.45460440985732814 0.7439143135345667 0.029831387808041506 0.013631937682570594
0 0.5713359273670557 0.762414800389484 0.06614785992217899 0.019474196689386564
0 0.17250324254215305 0.7619279454722493 0.08819714656290532 0.016553067185978577
2 0.45460440985732814 0.7614410905550146 0.029831387808041506 0.01557935735150925
2 0.8612191958495461 0.762414800389484 0.0311284046692607 0.01557935735150925
0 0.15369649805447472 0.7784810126582279 0.04798962386511025 0.018500486854917234
2 0.45460440985732814 0.7789678675754625 0.029831387808041506 0.013631937682570594
0 0.1556420233463035 0.7964946445959105 0.05188067444876784 0.017526777020447908
2 0.45460440985732814 0.7955209347614411 0.029831387808041506 0.01557935735150925
0 0.18417639429312582 0.8135345666991236 0.10894941634241245 0.014605647517039922
2 0.45460440985732814 0.8135345666991236 0.029831387808041506 0.014605647517039922
0 0.1608300907911803 0.8305744888023369 0.0622568093385214 0.01557935735150925
2 0.45460440985732814 0.8300876338851022 0.0324254215304799 0.016553067185978577
0 0.5966277561608301 0.8461538461538461 0.11932555123216602 0.017526777020447908
0 0.1504539559014267 0.8471275559883155 0.04409857328145266 0.017526777020447908
2 0.8612191958495461 0.8461538461538461 0.0311284046692607 0.01557935735150925
2 0.45460440985732814 0.8471275559883155 0.029831387808041506 0.01557935735150925
0 0.1549935149156939 0.865141187925998 0.05058365758754864 0.016553067185978577
2 0.45460440985732814 0.8646543330087634 0.029831387808041506 0.013631937682570594
0 0.6037613488975356 0.8685491723466408 0.13359273670557717 0.019474196689386564
2 0.8625162127107653 0.8685491723466408 0.028534370946822308 0.013631937682570594
0 0.17315175097276264 0.8816942551119766 0.08690012970168612 0.016553067185978577
2 0.45460440985732814 0.8816942551119766 0.029831387808041506 0.014605647517039922
0 0.5979247730220493 0.8924050632911392 0.1245136186770428 0.02044790652385589
2 0.8612191958495461 0.8919182083739046 0.0311284046692607 0.01557935735150925
0 0.19390402075226978 0.9001947419668939 0.12840466926070038 0.018500486854917234
2 0.45525291828793774 0.9001947419668939 0.0311284046692607 0.016553067185978577
0 0.6309987029831388 0.7629016553067186 0.055771725032425425 0.018500486854917234
0 0.6958495460440985 0.7619279454722493 0.07392996108949416 0.018500486854917234
1 0.29896238651102464 0.22687439143135346 0.3411154345006485 0.019474196689386564
1 0.29896238651102464 0.2453748782862707 0.3411154345006485 0.019474196689386564
1 0.29766536964980544 0.26484907497565724 0.3411154345006485 0.019474196689386564
1 0.29766536964980544 0.28529698149951316 0.3411154345006485 0.019474196689386564
1 0.29896238651102464 0.35978578383641674 0.33852140077821014 0.016553067185978577
1 0.29636835278858625 0.3213242453748783 0.3411154345006485 0.019474196689386564
1 0.29896238651102464 0.4537487828627069 0.3411154345006485 0.019474196689386564
1 0.29766536964980544 0.39824732229795523 0.33852140077821014 0.01557935735150925
1 0.29766536964980544 0.34079844206426485 0.3411154345006485 0.019474196689386564
1 0.29831387808041504 0.3807205452775073 0.33722438391699094 0.017526777020447908
1 0.29766536964980544 0.4157740993184031 0.3411154345006485 0.019474196689386564
1 0.29766536964980544 0.4352482960077897 0.3411154345006485 0.019474196689386564
1 0.3002594033722438 0.47517039922103216 0.3411154345006485 0.019474196689386564
1 0.3002594033722438 0.4907497565725414 0.3411154345006485 0.019474196689386564
1 0.3002594033722438 0.5102239532619279 0.3411154345006485 0.019474196689386564
1 0.29636835278858625 0.5296981499513145 0.3411154345006485 0.019474196689386564
1 0.29896238651102464 0.5501460564751705 0.3411154345006485 0.019474196689386564
1 0.29636835278858625 0.5657254138266796 0.3411154345006485 0.019474196689386564
1 0.29766536964980544 0.5861733203505355 0.3411154345006485 0.019474196689386564
1 0.29766536964980544 0.6046738072054528 0.3411154345006485 0.019474196689386564
1 0.29896238651102464 0.626095423563778 0.3411154345006485 0.019474196689386564
1 0.29896238651102464 0.6426484907497566 0.3411154345006485 0.019474196689386564
1 0.7062256809338522 0.24148003894839337 0.3437094682230869 0.019474196689386564
1 0.7062256809338522 0.35540408958130476 0.3437094682230869 0.019474196689386564
1 0.7075226977950714 0.3320350535540409 0.3437094682230869 0.019474196689386564
1 0.7062256809338522 0.308666017526777 0.3437094682230869 0.019474196689386564
1 0.7036316472114138 0.2872444011684518 0.3437094682230869 0.019474196689386564
1 0.7075226977950714 0.2667964946445959 0.3437094682230869 0.019474196689386564
1 0.7075226977950714 0.37877312560856863 0.3437094682230869 0.019474196689386564
1 0.7062256809338522 0.5365141187925998 0.3437094682230869 0.019474196689386564
1 0.7075226977950714 0.5121713729308666 0.3437094682230869 0.019474196689386564
1 0.7062256809338522 0.49269717624148 0.3437094682230869 0.019474196689386564
1 0.7075226977950714 0.46932814021421615 0.3437094682230869 0.019474196689386564
1 0.7023346303501945 0.4459591041869523 0.3437094682230869 0.019474196689386564
1 0.704928664072633 0.42356377799415773 0.3437094682230869 0.019474196689386564
1 0.7075226977950714 0.40019474196689386 0.3437094682230869 0.019474196689386564
1 0.7062256809338522 0.626095423563778 0.3437094682230869 0.019474196689386564
1 0.7075226977950714 0.6037000973709834 0.3437094682230869 0.019474196689386564
1 0.7088197146562906 0.5813047711781889 0.3437094682230869 0.019474196689386564
1 0.7075226977950714 0.5589094449853943 0.3437094682230869 0.019474196689386564
1 0.7062256809338522 0.7643622200584226 0.3437094682230869 0.019474196689386564
1 0.704928664072633 0.7409931840311588 0.3437094682230869 0.019474196689386564
1 0.7075226977950714 0.7176241480038948 0.3437094682230869 0.019474196689386564
1 0.704928664072633 0.6942551119766309 0.3437094682230869 0.019474196689386564
1 0.7062256809338522 0.6728334956183057 0.3437094682230869 0.019474196689386564
1 0.7075226977950714 0.6494644595910418 0.3437094682230869 0.019474196689386564
1 0.29831387808041504 0.7263875365141188 0.3424124513618677 0.017526777020447908
1 0.29961089494163423 0.8140214216163584 0.3424124513618677 0.017526777020447908
1 0.29571984435797666 0.7770204479065238 0.3424124513618677 0.017526777020447908
1 0.29701686121919585 0.7614410905550146 0.3424124513618677 0.017526777020447908
1 0.29701686121919585 0.744888023369036 0.3424124513618677 0.017526777020447908
1 0.29831387808041504 0.7974683544303798 0.3424124513618677 0.017526777020447908
1 0.3009079118028534 0.8305744888023369 0.3424124513618677 0.017526777020447908
1 0.29831387808041504 0.8481012658227848 0.3424124513618677 0.017526777020447908
1 0.29961089494163423 0.8656280428432327 0.3424124513618677 0.017526777020447908
1 0.29831387808041504 0.881207400194742 0.3424124513618677 0.017526777020447908
1 0.29701686121919585 0.9016553067185978 0.3424124513618677 0.017526777020447908
1 0.7075226977950714 0.8451801363193768 0.3437094682230869 0.019474196689386564
1 0.704928664072633 0.8695228821811101 0.3437094682230869 0.019474196689386564
1 0.7062256809338522 0.8938656280428432 0.3437094682230869 0.019474196689386564
