0 0.292693661971831 0.40008802816901406 0.08890845070422536 0.020246478873239437
0 0.47315140845070425 0.39744718309859156 0.06426056338028169 0.023767605633802816
0 0.10475352112676056 0.42473591549295775 0.07570422535211267 0.022007042253521125
0 0.28169014084507044 0.4238556338028169 0.09683098591549295 0.025528169014084508
0 0.4612676056338028 0.4242957746478873 0.08098591549295775 0.02464788732394366
2 0.35651408450704225 0.429137323943662 0.028169014084507043 0.016725352112676055
2 0.5440140845070423 0.4269366197183099 0.028169014084507043 0.017605633802816902
0 0.6443661971830986 0.4335387323943662 0.0897887323943662 0.025528169014084508
2 0.7306338028169014 0.4295774647887324 0.02992957746478873 0.017605633802816902
0 0.10651408450704225 0.45202464788732394 0.08274647887323944 0.025528169014084508
0 0.8380281690140845 0.4278169014084507 0.12147887323943662 0.02464788732394366
0 0.2640845070422535 0.45026408450704225 0.06514084507042253 0.020246478873239437
0 0.43705985915492956 0.4471830985915493 0.03609154929577465 0.02112676056338028
2 0.3543133802816901 0.45422535211267606 0.029049295774647887 0.017605633802816902
2 0.5435739436619719 0.4515845070422535 0.029049295774647887 0.017605633802816902
0 0.6470070422535211 0.4586267605633803 0.09683098591549295 0.022887323943661973
2 0.7288732394366197 0.4529049295774648 0.028169014084507043 0.016725352112676055
0 0.07922535211267606 0.4753521126760563 0.035211267605633804 0.01936619718309859
0 0.8191021126760564 0.4537852112676056 0.06954225352112677 0.022007042253521125
2 0.9304577464788732 0.45422535211267606 0.02112676056338028 0.017605633802816902
0 0.26848591549295775 0.4784330985915493 0.07394366197183098 0.022007042253521125
0 0.4352992957746479 0.47139084507042256 0.03433098591549296 0.020246478873239437
2 0.3534330985915493 0.4793133802816901 0.030809859154929578 0.020246478873239437
2 0.5422535211267606 0.4762323943661972 0.02992957746478873 0.017605633802816902
0 0.6474471830985915 0.4828345070422535 0.10123239436619719 0.023767605633802816
2 0.7306338028169014 0.47755281690140844 0.028169014084507043 0.018485915492957746
0 0.07570422535211267 0.5 0.03169014084507042 0.017605633802816902
0 0.8287852112676056 0.47975352112676056 0.09242957746478873 0.022887323943661973
2 0.9313380281690141 0.4810739436619718 0.01936619718309859 0.022007042253521125
0 0.448943661971831 0.4964788732394366 0.061619718309859156 0.01936619718309859
2 0.5409330985915493 0.5008802816901409 0.029049295774647887 0.017605633802816902
0 0.27420774647887325 0.5079225352112676 0.06073943661971831 0.02464788732394366
0 0.6276408450704225 0.5066021126760564 0.058098591549295774 0.020246478873239437
0 0.08758802816901408 0.5220070422535211 0.06426056338028169 0.022887323943661973
0 0.8261443661971831 0.5044014084507042 0.08362676056338028 0.02464788732394366
2 0.9300176056338029 0.5070422535211268 0.030809859154929578 0.01936619718309859
0 0.43221830985915494 0.5215669014084507 0.035211267605633804 0.020246478873239437
2 0.5404929577464789 0.5255281690140845 0.02992957746478873 0.017605633802816902
0 0.2737676056338028 0.5352112676056338 0.03345070422535211 0.01936619718309859
0 0.6272007042253521 0.5321302816901409 0.06073943661971831 0.022007042253521125
2 0.34463028169014087 0.5382922535211268 0.027288732394366196 0.016725352112676055
0 0.0721830985915493 0.547975352112676 0.03345070422535211 0.018485915492957746
2 0.7337147887323944 0.503080985915493 0.020246478873239437 0.014964788732394365
0 0.8252640845070423 0.5294894366197183 0.0801056338028169 0.023767605633802816
2 0.9317781690140845 0.5334507042253521 0.030809859154929578 0.01936619718309859
0 0.43045774647887325 0.5466549295774648 0.03345070422535211 0.017605633802816902
2 0.5404929577464789 0.5492957746478874 0.028169014084507043 0.017605633802816902
0 0.2790492957746479 0.5616197183098591 0.05457746478873239 0.01936619718309859
0 0.6509683098591549 0.5580985915492958 0.11003521126760564 0.02464788732394366
2 0.34683098591549294 0.5642605633802817 0.028169014084507043 0.01936619718309859
0 0.06602112676056338 0.5743838028169014 0.03345070422535211 0.018485915492957746
2 0.735475352112676 0.5558978873239436 0.025528169014084508 0.016725352112676055
0 0.8169014084507042 0.5550176056338029 0.05985915492957746 0.023767605633802816
0 0.43882042253521125 0.5730633802816901 0.05545774647887324 0.02112676056338028
2 0.934419014084507 0.5589788732394366 0.030809859154929578 0.01936619718309859
2 0.5418133802816901 0.5757042253521126 0.029049295774647887 0.01936619718309859
0 0.6223591549295775 0.5805457746478874 0.04225352112676056 0.022007042253521125
0 0.2706866197183099 0.5911091549295775 0.037852112676056336 0.020246478873239437
2 0.34419014084507044 0.5893485915492958 0.02992957746478873 0.018485915492957746
0 0.07482394366197183 0.6007922535211268 0.0528169014084507 0.020246478873239437
2 0.7337147887323944 0.5809859154929577 0.030809859154929578 0.017605633802816902
0 0.8459507042253521 0.5836267605633803 0.11795774647887323 0.022887323943661973
0 0.42869718309859156 0.5981514084507042 0.03697183098591549 0.018485915492957746
2 0.9361795774647887 0.5871478873239436 0.022007042253521125 0.01936619718309859
2 0.5369718309859155 0.6029929577464789 0.02992957746478873 0.01936619718309859
0 0.6443661971830986 0.6078345070422535 0.10915492957746478 0.030809859154929578
0 0.061179577464788734 0.6258802816901409 0.037852112676056336 0.01936619718309859
2 0.7337147887323944 0.608274647887324 0.020246478873239437 0.017605633802816902
0 0.8138204225352113 0.6100352112676056 0.05193661971830986 0.022887323943661973
0 0.46170774647887325 0.6263204225352113 0.10827464788732394 0.025528169014084508
2 0.9352992957746479 0.6117957746478874 0.030809859154929578 0.017605633802816902
2 0.5431338028169014 0.6276408450704225 0.02640845070422535 0.01584507042253521
0 0.6452464788732394 0.6373239436619719 0.09859154929577464 0.028169014084507043
0 0.08098591549295775 0.6540492957746479 0.07922535211267606 0.02464788732394366
0 0.2601232394366197 0.6505281690140845 0.07130281690140845 0.02464788732394366
2 0.735475352112676 0.6338028169014085 0.022007042253521125 0.017605633802816902
0 0.8494718309859155 0.6434859154929577 0.125 0.02992957746478873
2 0.3362676056338028 0.6514084507042254 0.028169014084507043 0.017605633802816902
0 0.4471830985915493 0.6518485915492958 0.08274647887323944 0.023767605633802816
2 0.9419014084507042 0.6399647887323944 0.01936619718309859 0.02112676056338028
2 0.5400528169014085 0.6540492957746479 0.022007042253521125 0.02112676056338028
0 0.6241197183098591 0.6619718309859155 0.061619718309859156 0.02464788732394366
2 0.733274647887324 0.6628521126760564 0.02992957746478873 0.01936619718309859
0 0.26936619718309857 0.6993838028169014 0.0880281690140845 0.05721830985915493
0 0.46346830985915494 0.6795774647887324 0.11883802816901408 0.02640845070422535
2 0.3362676056338028 0.6861795774647887 0.02992957746478873 0.020246478873239437
0 0.8485915492957746 0.6769366197183099 0.1073943661971831 0.03345070422535211
0 0.08450704225352113 0.707306338028169 0.07570422535211267 0.023767605633802816
2 0.1756161971830986 0.4269366197183099 0.029049295774647887 0.01584507042253521
2 0.17121478873239437 0.45202464788732394 0.027288732394366196 0.020246478873239437
2 0.3248239436619718 0.5101232394366197 0.028169014084507043 0.023767605633802816
2 0.17209507042253522 0.4762323943661972 0.032570422535211266 0.017605633802816902
2 0.167693661971831 0.49955985915492956 0.03609154929577465 0.016725352112676055
2 0.16725352112676056 0.5264084507042254 0.02992957746478873 0.01584507042253521
2 0.16329225352112675 0.5532570422535211 0.027288732394366196 0.020246478873239437
2 0.15977112676056338 0.5779049295774648 0.032570422535211266 0.016725352112676055
2 0.15845070422535212 0.6025528169014085 0.035211267605633804 0.025528169014084508
2 0.1580105633802817 0.6285211267605634 0.037852112676056336 0.017605633802816902
2 0.15272887323943662 0.6540492957746479 0.03961267605633803 0.01936619718309859
2 0.14392605633802816 0.707306338028169 0.030809859154929578 0.023767605633802816
2 0.36047535211267606 0.40184859154929575 0.04137323943661972 0.020246478873239437
2 0.528169014084507 0.3987676056338028 0.03169014084507042 0.01936619718309859
2 0.5422535211267606 0.6808978873239436 0.02464788732394366 0.022007042253521125
2 0.7328345070422535 0.5286091549295775 0.018485915492957746 0.014964788732394365
2 0.926056338028169 0.42869718309859156 0.02640845070422535 0.017605633802816902
2 0.9238556338028169 0.6773767605633803 0.03609154929577465 0.020246478873239437
2 0.9300176056338029 0.5316901408450704 0.030809859154929578 0.01936619718309859
1 0.12544014084507044 0.42473591549295775 0.12059859154929578 0.027288732394366196
1 0.12544014084507044 0.4507042253521127 0.1153169014084507 0.02640845070422535
1 0.12279929577464789 0.47579225352112675 0.12235915492957747 0.020246478873239437
1 0.1210387323943662 0.5 0.11883802816901408 0.02464788732394366
1 0.1192781690140845 0.5255281690140845 0.12588028169014084 0.028169014084507043
1 0.11487676056338028 0.5497359154929577 0.12411971830985916 0.023767605633802816
1 0.11267605633802817 0.5765845070422535 0.125 0.028169014084507043
1 0.11047535211267606 0.6012323943661971 0.12764084507042253 0.02640845070422535
1 0.10827464788732394 0.628080985915493 0.13204225352112675 0.023767605633802816
1 0.10475352112676056 0.6536091549295775 0.12852112676056338 0.025528169014084508
1 0.10167253521126761 0.7068661971830986 0.1153169014084507 0.03169014084507042
1 0.3102992957746479 0.40096830985915494 0.12588028169014084 0.022007042253521125
1 0.29973591549295775 0.426056338028169 0.13468309859154928 0.022887323943661973
1 0.30149647887323944 0.42561619718309857 0.1382042253521127 0.023767605633802816
1 0.3023767605633803 0.4529049295774648 0.13996478873239437 0.025528169014084508
1 0.2992957746478873 0.4766725352112676 0.13380281690140844 0.029049295774647887
1 0.29401408450704225 0.5101232394366197 0.10211267605633803 0.025528169014084508
1 0.30721830985915494 0.5347711267605634 0.11091549295774648 0.023767605633802816
1 0.3045774647887324 0.5620598591549296 0.10915492957746478 0.029049295774647887
1 0.3050176056338028 0.5893485915492958 0.10299295774647887 0.025528169014084508
1 0.2878521126760563 0.653169014084507 0.12852112676056338 0.02992957746478873
1 0.28565140845070425 0.6998239436619719 0.12411971830985916 0.05985915492957746
1 0.49295774647887325 0.3961267605633803 0.10211267605633803 0.02112676056338028
1 0.4876760563380282 0.4216549295774648 0.13556338028169015 0.022887323943661973
1 0.48723591549295775 0.4449823943661972 0.136443661971831 0.025528169014084508
1 0.4863556338028169 0.47183098591549294 0.136443661971831 0.02640845070422535
1 0.4863556338028169 0.49735915492957744 0.1382042253521127 0.02112676056338028
1 0.4823943661971831 0.5224471830985915 0.14612676056338028 0.023767605633802816
1 0.4859154929577465 0.5462147887323944 0.13908450704225353 0.023767605633802816
1 0.4841549295774648 0.5726232394366197 0.1443661971830986 0.023767605633802816
1 0.4823943661971831 0.5999119718309859 0.1426056338028169 0.025528169014084508
1 0.48151408450704225 0.6245598591549296 0.15140845070422534 0.025528169014084508
1 0.4823943661971831 0.6258802816901409 0.14788732394366197 0.02464788732394366
1 0.4823943661971831 0.6522887323943662 0.15140845070422534 0.028169014084507043
1 0.4819542253521127 0.6800176056338029 0.1505281690140845 0.030809859154929578
1 0.6690140845070423 0.4300176056338028 0.1426056338028169 0.020246478873239437
1 0.670774647887324 0.45202464788732394 0.14612676056338028 0.022007042253521125
1 0.6690140845070423 0.4779929577464789 0.1426056338028169 0.01936619718309859
1 0.6725352112676056 0.5039612676056338 0.1426056338028169 0.020246478873239437
1 0.6698943661971831 0.5272887323943662 0.15140845070422534 0.02640845070422535
1 0.6685739436619719 0.554137323943662 0.1487676056338028 0.027288732394366196
1 0.6716549295774648 0.5809859154929577 0.15492957746478872 0.02464788732394366
1 0.6698943661971831 0.6073943661971831 0.14788732394366197 0.022887323943661973
1 0.670774647887324 0.633362676056338 0.15140845070422534 0.022007042253521125
1 0.6690140845070423 0.6571302816901409 0.15316901408450703 0.027288732394366196
1 0.8591549295774648 0.429137323943662 0.1637323943661972 0.023767605633802816
1 0.8639964788732394 0.4529049295774648 0.15757042253521128 0.023767605633802816
1 0.8631161971830986 0.4788732394366197 0.15933098591549297 0.022887323943661973
1 0.8644366197183099 0.5039612676056338 0.1619718309859155 0.027288732394366196
1 0.8626760563380281 0.5308098591549296 0.16725352112676056 0.028169014084507043
1 0.8661971830985915 0.5550176056338029 0.1602112676056338 0.023767605633802816
1 0.8688380281690141 0.5845070422535211 0.1637323943661972 0.02992957746478873
1 0.866637323943662 0.6091549295774648 0.16637323943661972 0.028169014084507043
1 0.871919014084507 0.6786971830985915 0.15580985915492956 0.03345070422535211
