0 0.1358695652173913 0.21819787985865724 0.10024154589371981 0.030035335689045935
0 0.5881642512077294 0.21908127208480566 0.16666666666666666 0.028268551236749116
2 0.43417874396135264 0.21996466431095407 0.035024154589371984 0.026501766784452298
2 0.8967391304347826 0.21908127208480566 0.03260869565217391 0.028268551236749116
0 0.5603864734299517 0.254416961130742 0.10869565217391304 0.028268551236749116
2 0.8967391304347826 0.25353356890459366 0.035024154589371984 0.026501766784452298
0 0.13526570048309178 0.2879858657243816 0.09903381642512077 0.028268551236749116
0 0.5646135265700483 0.2871024734982332 0.11714975845410629 0.026501766784452298
2 0.43417874396135264 0.2879858657243816 0.035024154589371984 0.024734982332155476
2 0.8961352657004831 0.2879858657243816 0.033816425120772944 0.024734982332155476
0 0.5628019323671497 0.32420494699646646 0.11352657004830918 0.030035335689045935
2 0.8961352657004831 0.32332155477031804 0.033816425120772944 0.024734982332155476
0 0.16243961352657005 0.3551236749116608 0.15096618357487923 0.028268551236749116
0 0.5628019323671497 0.35600706713780916 0.11594202898550725 0.030035335689045935
2 0.43417874396135264 0.3568904593639576 0.035024154589371984 0.024734982332155476
2 0.8955314009661836 0.35600706713780916 0.03743961352657005 0.030035335689045935
0 0.1388888888888889 0.39045936395759717 0.10386473429951691 0.028268551236749116
0 0.5845410628019324 0.3931095406360424 0.1570048309178744 0.03356890459363958
2 0.4335748792270531 0.392226148409894 0.033816425120772944 0.024734982332155476
0 0.8961352657004831 0.392226148409894 0.033816425120772944 0.024734982332155476
0 0.14009661835748793 0.42402826855123676 0.10869565217391304 0.028268551236749116
2 0.4335748792270531 0.4249116607773852 0.033816425120772944 0.026501766784452298
0 0.5483091787439613 0.42402826855123676 0.08695652173913043 0.028268551236749116
2 0.8961352657004831 0.4249116607773852 0.033816425120772944 0.026501766784452298
0 0.16183574879227053 0.46113074204946997 0.1497584541062802 0.03180212014134275
2 0.4335748792270531 0.46024734982332155 0.033816425120772944 0.026501766784452298
0 0.5380434782608695 0.46113074204946997 0.06642512077294686 0.028268551236749116
2 0.894927536231884 0.4637809187279152 0.03140096618357488 0.022968197879858657
0 0.15942028985507245 0.49381625441696114 0.14492753623188406 0.037102473498233215
0 0.5362318840579711 0.49469964664310956 0.06038647342995169 0.028268551236749116
2 0.4335748792270531 0.495583038869258 0.033816425120772944 0.026501766784452298
2 0.8961352657004831 0.495583038869258 0.033816425120772944 0.026501766784452298
0 0.14855072463768115 0.5300353356890459 0.12318840579710146 0.028268551236749116
0 0.5966183574879227 0.5318021201413428 0.18115942028985507 0.03180212014134275
2 0.4335748792270531 0.5309187279151943 0.033816425120772944 0.026501766784452298
2 0.8955314009661836 0.5309187279151943 0.035024154589371984 0.026501766784452298
0 0.18115942028985507 0.5644876325088339 0.18840579710144928 0.030035335689045935
2 0.392512077294686 0.5627208480565371 0.11594202898550725 0.026501766784452298
0 0.6092995169082126 0.5653710247349824 0.2041062801932367 0.0353356890459364
2 0.9009661835748792 0.5636042402826855 0.024154589371980676 0.024734982332155476
0 0.6165458937198067 0.5962897526501767 0.2210144927536232 0.030035335689045935
0 0.1606280193236715 0.598939929328622 0.1473429951690821 0.024734982332155476
2 0.4353864734299517 0.598939929328622 0.03260869565217391 0.024734982332155476
2 0.8961352657004831 0.598939929328622 0.033816425120772944 0.024734982332155476
0 0.15760869565217392 0.6316254416961131 0.14130434782608695 0.026501766784452298
0 0.6509661835748792 0.6378091872791519 0.2922705314009662 0.038869257950530034
2 0.4335748792270531 0.6342756183745583 0.033816425120772944 0.024734982332155476
2 0.8961352657004831 0.6342756183745583 0.033816425120772944 0.024734982332155476
0 0.16243961352657005 0.6678445229681979 0.15096618357487923 0.03180212014134275
2 0.4335748792270531 0.6678445229681979 0.033816425120772944 0.024734982332155476
2 0.8961352657004831 0.6678445229681979 0.033816425120772944 0.024734982332155476
0 0.14915458937198067 0.7040636042402827 0.12681159420289856 0.026501766784452298
2 0.4335748792270531 0.7031802120141343 0.033816425120772944 0.024734982332155476
0 0.161231884057971 0.7358657243816255 0.15096618357487923 0.030035335689045935
2 0.43417874396135264 0.7385159010600707 0.035024154589371984 0.024734982332155476
0 0.14251207729468598 0.7720848056537103 0.11352657004830918 0.028268551236749116
2 0.43417874396135264 0.7720848056537103 0.035024154589371984 0.028268551236749116
0 0.6256038647342995 0.7765017667844523 0.23671497584541062 0.037102473498233215
2 0.8961352657004831 0.7720848056537103 0.033816425120772944 0.028268551236749116
0 0.15640096618357488 0.8065371024734982 0.14130434782608695 0.026501766784452298
2 0.43417874396135264 0.8065371024734982 0.035024154589371984 0.026501766784452298
0 0.18417874396135267 0.842756183745583 0.19685990338164253 0.028268551236749116
2 0.43417874396135264 0.8418727915194346 0.035024154589371984 0.026501766784452298
1 0.26811594202898553 0.21731448763250882 0.3647342995169082 0.03180212014134275
1 0.26871980676328505 0.28886925795053003 0.36594202898550726 0.030035335689045935
1 0.2693236714975845 0.3586572438162544 0.3719806763285024 0.038869257950530034
1 0.267512077294686 0.3948763250883392 0.3635265700483092 0.03356890459363958
1 0.26811594202898553 0.4249116607773852 0.3647342995169082 0.030035335689045935
1 0.26871980676328505 0.4584805653710247 0.3635265700483092 0.037102473498233215
1 0.26992753623188404 0.4929328621908127 0.36594202898550726 0.0353356890459364
1 0.26811594202898553 0.5291519434628975 0.3647342995169082 0.03356890459363958
1 0.2723429951690821 0.5980565371024735 0.36594202898550726 0.037102473498233215
1 0.2711352657004831 0.5591872791519434 0.36594202898550726 0.037102473498233215
1 0.2693236714975845 0.6333922261484098 0.3647342995169082 0.030035335689045935
1 0.26871980676328505 0.6651943462897526 0.3635265700483092 0.037102473498233215
1 0.2693236714975845 0.7031802120141343 0.3671497584541063 0.028268551236749116
1 0.2669082125603865 0.7385159010600707 0.3647342995169082 0.0353356890459364
1 0.26992753623188404 0.7720848056537103 0.36594202898550726 0.03180212014134275
1 0.267512077294686 0.8074204946996466 0.36835748792270534 0.0353356890459364
1 0.267512077294686 0.8418727915194346 0.37318840579710144 0.030035335689045935
1 0.7071256038647343 0.21908127208480566 0.40942028985507245 0.03180212014134275
1 0.7089371980676329 0.2508833922261484 0.41545893719806765 0.0353356890459364
1 0.7107487922705314 0.29063604240282687 0.40942028985507245 0.04063604240282685
1 0.7089371980676329 0.32420494699646646 0.4106280193236715 0.037102473498233215
1 0.711352657004831 0.35954063604240283 0.4033816425120773 0.030035335689045935
1 0.7095410628019324 0.39045936395759717 0.4142512077294686 0.04240282685512368
1 0.7101449275362319 0.42579505300353354 0.4106280193236715 0.03180212014134275
1 0.7095410628019324 0.45936395759717313 0.41183574879227053 0.03180212014134275
1 0.7089371980676329 0.49469964664310956 0.4057971014492754 0.038869257950530034
1 0.7083333333333334 0.534452296819788 0.40458937198067635 0.03356890459363958
1 0.7107487922705314 0.5662544169611308 0.41183574879227053 0.026501766784452298
1 0.7095410628019324 0.5980565371024735 0.40700483091787437 0.03356890459363958
1 0.7107487922705314 0.6386925795053003 0.40700483091787437 0.037102473498233215
0 0.6509661835748792 0.6713780918727915 0.2898550724637681 0.03180212014134275
1 0.711352657004831 0.7067137809187279 0.41304347826086957 0.10600706713780919
1 0.7101449275362319 0.773851590106007 0.41304347826086957 0.038869257950530034
0 0.5314009661835749 0.7031802120141343 0.050724637681159424 0.0353356890459364
0 0.7904589371980676 0.7049469964664311 0.09541062801932366 0.0353356890459364
0 0.6781400966183575 0.7022968197879859 0.051932367149758456 0.03356890459363958
0 0.6044685990338164 0.7049469964664311 0.07367149758454106 0.028268551236749116
0 0.5579710144927537 0.7385159010600707 0.09178743961352658 0.03180212014134275
0 0.6527777777777778 0.7376325088339223 0.0785024154589372 0.030035335689045935
0 0.7198067632850241 0.7376325088339223 0.04830917874396135 0.026501766784452298
0 0.7240338164251208 0.7049469964664311 0.025362318840579712 0.0353356890459364
0 0.7958937198067633 0.8401060070671378 0.1111111111111111 0.03356890459363958
0 0.533816425120773 0.8418727915194346 0.04106280193236715 0.03356890459363958
0 0.5851449275362319 0.842756183745583 0.04468599033816425 0.0353356890459364
0 0.533816425120773 0.8763250883392226 0.04830917874396135 0.028268551236749116
0 0.697463768115942 0.8436395759717314 0.0640096618357488 0.030035335689045935
0 0.7107487922705314 0.8763250883392226 0.0785024154589372 0.028268551236749116
0 0.6111111111111112 0.8763250883392226 0.1111111111111111 0.028268551236749116
0 0.7971014492753623 0.8745583038869258 0.07971014492753623 0.028268551236749116
0 0.8635265700483091 0.8780918727915195 0.05555555555555555 0.028268551236749116
0 0.6407004830917874 0.8454063604240283 0.03743961352657005 0.030035335689045935
