0 0.7692708333333333 0.05625 0.030208333333333334 0.02361111111111111
0 0.09947916666666666 0.08680555555555555 0.09895833333333333 0.020833333333333332
2 0.22552083333333334 0.08680555555555555 0.023958333333333335 0.018055555555555554
2 0.2713541666666667 0.08680555555555555 0.023958333333333335 0.018055555555555554
0 0.09739583333333333 0.12916666666666668 0.09270833333333334 0.022222222222222223
2 0.22552083333333334 0.12708333333333333 0.023958333333333335 0.018055555555555554
2 0.271875 0.12708333333333333 0.025 0.018055555555555554
2 0.22552083333333334 0.16597222222222222 0.023958333333333335 0.020833333333333332
2 0.2713541666666667 0.16597222222222222 0.023958333333333335 0.018055555555555554
0 0.08333333333333333 0.16875 0.06041666666666667 0.018055555555555554
0 0.7583333333333333 0.20625 0.08333333333333333 0.020833333333333332
2 0.8796875 0.2048611111111111 0.023958333333333335 0.018055555555555554
2 0.9255208333333333 0.2048611111111111 0.023958333333333335 0.018055555555555554
0 0.08854166666666667 0.20833333333333334 0.07708333333333334 0.019444444444444445
2 0.22552083333333334 0.2076388888888889 0.023958333333333335 0.018055555555555554
2 0.2713541666666667 0.2076388888888889 0.023958333333333335 0.018055555555555554
2 0.8796875 0.24097222222222223 0.023958333333333335 0.018055555555555554
2 0.9255208333333333 0.24097222222222223 0.023958333333333335 0.018055555555555554
0 0.08385416666666666 0.24722222222222223 0.06770833333333333 0.019444444444444445
2 0.22552083333333334 0.24791666666666667 0.023958333333333335 0.018055555555555554
2 0.27239583333333334 0.24722222222222223 0.021875 0.016666666666666666
0 0.7489583333333333 0.24305555555555555 0.058333333333333334 0.019444444444444445
2 0.8791666666666667 0.27708333333333335 0.025 0.018055555555555554
2 0.9244791666666666 0.27708333333333335 0.021875 0.018055555555555554
0 0.75 0.2791666666666667 0.06041666666666667 0.016666666666666666
0 0.10208333333333333 0.28958333333333336 0.10416666666666667 0.020833333333333332
2 0.22552083333333334 0.28680555555555554 0.023958333333333335 0.018055555555555554
2 0.2713541666666667 0.28680555555555554 0.023958333333333335 0.018055555555555554
2 0.8791666666666667 0.31319444444444444 0.025 0.018055555555555554
2 0.925 0.3138888888888889 0.025 0.022222222222222223
0 0.746875 0.31666666666666665 0.058333333333333334 0.019444444444444445
0 0.090625 0.3263888888888889 0.07916666666666666 0.022222222222222223
2 0.22552083333333334 0.3263888888888889 0.023958333333333335 0.016666666666666666
2 0.2713541666666667 0.3263888888888889 0.023958333333333335 0.016666666666666666
2 0.6046875 0.3368055555555556 0.023958333333333335 0.018055555555555554
2 0.8791666666666667 0.34930555555555554 0.025 0.018055555555555554
2 0.9255208333333333 0.34930555555555554 0.023958333333333335 0.018055555555555554
0 0.415625 0.33958333333333335 0.06666666666666667 0.020833333333333332
0 0.0921875 0.36944444444444446 0.08229166666666667 0.019444444444444445
2 0.22552083333333334 0.36875 0.023958333333333335 0.018055555555555554
2 0.2713541666666667 0.36875 0.023958333333333335 0.018055555555555554
0 0.7682291666666666 0.3527777777777778 0.09479166666666666 0.016666666666666666
2 0.6041666666666666 0.37430555555555556 0.025 0.018055555555555554
2 0.8796875 0.3854166666666667 0.023958333333333335 0.018055555555555554
2 0.925 0.3854166666666667 0.025 0.018055555555555554
0 0.7739583333333333 0.38680555555555557 0.1125 0.018055555555555554
0 0.4119791666666667 0.37569444444444444 0.06145833333333333 0.018055555555555554
0 0.0984375 0.40902777777777777 0.096875 0.020833333333333332
2 0.22552083333333334 0.4076388888888889 0.023958333333333335 0.018055555555555554
2 0.2713541666666667 0.4076388888888889 0.023958333333333335 0.018055555555555554
0 0.42291666666666666 0.41180555555555554 0.08333333333333333 0.018055555555555554
2 0.6046875 0.40902777777777777 0.023958333333333335 0.018055555555555554
2 0.8791666666666667 0.4215277777777778 0.025 0.018055555555555554
2 0.9244791666666666 0.42083333333333334 0.021875 0.016666666666666666
0 0.7395833333333334 0.425 0.041666666666666664 0.019444444444444445
0 0.45729166666666665 0.44722222222222224 0.15208333333333332 0.019444444444444445
0 0.08333333333333333 0.4465277777777778 0.06666666666666667 0.018055555555555554
2 0.22552083333333334 0.4465277777777778 0.023958333333333335 0.018055555555555554
2 0.6046875 0.4465277777777778 0.023958333333333335 0.018055555555555554
2 0.2713541666666667 0.44722222222222224 0.023958333333333335 0.016666666666666666
0 0.46197916666666666 0.4826388888888889 0.16354166666666667 0.020833333333333332
2 0.6046875 0.48125 0.023958333333333335 0.018055555555555554
0 0.090625 0.48819444444444443 0.07916666666666666 0.020833333333333332
2 0.22552083333333334 0.48680555555555555 0.023958333333333335 0.018055555555555554
2 0.27239583333333334 0.4888888888888889 0.021875 0.013888888888888888
0 0.08177083333333333 0.5263888888888889 0.06354166666666666 0.016666666666666666
2 0.22552083333333334 0.5263888888888889 0.023958333333333335 0.016666666666666666
2 0.2713541666666667 0.5263888888888889 0.023958333333333335 0.016666666666666666
0 0.759375 0.5347222222222222 0.075 0.019444444444444445
2 0.8791666666666667 0.5354166666666667 0.025 0.018055555555555554
2 0.9255208333333333 0.5354166666666667 0.023958333333333335 0.018055555555555554
0 0.09583333333333334 0.5666666666666667 0.09166666666666666 0.022222222222222223
2 0.22552083333333334 0.5659722222222222 0.023958333333333335 0.018055555555555554
2 0.27291666666666664 0.5673611111111111 0.020833333333333332 0.015277777777777777
0 0.7848958333333333 0.5736111111111111 0.13020833333333334 0.019444444444444445
2 0.8796875 0.5708333333333333 0.023958333333333335 0.016666666666666666
2 0.9255208333333333 0.5708333333333333 0.023958333333333335 0.016666666666666666
0 0.40572916666666664 0.5909722222222222 0.051041666666666666 0.018055555555555554
2 0.5588541666666667 0.5881944444444445 0.023958333333333335 0.018055555555555554
2 0.6041666666666666 0.5881944444444445 0.025 0.018055555555555554
0 0.09791666666666667 0.6083333333333333 0.09375 0.016666666666666666
2 0.22552083333333334 0.60625 0.023958333333333335 0.018055555555555554
2 0.2713541666666667 0.60625 0.023958333333333335 0.018055555555555554
0 0.7755208333333333 0.6090277777777777 0.11145833333333334 0.020833333333333332
2 0.8791666666666667 0.60625 0.025 0.018055555555555554
2 0.9255208333333333 0.60625 0.023958333333333335 0.018055555555555554
0 0.4005208333333333 0.6270833333333333 0.03854166666666667 0.018055555555555554
2 0.5588541666666667 0.625 0.023958333333333335 0.016666666666666666
2 0.6057291666666667 0.6256944444444444 0.021875 0.015277777777777777
0 0.09270833333333334 0.6472222222222223 0.08541666666666667 0.016666666666666666
2 0.22552083333333334 0.6472222222222223 0.023958333333333335 0.016666666666666666
2 0.2713541666666667 0.6472222222222223 0.023958333333333335 0.016666666666666666
0 0.4088541666666667 0.6645833333333333 0.05520833333333333 0.018055555555555554
2 0.5588541666666667 0.6604166666666667 0.023958333333333335 0.018055555555555554
2 0.6041666666666666 0.6604166666666667 0.025 0.018055555555555554
0 0.0890625 0.6881944444444444 0.07604166666666666 0.020833333333333332
2 0.22552083333333334 0.6868055555555556 0.023958333333333335 0.018055555555555554
0 0.271875 0.6868055555555556 0.025 0.018055555555555554
0 0.7744791666666667 0.70625 0.109375 0.018055555555555554
2 0.8791666666666667 0.7048611111111112 0.025 0.018055555555555554
2 0.9255208333333333 0.7048611111111112 0.023958333333333335 0.018055555555555554
0 0.09583333333333334 0.7277777777777777 0.08958333333333333 0.019444444444444445
2 0.22552083333333334 0.7270833333333333 0.023958333333333335 0.018055555555555554
2 0.271875 0.7270833333333333 0.025 0.018055555555555554
0 0.771875 0.7430555555555556 0.1 0.016666666666666666
2 0.8796875 0.7409722222222223 0.023958333333333335 0.018055555555555554
2 0.9255208333333333 0.7409722222222223 0.023958333333333335 0.018055555555555554
2 0.35 0.7625 0.016666666666666666 0.013888888888888888
2 0.5015625 0.7625 0.013541666666666667 0.013888888888888888
2 0.553125 0.7625 0.014583333333333334 0.013888888888888888
2 0.6036458333333333 0.7625 0.013541666666666667 0.013888888888888888
0 0.7645833333333333 0.7784722222222222 0.08958333333333333 0.020833333333333332
2 0.8791666666666667 0.7770833333333333 0.025 0.018055555555555554
2 0.9244791666666666 0.7770833333333333 0.021875 0.018055555555555554
0 0.7786458333333334 0.8152777777777778 0.11770833333333333 0.022222222222222223
2 0.8791666666666667 0.8131944444444444 0.025 0.018055555555555554
2 0.925 0.8131944444444444 0.025 0.018055555555555554
0 0.3489583333333333 0.8354166666666667 0.04791666666666667 0.034722222222222224
0 0.084375 0.84375 0.06875 0.018055555555555554
2 0.2265625 0.84375 0.021875 0.018055555555555554
0 0.7630208333333334 0.85 0.08645833333333333 0.019444444444444445
2 0.8796875 0.8493055555555555 0.023958333333333335 0.018055555555555554
2 0.9255208333333333 0.8493055555555555 0.023958333333333335 0.018055555555555554
0 0.0875 0.88125 0.06875 0.018055555555555554
2 0.22552083333333334 0.8798611111111111 0.023958333333333335 0.018055555555555554
0 0.765625 0.8881944444444444 0.09166666666666666 0.018055555555555554
2 0.8760416666666667 0.8854166666666666 0.016666666666666666 0.018055555555555554
2 0.925 0.8861111111111111 0.025 0.019444444444444445
1 0.16822916666666668 0.09305555555555556 0.23645833333333333 0.03333333333333333
1 0.16666666666666666 0.1361111111111111 0.23333333333333334 0.03333333333333333
1 0.16770833333333332 0.175 0.23125 0.03611111111111111
1 0.16666666666666666 0.21597222222222223 0.23333333333333334 0.034722222222222224
1 0.16666666666666666 0.2534722222222222 0.23333333333333334 0.0375
1 0.16770833333333332 0.2951388888888889 0.23333333333333334 0.03194444444444444
1 0.16666666666666666 0.3333333333333333 0.23541666666666666 0.03888888888888889
1 0.1671875 0.3770833333333333 0.23229166666666667 0.03194444444444444
1 0.1671875 0.4152777777777778 0.234375 0.030555555555555555
1 0.16666666666666666 0.45416666666666666 0.23333333333333334 0.03333333333333333
1 0.16614583333333333 0.49444444444444446 0.23229166666666667 0.03333333333333333
1 0.16666666666666666 0.5340277777777778 0.23333333333333334 0.034722222222222224
1 0.16458333333333333 0.6152777777777778 0.23333333333333334 0.03333333333333333
1 0.16822916666666668 0.6534722222222222 0.23645833333333333 0.034722222222222224
1 0.16979166666666667 0.6944444444444444 0.23333333333333334 0.03333333333333333
1 0.16875 0.7361111111111112 0.23333333333333334 0.03333333333333333
1 0.14479166666666668 0.85 0.1875 0.03611111111111111
1 0.49947916666666664 0.34444444444444444 0.23854166666666668 0.03611111111111111
1 0.5 0.38333333333333336 0.2375 0.030555555555555555
1 0.4984375 0.41597222222222224 0.234375 0.03194444444444444
1 0.5005208333333333 0.45416666666666666 0.23854166666666668 0.03611111111111111
1 0.49895833333333334 0.4909722222222222 0.2375 0.03194444444444444
2 0.4015625 0.7618055555555555 0.015625 0.015277777777777777
2 0.6541666666666667 0.7631944444444444 0.020833333333333332 0.018055555555555554
2 0.45260416666666664 0.7631944444444444 0.015625 0.015277777777777777
1 0.4979166666666667 0.6 0.23958333333333334 0.03611111111111111
1 0.49635416666666665 0.6347222222222222 0.240625 0.03611111111111111
1 0.4984375 0.6729166666666667 0.23854166666666668 0.034722222222222224
0 0.4010416666666667 0.8368055555555556 0.04791666666666667 0.034722222222222224
0 0.45208333333333334 0.8368055555555556 0.04791666666666667 0.034722222222222224
0 0.503125 0.8354166666666667 0.03958333333333333 0.034722222222222224
0 0.5536458333333333 0.8368055555555556 0.046875 0.034722222222222224
0 0.6041666666666666 0.8354166666666667 0.027083333333333334 0.03194444444444444
0 0.6536458333333334 0.8368055555555556 0.030208333333333334 0.034722222222222224
1 0.653125 0.8027777777777778 0.03125 0.1
1 0.6036458333333333 0.8020833333333334 0.028125 0.09583333333333334
1 0.5520833333333334 0.8034722222222223 0.04791666666666667 0.09583333333333334
1 0.5046875 0.8027777777777778 0.042708333333333334 0.1
1 0.4510416666666667 0.8020833333333334 0.04791666666666667 0.09861111111111111
1 0.4015625 0.8027777777777778 0.046875 0.09722222222222222
1 0.3494791666666667 0.8027777777777778 0.04895833333333333 0.09444444444444444
1 0.8270833333333333 0.2125 0.22291666666666668 0.03611111111111111
1 0.8296875 0.24930555555555556 0.21979166666666666 0.034722222222222224
1 0.8270833333333333 0.2847222222222222 0.21875 0.03333333333333333
1 0.8270833333333333 0.32222222222222224 0.22291666666666668 0.03611111111111111
1 0.8286458333333333 0.3597222222222222 0.21979166666666666 0.03611111111111111
1 0.8296875 0.39375 0.221875 0.034722222222222224
1 0.8270833333333333 0.43125 0.22083333333333333 0.0375
1 0.8317708333333333 0.5409722222222222 0.21770833333333334 0.0375
1 0.8302083333333333 0.5798611111111112 0.21875 0.034722222222222224
1 0.8291666666666667 0.6152777777777778 0.21875 0.03611111111111111
1 0.828125 0.7152777777777778 0.21875 0.03333333333333333
1 0.83125 0.75 0.22083333333333333 0.03611111111111111
1 0.8286458333333333 0.7868055555555555 0.21770833333333334 0.0375
1 0.8291666666666667 0.8215277777777777 0.21875 0.034722222222222224
1 0.8286458333333333 0.85625 0.21979166666666666 0.03194444444444444
1 0.8291666666666667 0.8951388888888889 0.21875 0.034722222222222224
1 0.14427083333333332 0.8888888888888888 0.18854166666666666 0.03333333333333333
1 0.165625 0.5729166666666666 0.23333333333333334 0.034722222222222224
