0 0.11775362318840579 0.12020905923344948 0.1461352657004831 0.024390243902439025
0 0.783816425120773 0.13937282229965156 0.1280193236714976 0.024390243902439025
2 0.9257246376811594 0.14111498257839722 0.025362318840579712 0.017421602787456445
0 0.10386473429951691 0.14982578397212543 0.11835748792270531 0.024390243902439025
0 0.7711352657004831 0.17073170731707318 0.10265700483091787 0.020905923344947737
2 0.9269323671497585 0.171602787456446 0.025362318840579712 0.01916376306620209
0 0.0893719806763285 0.17857142857142858 0.08695652173913043 0.02613240418118467
0 0.25483091787439616 0.17857142857142858 0.026570048309178744 0.01916376306620209
0 0.7777777777777778 0.19773519163763068 0.11594202898550725 0.02613240418118467
2 0.9269323671497585 0.1986062717770035 0.025362318840579712 0.020905923344947737
0 0.10205314009661835 0.20993031358885017 0.10990338164251208 0.02264808362369338
0 0.7820048309178744 0.2264808362369338 0.11956521739130435 0.024390243902439025
0 0.10144927536231885 0.23780487804878048 0.1111111111111111 0.02613240418118467
0 0.7735507246376812 0.2569686411149826 0.09541062801932366 0.02264808362369338
2 0.927536231884058 0.2578397212543554 0.028985507246376812 0.017421602787456445
0 0.09601449275362318 0.26393728222996515 0.10265700483091787 0.02264808362369338
0 0.2554347826086957 0.26480836236933797 0.025362318840579712 0.017421602787456445
0 0.7795893719806763 0.2865853658536585 0.12198067632850242 0.01916376306620209
2 0.9269323671497585 0.2865853658536585 0.025362318840579712 0.01916376306620209
0 0.11896135265700483 0.2935540069686411 0.1461352657004831 0.02613240418118467
0 0.10507246376811594 0.32229965156794427 0.11835748792270531 0.017421602787456445
0 0.10567632850241546 0.352787456445993 0.11473429951690821 0.02264808362369338
0 0.11231884057971014 0.382404181184669 0.11594202898550725 0.02264808362369338
2 0.25483091787439616 0.3832752613240418 0.026570048309178744 0.017421602787456445
0 0.11956521739130435 0.41114982578397213 0.13768115942028986 0.024390243902439025
2 0.25905797101449274 0.41289198606271776 0.025362318840579712 0.017421602787456445
0 0.11654589371980677 0.4442508710801394 0.13405797101449277 0.024390243902439025
0 0.7832125603864735 0.47560975609756095 0.11956521739130435 0.027874564459930314
0 0.7590579710144928 0.5043554006968641 0.0785024154589372 0.02264808362369338
0 0.10748792270531402 0.5836236933797909 0.11594202898550725 0.027874564459930314
2 0.2560386473429952 0.5792682926829268 0.028985507246376812 0.0156794425087108
0 0.10326086956521739 0.6106271777003485 0.10507246376811594 0.02613240418118467
2 0.2560386473429952 0.6106271777003485 0.028985507246376812 0.01916376306620209
0 0.10446859903381643 0.6437282229965157 0.11231884057971014 0.02264808362369338
2 0.2554347826086957 0.6428571428571429 0.030193236714975844 0.017421602787456445
0 0.10869565217391304 0.6689895470383276 0.11835748792270531 0.020905923344947737
2 0.2572463768115942 0.6707317073170732 0.026570048309178744 0.017421602787456445
0 0.7946859903381642 0.6733449477351916 0.14251207729468598 0.02613240418118467
0 0.10144927536231885 0.6986062717770035 0.10144927536231885 0.024390243902439025
0 0.7771739130434783 0.7081881533101045 0.12198067632850242 0.02613240418118467
2 0.9263285024154589 0.7081881533101045 0.033816425120772944 0.01916376306620209
0 0.7910628019323671 0.7421602787456446 0.13768115942028986 0.020905923344947737
0 0.7874396135265701 0.7761324041811847 0.13043478260869565 0.02613240418118467
0 0.46316425120772947 0.7926829268292683 0.0640096618357488 0.020905923344947737
0 0.7650966183574879 0.813588850174216 0.08816425120772947 0.020905923344947737
2 0.9178743961352657 0.8144599303135889 0.050724637681159424 0.02264808362369338
0 0.09722222222222222 0.8205574912891986 0.08091787439613526 0.024390243902439025
2 0.2560386473429952 0.823170731707317 0.021739130434782608 0.0156794425087108
0 0.5193236714975845 0.8214285714285714 0.17149758454106281 0.02264808362369338
0 0.5138888888888888 0.8501742160278746 0.1678743961352657 0.027874564459930314
0 0.09420289855072464 0.8545296167247387 0.07729468599033816 0.02264808362369338
2 0.25905797101449274 0.8527874564459931 0.025362318840579712 0.0156794425087108
0 0.7614734299516909 0.8545296167247387 0.08333333333333333 0.029616724738675958
2 0.9202898550724637 0.8545296167247387 0.043478260869565216 0.02264808362369338
0 0.1068840579710145 0.8841463414634146 0.09782608695652174 0.02613240418118467
2 0.25905797101449274 0.8841463414634146 0.025362318840579712 0.01916376306620209
0 0.1068840579710145 0.9181184668989547 0.10507246376811594 0.03484320557491289
2 0.25905797101449274 0.9181184668989547 0.035024154589371984 0.024390243902439025
0 0.7735507246376812 0.931184668989547 0.10024154589371981 0.02613240418118467
2 0.9281400966183575 0.9285714285714286 0.027777777777777776 0.017421602787456445
0 0.0929951690821256 0.9468641114982579 0.0748792270531401 0.02264808362369338
2 0.25483091787439616 0.9477351916376306 0.026570048309178744 0.017421602787456445
0 0.09420289855072464 0.9729965156794426 0.07729468599033816 0.02264808362369338
2 0.2572463768115942 0.975609756097561 0.024154589371980676 0.017421602787456445
2 0.2536231884057971 0.11672473867595819 0.026570048309178744 0.024390243902439025
2 0.2560386473429952 0.1489547038327526 0.03140096618357488 0.02613240418118467
2 0.25664251207729466 0.2073170731707317 0.025362318840579712 0.020905923344947737
2 0.2578502415458937 0.23606271777003485 0.027777777777777776 0.02613240418118467
2 0.2560386473429952 0.3249128919860627 0.024154589371980676 0.01916376306620209
2 0.25966183574879226 0.2952961672473868 0.036231884057971016 0.01916376306620209
2 0.2584541062801932 0.35365853658536583 0.026570048309178744 0.017421602787456445
2 0.2572463768115942 0.44686411149825783 0.024154589371980676 0.02613240418118467
2 0.26268115942028986 0.7020905923344948 0.03260869565217391 0.017421602787456445
2 0.927536231884058 0.22909407665505227 0.028985507246376812 0.02264808362369338
2 0.9378019323671497 0.4764808362369338 0.020531400966183576 0.0156794425087108
2 0.9426328502415459 0.5034843205574913 0.022946859903381644 0.027874564459930314
2 0.9329710144927537 0.7430313588850174 0.035024154589371984 0.02264808362369338
2 0.9311594202898551 0.7778745644599303 0.03140096618357488 0.01916376306620209
2 0.9335748792270532 0.6724738675958188 0.024154589371980676 0.024390243902439025
1 0.1570048309178744 0.11933797909407666 0.2222222222222222 0.029616724738675958
1 0.2572463768115942 0.15156794425087108 0.028985507246376812 0.024390243902439025
1 0.15640096618357488 0.14982578397212543 0.22342995169082125 0.024390243902439025
1 0.15760869565217392 0.17770034843205576 0.2210144927536232 0.027874564459930314
1 0.15821256038647344 0.2073170731707317 0.2222222222222222 0.027874564459930314
1 0.16002415458937197 0.23693379790940766 0.22584541062801933 0.024390243902439025
1 0.15579710144927536 0.2621951219512195 0.2246376811594203 0.02613240418118467
1 0.16002415458937197 0.29442508710801396 0.23067632850241546 0.024390243902439025
1 0.15760869565217392 0.32229965156794427 0.22342995169082125 0.020905923344947737
1 0.161231884057971 0.38153310104529614 0.21618357487922704 0.027874564459930314
1 0.15760869565217392 0.3510452961672474 0.22342995169082125 0.033101045296167246
1 0.16243961352657005 0.4102787456445993 0.22342995169082125 0.029616724738675958
1 0.16002415458937197 0.44337979094076657 0.21859903381642512 0.02613240418118467
1 0.16183574879227053 0.5836236933797909 0.2246376811594203 0.024390243902439025
1 0.1606280193236715 0.6088850174216028 0.21980676328502416 0.029616724738675958
1 0.1606280193236715 0.6411149825783972 0.2222222222222222 0.024390243902439025
1 0.161231884057971 0.6698606271777003 0.2210144927536232 0.02264808362369338
1 0.161231884057971 0.6986062717770035 0.2210144927536232 0.027874564459930314
1 0.16183574879227053 0.8222996515679443 0.21256038647342995 0.024390243902439025
1 0.16485507246376813 0.8536585365853658 0.21618357487922704 0.027874564459930314
1 0.16606280193236714 0.8832752613240418 0.21618357487922704 0.027874564459930314
1 0.16183574879227053 0.9172473867595818 0.21497584541062803 0.029616724738675958
1 0.1642512077294686 0.9468641114982579 0.21014492753623187 0.02264808362369338
1 0.1636473429951691 0.9747386759581882 0.2113526570048309 0.02264808362369338
1 0.519927536231884 0.7996515679442509 0.17995169082125603 0.13588850174216027
1 0.8291062801932367 0.1402439024390244 0.21859903381642512 0.02264808362369338
1 0.8303140096618358 0.1672473867595819 0.2210144927536232 0.027874564459930314
1 0.8315217391304348 0.1951219512195122 0.2210144927536232 0.027874564459930314
1 0.8345410628019324 0.22386759581881532 0.2246376811594203 0.02613240418118467
1 0.8327294685990339 0.25435540069686413 0.21618357487922704 0.027874564459930314
1 0.8321256038647343 0.28397212543554007 0.2246376811594203 0.024390243902439025
1 0.836352657004831 0.4738675958188153 0.22584541062801933 0.027874564459930314
1 0.8351449275362319 0.5034843205574913 0.23067632850241546 0.024390243902439025
1 0.8321256038647343 0.6742160278745645 0.21980676328502416 0.024390243902439025
1 0.8315217391304348 0.705574912891986 0.22826086956521738 0.0313588850174216
1 0.8327294685990339 0.740418118466899 0.22584541062801933 0.024390243902439025
1 0.8327294685990339 0.774390243902439 0.2210144927536232 0.029616724738675958
1 0.8345410628019324 0.813588850174216 0.2222222222222222 0.024390243902439025
1 0.8321256038647343 0.8527874564459931 0.2222222222222222 0.036585365853658534
1 0.8333333333333334 0.8954703832752613 0.2246376811594203 0.0313588850174216
1 0.8351449275362319 0.9320557491289199 0.2210144927536232 0.0313588850174216
0 0.8079710144927537 0.8954703832752613 0.17391304347826086 0.024390243902439025
2 0.9305555555555556 0.8954703832752613 0.022946859903381644 0.020905923344947737
2 0.5785024154589372 0.7473867595818815 0.04830917874396135 0.0313588850174216
