0 0.5052083333333334 0.3446244477172312 0.04375 0.020618556701030927
0 0.8234375 0.3490427098674521 0.053125 0.023564064801178203
2 0.5109375 0.37702503681885124 0.030208333333333334 0.023564064801178203
2 0.8338541666666667 0.38291605301914583 0.028125 0.023564064801178203
0 0.5166666666666667 0.4418262150220913 0.08333333333333333 0.026509572901325478
0 0.8125 0.4491899852724595 0.04375 0.023564064801178203
0 0.2864583333333333 0.4683357879234168 0.052083333333333336 0.053019145802650956
2 0.4921875 0.47128129602356406 0.03229166666666667 0.023564064801178203
2 0.8046875 0.4808541973490427 0.028125 0.022091310751104567
0 0.5072916666666667 0.5338733431516937 0.0375 0.022091310751104567
0 0.8265625 0.5522827687776142 0.05520833333333333 0.026509572901325478
2 0.5109375 0.5670103092783505 0.030208333333333334 0.023564064801178203
2 0.8369791666666667 0.5832106038291606 0.030208333333333334 0.023564064801178203
0 0.12447916666666667 0.6134020618556701 0.11770833333333333 0.025036818851251842
2 0.12239583333333333 0.6413843888070693 0.030208333333333334 0.022091310751104567
2 0.253125 0.6406480117820325 0.029166666666666667 0.020618556701030927
0 0.5348958333333333 0.6458026509572902 0.115625 0.030927835051546393
0 0.8265625 0.6472754050073638 0.07604166666666666 0.025036818851251842
2 0.49375 0.6774668630338734 0.029166666666666667 0.023564064801178203
2 0.8036458333333333 0.678939617083947 0.030208333333333334 0.023564064801178203
0 0.47604166666666664 0.7569955817378498 0.10208333333333333 0.029455081001472753
2 0.5119791666666667 0.7930780559646539 0.030208333333333334 0.022091310751104567
0 0.12708333333333333 0.8291605301914581 0.10208333333333333 0.03240058910162003
0 0.2557291666666667 0.8284241531664213 0.051041666666666666 0.022091310751104567
0 0.7770833333333333 0.841678939617084 0.03125 0.01914580265095729
2 0.8854166666666666 0.841678939617084 0.03125 0.01914580265095729
2 0.12708333333333333 0.8556701030927835 0.03125 0.023564064801178203
2 0.2546875 0.8556701030927835 0.03229166666666667 0.023564064801178203
0 0.7796875 0.8608247422680413 0.036458333333333336 0.022091310751104567
2 0.8854166666666666 0.8593519882179675 0.03125 0.01914580265095729
0 0.5036458333333333 0.8667157584683358 0.051041666666666666 0.027982326951399118
0 0.7776041666666667 0.8799705449189985 0.03229166666666667 0.01914580265095729
2 0.884375 0.8799705449189985 0.03333333333333333 0.01914580265095729
2 0.49322916666666666 0.8998527245949927 0.030208333333333334 0.020618556701030927
0 0.25416666666666665 0.6163475699558174 0.12291666666666666 0.025036818851251842
1 0.12447916666666667 0.6266568483063328 0.11979166666666667 0.05154639175257732
1 0.25364583333333335 0.6244477172312224 0.11979166666666667 0.053019145802650956
1 0.12552083333333333 0.841678939617084 0.10520833333333333 0.054491899852724596
1 0.25416666666666665 0.8460972017673049 0.052083333333333336 0.054491899852724596
1 0.5057291666666667 0.36082474226804123 0.04479166666666667 0.053019145802650956
1 0.5182291666666666 0.4543446244477172 0.08854166666666667 0.060382916053019146
1 0.5067708333333333 0.5522827687776142 0.040625 0.05891016200294551
1 0.5333333333333333 0.6597938144329897 0.1125 0.061855670103092786
1 0.47552083333333334 0.7754050073637703 0.10520833333333333 0.07511045655375552
1 0.5041666666666667 0.8814432989690721 0.05416666666666667 0.060382916053019146
1 0.8317708333333333 0.8792341678939617 0.140625 0.020618556701030927
1 0.8296875 0.6649484536082474 0.08854166666666667 0.060382916053019146
1 0.8265625 0.5677466863033873 0.05520833333333333 0.06332842415316642
1 0.8140625 0.46686303387334316 0.051041666666666666 0.055964653902798235
1 0.8229166666666666 0.36671575846833576 0.05625 0.061855670103092786
1 0.8317708333333333 0.8586156111929307 0.140625 0.020618556701030927
1 0.8307291666666666 0.8394698085419735 0.140625 0.020618556701030927
