0 0.5813953488372093 0.36855670103092786 0.11627906976744186 0.01752577319587629
2 0.8321220930232558 0.3695876288659794 0.04505813953488372 0.015463917525773196
0 0.5843023255813954 0.39329896907216494 0.12209302325581395 0.01752577319587629
2 0.8321220930232558 0.3938144329896907 0.04505813953488372 0.01443298969072165
0 0.5879360465116279 0.415979381443299 0.12936046511627908 0.01752577319587629
2 0.8321220930232558 0.41701030927835053 0.04505813953488372 0.015463917525773196
0 0.6024709302325582 0.5087628865979381 0.15843023255813954 0.015463917525773196
2 0.8343023255813954 0.5082474226804123 0.0436046511627907 0.01443298969072165
0 0.6097383720930233 0.5324742268041237 0.17587209302325582 0.01752577319587629
2 0.8343023255813954 0.5324742268041237 0.0436046511627907 0.015463917525773196
2 0.8343023255813954 0.6350515463917525 0.040697674418604654 0.016494845360824743
0 0.5712209302325582 0.6381443298969072 0.09011627906976744 0.018556701030927835
2 0.8321220930232558 0.654639175257732 0.036337209302325583 0.01443298969072165
0 0.6126453488372093 0.6582474226804124 0.17005813953488372 0.015463917525773196
2 0.8343023255813954 0.6768041237113402 0.040697674418604654 0.015463917525773196
0 0.5981104651162791 0.6783505154639176 0.1438953488372093 0.018556701030927835
2 0.8343023255813954 0.6974226804123711 0.040697674418604654 0.015463917525773196
0 0.6104651162790697 0.6994845360824742 0.16569767441860464 0.015463917525773196
2 0.8343023255813954 0.7180412371134021 0.040697674418604654 0.015463917525773196
0 0.5726744186046512 0.7195876288659794 0.09011627906976744 0.01443298969072165
0 0.6126453488372093 0.7391752577319588 0.17005813953488372 0.016494845360824743
2 0.8343023255813954 0.738659793814433 0.040697674418604654 0.015463917525773196
2 0.8343023255813954 0.8360824742268042 0.040697674418604654 0.01443298969072165
0 0.6024709302325582 0.838659793814433 0.04505813953488372 0.013402061855670102
2 0.8343023255813954 0.8520618556701031 0.040697674418604654 0.015463917525773196
0 0.6184593023255814 0.8561855670103092 0.07703488372093023 0.013402061855670102
1 0.6896802325581395 0.3680412371134021 0.33575581395348836 0.02268041237113402
1 0.6875 0.3907216494845361 0.3313953488372093 0.02268041237113402
1 0.6882267441860465 0.4128865979381443 0.3328488372093023 0.01958762886597938
1 0.688953488372093 0.5087628865979381 0.3313953488372093 0.015463917525773196
1 0.6896802325581395 0.5319587628865979 0.3328488372093023 0.026804123711340205
1 0.6875 0.6355670103092783 0.32558139534883723 0.01958762886597938
1 0.690406976744186 0.6582474226804124 0.32558139534883723 0.01752577319587629
1 0.688953488372093 0.6762886597938145 0.3226744186046512 0.020618556701030927
1 0.6896802325581395 0.6979381443298969 0.3183139534883721 0.02268041237113402
1 0.6911337209302325 0.7195876288659794 0.32703488372093026 0.018556701030927835
1 0.6940406976744186 0.73659793814433 0.3328488372093023 0.01958762886597938
1 0.7165697674418605 0.8365979381443299 0.27906976744186046 0.013402061855670102
1 0.7136627906976745 0.8551546391752577 0.27325581395348836 0.013402061855670102
