2 0.6637168141592921 0.223828125 0.08849557522123894 0.01484375
0 0.34236725663716816 0.22734375 0.1338495575221239 0.01875
2 0.6637168141592921 0.251171875 0.08849557522123894 0.01484375
0 0.34236725663716816 0.25625 0.1338495575221239 0.0203125
2 0.6592920353982301 0.280078125 0.09513274336283185 0.01484375
0 0.31581858407079644 0.285546875 0.08296460176991151 0.01953125
2 0.6603982300884956 0.307421875 0.09292035398230089 0.01484375
0 0.3434734513274336 0.31484375 0.13827433628318583 0.021875
2 0.6603982300884956 0.334765625 0.09513274336283185 0.01484375
0 0.353429203539823 0.3453125 0.15597345132743362 0.0203125
0 0.35176991150442477 0.410546875 0.1592920353982301 0.02421875
2 0.6592920353982301 0.406640625 0.09734513274336283 0.01640625
0 0.4065265486725664 0.437109375 0.2665929203539823 0.01640625
2 0.6598451327433629 0.4375 0.09845132743362832 0.0171875
0 0.33351769911504425 0.466796875 0.12057522123893805 0.01640625
2 0.6421460176991151 0.466796875 0.09623893805309734 0.01640625
0 0.3799778761061947 0.49609375 0.21349557522123894 0.0171875
2 0.6587389380530974 0.49609375 0.1006637168141593 0.0171875
0 0.3584070796460177 0.558203125 0.18141592920353983 0.01640625
2 0.6592920353982301 0.557421875 0.09734513274336283 0.01484375
0 0.3108407079646018 0.586328125 0.08628318584070796 0.01640625
2 0.6592920353982301 0.586328125 0.09734513274336283 0.01640625
0 0.3528761061946903 0.6171875 0.17256637168141592 0.0234375
2 0.6592920353982301 0.616796875 0.09734513274336283 0.01640625
0 0.32245575221238937 0.648046875 0.10730088495575221 0.02109375
2 0.6592920353982301 0.645703125 0.09734513274336283 0.01484375
0 0.3844026548672566 0.6953125 0.22898230088495575 0.0203125
2 0.6537610619469026 0.693359375 0.09734513274336283 0.01640625
0 0.3694690265486726 0.7234375 0.20575221238938052 0.021875
2 0.6543141592920354 0.72265625 0.09845132743362832 0.015625
0 0.3567477876106195 0.751953125 0.17588495575221239 0.02109375
2 0.6543141592920354 0.752734375 0.09845132743362832 0.01796875
0 0.28650442477876104 0.823046875 0.035398230088495575 0.02421875
2 0.6532079646017699 0.837890625 0.09402654867256637 0.01953125
1 0.4883849557522124 0.225390625 0.4303097345132743 0.02109375
1 0.48617256637168144 0.253125 0.4280973451327434 0.021875
1 0.49004424778761063 0.281640625 0.43805309734513276 0.02109375
1 0.4905973451327434 0.313671875 0.43473451327433627 0.02421875
1 0.4905973451327434 0.341796875 0.4325221238938053 0.02578125
1 0.4883849557522124 0.4078125 0.43473451327433627 0.0265625
1 0.49170353982300885 0.4359375 0.4325221238938053 0.025
1 0.48285398230088494 0.466796875 0.42146017699115046 0.02421875
1 0.4911504424778761 0.49609375 0.43805309734513276 0.0203125
1 0.4872787610619469 0.5578125 0.43694690265486724 0.0171875
1 0.48672566371681414 0.585546875 0.4424778761061947 0.02578125
1 0.4872787610619469 0.614453125 0.4391592920353982 0.02890625
1 0.48672566371681414 0.649609375 0.42920353982300885 0.02265625
1 0.48617256637168144 0.694921875 0.43473451327433627 0.02265625
1 0.4850663716814159 0.7234375 0.4325221238938053 0.0234375
1 0.4834070796460177 0.75078125 0.4424778761061947 0.025
1 0.4823008849557522 0.841015625 0.43805309734513276 0.06015625
0 0.42035398230088494 0.8234375 0.06415929203539823 0.021875
0 0.3440265486725664 0.823046875 0.05530973451327434 0.02265625
0 0.28761061946902655 0.851953125 0.033185840707964605 0.02109375
0 0.49557522123893805 0.853125 0.13053097345132744 0.0234375
0 0.3689159292035398 0.851953125 0.09845132743362832 0.02265625
0 0.5055309734513275 0.823046875 0.07964601769911504 0.02109375
0 0.5785398230088495 0.8234375 0.03761061946902655 0.01875
