0 0.23125 0.3098958333333333 0.359375 0.028125
0 0.2046875 0.346875 0.303125 0.03333333333333333
2 0.4890625 0.34322916666666664 0.125 0.026041666666666668
0 0.2140625 0.4140625 0.328125 0.04479166666666667
2 0.51328125 0.4114583333333333 0.1328125 0.03958333333333333
0 0.18671875 0.4473958333333333 0.2703125 0.03229166666666667
2 0.5171875 0.44635416666666666 0.14375 0.036458333333333336
0 0.20859375 0.5135416666666667 0.3140625 0.03958333333333333
2 0.5015625 0.5135416666666667 0.15 0.03333333333333333
0 0.2234375 0.5463541666666667 0.34375 0.026041666666666668
2 0.50234375 0.5494791666666666 0.1453125 0.030208333333333334
0 0.22109375 0.6848958333333334 0.3359375 0.034375
2 0.50546875 0.684375 0.1578125 0.03333333333333333
0 0.171875 0.715625 0.24375 0.03958333333333333
2 0.503125 0.71875 0.15625 0.03125
0 0.153125 0.7494791666666667 0.196875 0.023958333333333335
2 0.50546875 0.7505208333333333 0.1515625 0.026041666666666668
2 0.490625 0.3125 0.115625 0.03333333333333333
1 0.3 0.309375 0.496875 0.03125
1 0.29921875 0.34427083333333336 0.4859375 0.036458333333333336
1 0.3140625 0.41041666666666665 0.53125 0.03958333333333333
1 0.31875 0.4484375 0.53125 0.040625
1 0.315625 0.5119791666666667 0.528125 0.034375
1 0.31328125 0.5479166666666667 0.5265625 0.03333333333333333
1 0.31796875 0.6828125 0.5328125 0.03854166666666667
1 0.321875 0.7140625 0.55 0.036458333333333336
1 0.31796875 0.7494791666666667 0.5265625 0.030208333333333334
