0 0.058900523560209424 0.10197775030902348 0.04275741710296684 0.021013597033374538
0 0.8307155322862129 0.10135970333745364 0.10471204188481675 0.0173053152039555
2 0.18368237347294938 0.10321384425216316 0.013089005235602094 0.013597033374536464
2 0.20986038394415357 0.10321384425216316 0.011343804537521814 0.013597033374536464
2 0.9280104712041884 0.10321384425216316 0.013089005235602094 0.013597033374536464
2 0.9533158813263525 0.10321384425216316 0.011343804537521814 0.013597033374536464
0 0.5842059336823735 0.10506798516687268 0.037521815008726006 0.014833127317676144
0 0.3830715532286213 0.12299134734239803 0.09773123909249563 0.016069221260815822
0 0.05715532286212915 0.13720642768850433 0.04101221640488656 0.0173053152039555
0 0.8320244328097731 0.13720642768850433 0.10383944153577661 0.0173053152039555
2 0.20986038394415357 0.13906056860321384 0.009598603839441536 0.013597033374536464
2 0.9271378708551483 0.13720642768850433 0.011343804537521814 0.012360939431396786
2 0.9537521815008726 0.13782447466007416 0.013961605584642234 0.016069221260815822
2 0.4214659685863874 0.16007416563658838 0.020942408376963352 0.013597033374536464
2 0.606457242582897 0.15945611866501855 0.02268760907504363 0.012360939431396786
0 0.07547993019197208 0.17428924598269468 0.07591623036649214 0.019777503090234856
0 0.8276614310645725 0.17181705809641531 0.09511343804537521 0.014833127317676144
2 0.9280104712041884 0.17181705809641531 0.013089005235602094 0.012360939431396786
2 0.9533158813263525 0.173053152039555 0.011343804537521814 0.014833127317676144
2 0.18411867364746945 0.17367119901112485 0.012216404886561954 0.013597033374536464
2 0.20986038394415357 0.17428924598269468 0.011343804537521814 0.012360939431396786
0 0.07678883071553229 0.20951792336217553 0.07853403141361257 0.021013597033374538
0 0.8285340314136126 0.20828182941903584 0.10034904013961606 0.021013597033374538
2 0.9271378708551483 0.207663782447466 0.011343804537521814 0.012360939431396786
2 0.9533158813263525 0.20828182941903584 0.011343804537521814 0.013597033374536464
2 0.18368237347294938 0.2088998763906057 0.013089005235602094 0.012360939431396786
2 0.20986038394415357 0.2088998763906057 0.011343804537521814 0.012360939431396786
0 0.8337696335078534 0.242274412855377 0.11082024432809773 0.019777503090234856
0 0.07460732984293193 0.24412855377008652 0.07766143106457242 0.018541409147095178
2 0.9280104712041884 0.24289245982694685 0.013089005235602094 0.013597033374536464
2 0.9533158813263525 0.24289245982694685 0.011343804537521814 0.013597033374536464
2 0.18280977312390925 0.24474660074165636 0.011343804537521814 0.009888751545117428
2 0.20986038394415357 0.24351050679851668 0.011343804537521814 0.012360939431396786
0 0.387434554973822 0.2521631644004944 0.09075043630017451 0.022249690976514216
1 0.6068935427574171 0.26452410383189123 0.08638743455497382 0.08405438813349815
0 0.0737347294938918 0.2799752781211372 0.07242582897033159 0.016069221260815822
2 0.18368237347294938 0.27812113720642767 0.013089005235602094 0.012360939431396786
2 0.4214659685863874 0.2972805933250927 0.020942408376963352 0.016069221260815822
2 0.5759162303664922 0.2985166872682324 0.02443280977312391 0.013597033374536464
0 0.07460732984293193 0.315203955500618 0.07242582897033159 0.014833127317676144
2 0.18368237347294938 0.31396786155747836 0.013089005235602094 0.012360939431396786
2 0.20986038394415357 0.3145859085290482 0.011343804537521814 0.016069221260815822
0 0.07329842931937172 0.3504326328800989 0.07155322862129145 0.016069221260815822
2 0.18368237347294938 0.3510506798516687 0.013089005235602094 0.012360939431396786
2 0.20986038394415357 0.3510506798516687 0.013089005235602094 0.012360939431396786
0 0.3957242582897033 0.3584672435105068 0.07068062827225131 0.019777503090234856
0 0.8215532286212914 0.38504326328800986 0.08638743455497382 0.023485784919653894
0 0.07242582897033159 0.38813349814585907 0.06806282722513089 0.014833127317676144
2 0.9271378708551483 0.3856613102595797 0.011343804537521814 0.012360939431396786
2 0.9528795811518325 0.38504326328800986 0.012216404886561954 0.013597033374536464
2 0.18368237347294938 0.3856613102595797 0.013089005235602094 0.012360939431396786
2 0.20986038394415357 0.3856613102595797 0.011343804537521814 0.012360939431396786
1 0.6077661431064573 0.380716934487021 0.08638743455497382 0.06674907292954264
2 0.39397905759162305 0.4072929542645241 0.02181500872600349 0.013597033374536464
2 0.5772251308900523 0.4072929542645241 0.02181500872600349 0.013597033374536464
0 0.08289703315881326 0.42088998763906055 0.08900523560209424 0.016069221260815822
2 0.18368237347294938 0.4221260815822003 0.013089005235602094 0.013597033374536464
2 0.2094240837696335 0.42088998763906055 0.012216404886561954 0.016069221260815822
0 0.8232984293193717 0.4289245982694685 0.08638743455497382 0.0173053152039555
2 0.9267015706806283 0.4295426452410383 0.012216404886561954 0.013597033374536464
2 0.9528795811518325 0.43016069221260816 0.012216404886561954 0.012360939431396786
0 0.08595113438045375 0.4579728059332509 0.09511343804537521 0.018541409147095178
2 0.18368237347294938 0.4573547589616811 0.013089005235602094 0.014833127317676144
2 0.20986038394415357 0.4573547589616811 0.011343804537521814 0.014833127317676144
0 0.8355148342059336 0.47342398022249693 0.11082024432809773 0.019777503090234856
2 0.9280104712041884 0.4752781211372064 0.014834205933682374 0.016069221260815822
2 0.9528795811518325 0.47404202719406674 0.012216404886561954 0.013597033374536464
0 0.0824607329842932 0.4938195302843016 0.08987783595113438 0.018541409147095178
2 0.18368237347294938 0.4932014833127318 0.013089005235602094 0.012360939431396786
2 0.20986038394415357 0.4932014833127318 0.011343804537521814 0.012360939431396786
0 0.8019197207678883 0.519159456118665 0.041884816753926704 0.019777503090234856
2 0.9271378708551483 0.519159456118665 0.011343804537521814 0.012360939431396786
2 0.9528795811518325 0.519159456118665 0.012216404886561954 0.012360939431396786
0 0.10471204188481675 0.5265760197775031 0.1343804537521815 0.019777503090234856
2 0.20986038394415357 0.5290482076637825 0.013089005235602094 0.014833127317676144
0 0.8115183246073299 0.5636588380716935 0.06631762652705062 0.019777503090234856
0 0.09729493891797557 0.5642768850432633 0.11780104712041885 0.018541409147095178
2 0.9271378708551483 0.5636588380716935 0.011343804537521814 0.012360939431396786
2 0.9506980802792321 0.569221260815822 0.006108202443280977 0.0012360939431396785
2 0.18368237347294938 0.5648949320148331 0.013089005235602094 0.012360939431396786
2 0.20986038394415357 0.5648949320148331 0.013089005235602094 0.012360939431396786
0 0.3852530541012216 0.565512978986403 0.053228621291448515 0.016069221260815822
0 0.6051483420593369 0.5512978986402967 0.037521815008726006 0.0173053152039555
0 0.10427574171029669 0.5982694684796045 0.13176265270506107 0.022249690976514216
2 0.20986038394415357 0.5976514215080346 0.013089005235602094 0.013597033374536464
2 0.9271378708551483 0.5976514215080346 0.011343804537521814 0.013597033374536464
2 0.9528795811518325 0.5976514215080346 0.012216404886561954 0.013597033374536464
0 0.8206806282722513 0.5988875154511742 0.08289703315881326 0.016069221260815822
2 0.5986038394415357 0.6236093943139679 0.02268760907504363 0.013597033374536464
2 0.3992146596858639 0.6266996291718171 0.02181500872600349 0.014833127317676144
0 0.09511343804537521 0.6359703337453646 0.11169284467713787 0.016069221260815822
2 0.18368237347294938 0.6365883807169345 0.013089005235602094 0.012360939431396786
2 0.20986038394415357 0.6365883807169345 0.011343804537521814 0.012360939431396786
0 0.8241710296684118 0.646477132262052 0.09336823734729494 0.019777503090234856
2 0.9515706806282722 0.6477132262051916 0.013089005235602094 0.012360939431396786
2 0.9267015706806283 0.6477132262051916 0.012216404886561954 0.012360939431396786
0 0.8272251308900523 0.6711990111248455 0.09947643979057591 0.0173053152039555
2 0.9520069808027923 0.6711990111248455 0.015706806282722512 0.0173053152039555
2 0.18368237347294938 0.7558714462299134 0.016579406631762654 0.021013597033374538
0 0.07286212914485166 0.7595797280593325 0.07242582897033159 0.018541409147095178
0 0.8254799301919721 0.7589616810877626 0.09424083769633508 0.0173053152039555
0 0.06108202443280977 0.7775030902348579 0.04886561954624782 0.012360939431396786
0 0.8280977312390925 0.796044499381953 0.09773123909249563 0.0173053152039555
0 0.0737347294938918 0.792336217552534 0.07417102966841187 0.0173053152039555
2 0.9267015706806283 0.7935723114956736 0.012216404886561954 0.012360939431396786
0 0.051919720767888304 0.80778739184178 0.030541012216404886 0.013597033374536464
0 0.05148342059336824 0.8238566131025958 0.029668411867364748 0.013597033374536464
0 0.05017452006980803 0.8380716934487021 0.027050610820244327 0.012360939431396786
0 0.060209424083769635 0.853522867737948 0.04712041884816754 0.013597033374536464
0 0.7949389179755671 0.8627935723114957 0.027923211169284468 0.0173053152039555
0 0.9445898778359512 0.8609394313967862 0.016579406631762654 0.013597033374536464
0 0.06675392670157068 0.8689740420271941 0.060209424083769635 0.012360939431396786
0 0.8708551483420593 0.8943139678615575 0.06282722513089005 0.021013597033374538
0 0.07940663176265271 0.9011124845488258 0.08551483420593368 0.012360939431396786
2 0.18368237347294938 0.9110012360939431 0.016579406631762654 0.022249690976514216
0 0.055410122164048864 0.9159456118665018 0.037521815008726006 0.012360939431396786
0 0.7945026178010471 0.9227441285537701 0.027050610820244327 0.018541409147095178
0 0.9445898778359512 0.9202719406674907 0.016579406631762654 0.013597033374536464
0 0.08071553228621292 0.9313967861557478 0.0881326352530541 0.016069221260815822
0 0.06849912739965096 0.9449938195302843 0.06544502617801047 0.018541409147095178
0 0.11780104712041885 0.9511742892459827 0.019197207678883072 0.011124845488257108
0 0.07286212914485166 0.9622991347342398 0.07242582897033159 0.013597033374536464
2 0.1849912739965096 0.600123609394314 0.013961605584642234 0.013597033374536464
2 0.18411867364746945 0.13720642768850433 0.013961605584642234 0.0173053152039555
2 0.2107329842931937 0.2812113720642769 0.013089005235602094 0.013597033374536464
2 0.1849912739965096 0.5290482076637825 0.012216404886561954 0.014833127317676144
1 0.12914485165794065 0.21631644004944375 0.17801047120418848 0.032138442521631644
1 0.12696335078534032 0.1433868974042027 0.17888307155322863 0.029666254635352288
1 0.12783595113438045 0.17985166872682323 0.17713787085514834 0.02843016069221261
1 0.12652705061082026 0.2521631644004944 0.17975567190226877 0.037082818294190356
1 0.12652705061082026 0.28986402966625463 0.18150087260034903 0.03584672435105068
1 0.1300174520069808 0.3226205191594561 0.18324607329842932 0.029666254635352288
1 0.12914485165794065 0.357849196538937 0.17801047120418848 0.030902348578491966
1 0.12870855148342059 0.396168108776267 0.1806282722513089 0.03337453646477132
1 0.12827225130890052 0.43016069221260816 0.17801047120418848 0.034610630407911
1 0.12696335078534032 0.4647713226205192 0.17888307155322863 0.034610630407911
1 0.1273996509598604 0.49938195302843014 0.17975567190226877 0.034610630407911
1 0.12696335078534032 0.5327564894932015 0.1806282722513089 0.032138442521631644
1 0.12521815008726003 0.5704573547589616 0.17888307155322863 0.03337453646477132
1 0.12652705061082026 0.6063040791100124 0.17975567190226877 0.03337453646477132
1 0.12696335078534032 0.6495673671199012 0.17539267015706805 0.04573547589616811
1 0.1143106457242583 0.8121137206427689 0.15881326352530542 0.13597033374536466
1 0.11387434554973822 0.9313967861557478 0.15794066317626526 0.0754017305315204
1 0.3830715532286213 0.13164400494437578 0.09947643979057591 0.07045735475896168
1 0.3865619546247818 0.26452410383189123 0.09424083769633508 0.0815822002472188
1 0.3961605584642234 0.3838071693448702 0.07155322862129145 0.07045735475896168
1 0.6173647469458988 0.13102595797280595 0.10732984293193717 0.07169344870210136
1 0.37914485165794065 0.588380716934487 0.06544502617801047 0.09394313967861558
1 0.6234729493891797 0.5859085290482077 0.07766143106457242 0.08899876390605686
0 0.8333333333333334 0.8603213844252163 0.027923211169284468 0.0173053152039555
0 0.8699825479930192 0.8627935723114957 0.027923211169284468 0.0173053152039555
0 0.9092495636998255 0.861557478368356 0.027923211169284468 0.0173053152039555
0 0.8333333333333334 0.9215080346106304 0.027923211169284468 0.018541409147095178
0 0.8708551483420593 0.9202719406674907 0.027923211169284468 0.018541409147095178
0 0.9101221640488656 0.9215080346106304 0.027923211169284468 0.018541409147095178
2 0.9275741710296684 0.761433868974042 0.013961605584642234 0.014833127317676144
2 0.9271378708551483 0.6711990111248455 0.013089005235602094 0.012360939431396786
0 0.8695462478184991 0.8362175525339925 0.08115183246073299 0.021013597033374538
1 0.8721640488656196 0.10877626699629171 0.18411867364746945 0.034610630407911
1 0.8708551483420593 0.14524103831891225 0.18324607329842932 0.03337453646477132
1 0.8704188481675392 0.17861557478368356 0.1823734729493892 0.02843016069221261
1 0.868237347294939 0.2138442521631644 0.18324607329842932 0.034610630407911
1 0.868237347294939 0.24969097651421507 0.18324607329842932 0.034610630407911
1 0.8699825479930192 0.3912237330037083 0.18324607329842932 0.03584672435105068
1 0.8695462478184991 0.43510506798516685 0.1823734729493892 0.034610630407911
1 0.8691099476439791 0.4796044499381953 0.18150087260034903 0.037082818294190356
1 0.8695462478184991 0.5222496909765142 0.1806282722513089 0.030902348578491966
1 0.8678010471204188 0.5673671199011124 0.1823734729493892 0.032138442521631644
1 0.8691099476439791 0.6124845488257108 0.18150087260034903 0.04326328800988875
1 0.868673647469459 0.646477132262052 0.1806282722513089 0.0173053152039555
1 0.868237347294939 0.673053152039555 0.1849912739965096 0.021013597033374538
1 0.856457242582897 0.7645241038318912 0.15794066317626526 0.02843016069221261
1 0.8547120418848168 0.8003708281829419 0.1544502617801047 0.02843016069221261
1 0.868673647469459 0.8473423980222496 0.17888307155322863 0.048207663782447466
1 0.8695462478184991 0.9066749072929543 0.17888307155322863 0.04573547589616811
1 0.12652705061082026 0.10444993819530285 0.18150087260034903 0.030902348578491966
0 0.5972949389179756 0.3677379480840544 0.06719022687609075 0.03584672435105068
0 0.5964223385689355 0.24907292954264523 0.06544502617801047 0.018541409147095178
0 0.6234729493891797 0.5661310259579728 0.07242582897033159 0.014833127317676144
0 0.6108202443280978 0.580964153275649 0.04712041884816754 0.012360939431396786
0 0.8407504363001745 0.6143386897404203 0.1212914485165794 0.014833127317676144
0 0.618237347294939 0.11990111248454882 0.10209424083769633 0.014833127317676144
0 0.5828970331588132 0.23176761433868975 0.04013961605584642 0.018541409147095178
0 0.4144851657940663 0.10568603213844252 0.03664921465968586 0.016069221260815822
0 0.4109947643979058 0.23300370828182942 0.041884816753926704 0.018541409147095178
0 0.3852530541012216 0.5506798516687268 0.053228621291448515 0.016069221260815822
2 0.6265270506108203 0.6236093943139679 0.02268760907504363 0.013597033374536464
2 0.4201570680628272 0.4072929542645241 0.02181500872600349 0.013597033374536464
2 0.3944153577661431 0.2985166872682324 0.02617801047120419 0.013597033374536464
2 0.6051483420593369 0.4072929542645241 0.02181500872600349 0.013597033374536464
2 0.6038394415357766 0.2985166872682324 0.02443280977312391 0.013597033374536464
2 0.5759162303664922 0.15945611866501855 0.02268760907504363 0.012360939431396786
2 0.393542757417103 0.16007416563658838 0.020942408376963352 0.013597033374536464
