0 0.6963495575221239 0.387109375 0.31305309734513276 0.01953125
2 0.9059734513274337 0.387109375 0.048672566371681415 0.01640625
2 0.9048672566371682 0.410546875 0.05088495575221239 0.01640625
0 0.6028761061946902 0.412890625 0.1261061946902655 0.02109375
0 0.6266592920353983 0.4375 0.17588495575221239 0.0203125
2 0.9070796460176991 0.435546875 0.046460176991150445 0.01640625
0 0.5868362831858407 0.460546875 0.09623893805309734 0.01796875
2 0.9070796460176991 0.4609375 0.05088495575221239 0.0171875
0 0.610066371681416 0.483984375 0.14491150442477876 0.02109375
2 0.9070796460176991 0.484375 0.05088495575221239 0.0171875
0 0.6637168141592921 0.509375 0.25 0.021875
2 0.9081858407079646 0.508984375 0.048672566371681415 0.01796875
0 0.7074115044247787 0.53515625 0.33738938053097345 0.0234375
2 0.9015486725663717 0.700390625 0.061946902654867256 0.01484375
0 0.6360619469026548 0.70390625 0.21238938053097345 0.01875
0 0.6554203539823009 0.726171875 0.25331858407079644 0.02421875
2 0.9065265486725663 0.724609375 0.04535398230088496 0.01640625
0 0.6797566371681416 0.761328125 0.2975663716814159 0.04609375
2 0.9170353982300885 0.770703125 0.030973451327433628 0.01484375
2 0.9070796460176991 0.534765625 0.0420353982300885 0.01796875
1 0.735066371681416 0.385546875 0.39491150442477874 0.01953125
1 0.730641592920354 0.4109375 0.3860619469026549 0.0203125
1 0.7323008849557522 0.43515625 0.3915929203539823 0.01875
1 0.7345132743362832 0.4609375 0.39601769911504425 0.021875
1 0.7339601769911505 0.4828125 0.3971238938053097 0.021875
1 0.7367256637168141 0.50703125 0.4004424778761062 0.0203125
1 0.7328539823008849 0.534375 0.3926991150442478 0.025
1 0.7300884955752213 0.701171875 0.40486725663716816 0.01640625
1 0.7273230088495575 0.725 0.40154867256637167 0.025
1 0.7328539823008849 0.765625 0.4081858407079646 0.0453125
