0 0.4811197916666667 0.517578125 0.11067708333333333 0.021484375
0 0.3264973958333333 0.521728515625 0.08919270833333333 0.01611328125
0 0.4638671875 0.536865234375 0.076171875 0.01904296875
0 0.3050130208333333 0.54052734375 0.048828125 0.0146484375
0 0.4830729166666667 0.5537109375 0.11328125 0.017578125
0 0.322265625 0.557373046875 0.08463541666666667 0.01806640625
0 0.4892578125 0.5732421875 0.12565104166666666 0.017578125
0 0.3258463541666667 0.57568359375 0.095703125 0.01953125
0 0.4794921875 0.592041015625 0.10611979166666667 0.01611328125
2 0.3603515625 0.62255859375 0.16731770833333334 0.025390625
0 0.6442057291666666 0.657470703125 0.17122395833333334 0.03857421875
0 0.7018229166666666 0.73095703125 0.27734375 0.021484375
0 0.65234375 0.750732421875 0.17838541666666666 0.02197265625
2 0.75390625 0.775146484375 0.18359375 0.02880859375
0 0.6123046875 0.81787109375 0.07747395833333333 0.033203125
2 0.7708333333333334 0.906494140625 0.1875 0.02978515625
1 0.4114583333333333 0.5712890625 0.28515625 0.126953125
1 0.7005208333333334 0.713623046875 0.2890625 0.15087890625
1 0.7135416666666666 0.864013671875 0.2981770833333333 0.12744140625
0 0.7151692708333334 0.85107421875 0.294921875 0.0322265625
0 0.7190755208333334 0.819580078125 0.09309895833333333 0.03271484375
0 0.591796875 0.8837890625 0.05078125 0.021484375
0 0.7779947916666666 0.884033203125 0.109375 0.02490234375
0 0.6748046875 0.882080078125 0.087890625 0.02490234375
0 0.6116536458333334 0.689208984375 0.099609375 0.01904296875
0 0.7112630208333334 0.6875 0.08138020833333333 0.021484375
0 0.60546875 0.70947265625 0.08463541666666667 0.0205078125
0 0.7024739583333334 0.708251953125 0.09765625 0.02001953125
0 0.8011067708333334 0.709228515625 0.07747395833333333 0.02294921875
