0 0.2919921875 0.30859375 0.15690104166666666 0.0283203125
2 0.8251953125 0.306640625 0.047526041666666664 0.0185546875
0 0.2972005208333333 0.33349609375 0.162109375 0.0224609375
2 0.8212890625 0.334228515625 0.047526041666666664 0.01904296875
0 0.2613932291666667 0.36083984375 0.09049479166666667 0.02734375
2 0.8199869791666666 0.3603515625 0.047526041666666664 0.0185546875
0 0.2734375 0.38916015625 0.10677083333333333 0.0263671875
2 0.8180338541666666 0.3857421875 0.047526041666666664 0.017578125
0 0.2848307291666667 0.411865234375 0.126953125 0.02978515625
2 0.8160807291666666 0.4111328125 0.047526041666666664 0.0185546875
0 0.2649739583333333 0.435546875 0.08203125 0.0244140625
2 0.8138020833333334 0.4365234375 0.045572916666666664 0.017578125
0 0.2639973958333333 0.459716796875 0.076171875 0.02294921875
2 0.8118489583333334 0.461181640625 0.045572916666666664 0.01708984375
0 0.2786458333333333 0.48388671875 0.1015625 0.021484375
2 0.8095703125 0.484619140625 0.047526041666666664 0.01708984375
1 0.5296223958333334 0.510009765625 0.6022135416666666 0.02392578125
2 0.8072916666666666 0.5087890625 0.049479166666666664 0.0205078125
0 0.27734375 0.533447265625 0.09244791666666667 0.02197265625
2 0.8056640625 0.53271484375 0.047526041666666664 0.017578125
0 0.3206380208333333 0.5537109375 0.18294270833333334 0.0234375
2 0.8033854166666666 0.555419921875 0.045572916666666664 0.01611328125
1 0.5286458333333334 0.5546875 0.5989583333333334 0.0234375
0 0.359375 0.617431640625 0.2421875 0.02001953125
0 0.3779296875 0.638916015625 0.2779947916666667 0.02099609375
0 0.3291015625 0.660400390625 0.177734375 0.02001953125
0 0.330078125 0.6826171875 0.17708333333333334 0.0224609375
0 0.3753255208333333 0.703369140625 0.259765625 0.02294921875
0 0.322265625 0.72314453125 0.15104166666666666 0.0224609375
0 0.337890625 0.744140625 0.18229166666666666 0.0224609375
0 0.4368489583333333 0.798583984375 0.3658854166666667 0.02392578125
0 0.3655598958333333 0.816650390625 0.216796875 0.02099609375
0 0.3665364583333333 0.835693359375 0.21875 0.02197265625
1 0.5305989583333334 0.306640625 0.63671875 0.0263671875
1 0.5302734375 0.332275390625 0.630859375 0.02197265625
1 0.52734375 0.359619140625 0.625 0.02685546875
1 0.5338541666666666 0.3857421875 0.6302083333333334 0.021484375
1 0.529296875 0.40966796875 0.6184895833333334 0.0224609375
1 0.5299479166666666 0.433837890625 0.6106770833333334 0.02294921875
1 0.529296875 0.458984375 0.609375 0.0234375
1 0.5325520833333334 0.482666015625 0.6119791666666666 0.02099609375
1 0.5266927083333334 0.533203125 0.59375 0.0234375
