0 0.5359066427289049 0.4322845417236662 0.18312387791741472 0.036935704514363885
2 0.7809694793536804 0.4319425444596443 0.118491921005386 0.0280437756497948
0 0.5771992818671454 0.47571819425444595 0.2639138240574506 0.03761969904240766
0 0.5143626570915619 0.5246238030095759 0.13644524236983843 0.03556771545827633
2 0.7706463195691203 0.5318057455540356 0.0763016157989228 0.021203830369357045
0 0.4991023339317774 0.56703146374829 0.11131059245960502 0.03419972640218878
0 0.5206463195691203 0.6094391244870041 0.15439856373429084 0.03283173734610123
2 0.7836624775583483 0.6104651162790697 0.11669658886894076 0.0280437756497948
0 0.5255834829443446 0.6521887824897401 0.16247755834829444 0.030779753761969904
2 0.7912926391382405 0.655608755129959 0.11579892280071813 0.02667578659370725
0 0.5390484739676841 0.6987004103967168 0.18940754039497307 0.03488372093023256
2 0.7868043087971275 0.7007523939808481 0.12118491921005387 0.0280437756497948
0 0.5489228007181328 0.7417920656634747 0.2073608617594255 0.030779753761969904
2 0.7827648114901257 0.7452120383036935 0.118491921005386 0.029411764705882353
2 0.7863554757630161 0.4784541723666211 0.11669658886894076 0.0280437756497948
1 0.6427289048473968 0.4316005471956224 0.39676840215439857 0.038303693570451436
1 0.6404847396768402 0.47674418604651164 0.39228007181328545 0.03419972640218878
1 0.6400359066427289 0.5259917920656635 0.39138240574506283 0.03556771545827633
1 0.6422800718132855 0.5663474692202463 0.4012567324955117 0.03556771545827633
1 0.644524236983842 0.6094391244870041 0.3985637342908438 0.03146374829001368
1 0.6467684021543986 0.6521887824897401 0.4066427289048474 0.033515731874145006
1 0.644524236983842 0.6973324213406292 0.3985637342908438 0.03488372093023256
1 0.6449730700179533 0.7414500683994528 0.3976660682226212 0.03283173734610123
