0 0.553388090349076 0.4986187845303867 0.3326488706365503 0.029005524861878452
0 0.5215605749486653 0.544889502762431 0.26899383983572894 0.029005524861878452
2 0.797741273100616 0.5435082872928176 0.13141683778234087 0.027624309392265192
0 0.5241273100616016 0.5890883977900553 0.26591375770020537 0.03038674033149171
2 0.8028747433264887 0.6319060773480663 0.1293634496919918 0.027624309392265192
0 0.5374743326488707 0.6357044198895028 0.29876796714579057 0.03798342541436464
0 0.5374743326488707 0.6802486187845304 0.2926078028747433 0.03038674033149171
1 0.6647843942505134 0.7234116022099447 0.5431211498973306 0.04074585635359116
2 0.8069815195071869 0.4972375690607735 0.13141683778234087 0.027624309392265192
2 0.797741273100616 0.5821823204419889 0.1293634496919918 0.027624309392265192
2 0.8049281314168378 0.6774861878453039 0.1293634496919918 0.027624309392265192
2 0.86652977412731 0.7185773480662984 0.1293634496919918 0.028314917127071824
1 0.6324435318275154 0.49896408839779005 0.486652977412731 0.0324585635359116
1 0.6242299794661191 0.543853591160221 0.47433264887063653 0.029696132596685083
1 0.6257700205338809 0.587707182320442 0.4671457905544148 0.03038674033149171
1 0.6293634496919918 0.6346685082872928 0.47638603696098564 0.03867403314917127
1 0.6288501026694046 0.6795580110497238 0.4753593429158111 0.031767955801104975
0 0.5939425051334702 0.7234116022099447 0.40143737166324434 0.04350828729281768
