0 0.6409090909090909 0.4381983240223464 0.08727272727272728 0.02723463687150838
0 0.6218181818181818 0.48498603351955305 0.05272727272727273 0.02863128491620112
2 0.7295454545454545 0.4884776536312849 0.08454545454545455 0.03282122905027933
1 0.31136363636363634 0.49022346368715086 0.2718181818181818 0.030726256983240222
2 0.39 0.49022346368715086 0.11454545454545455 0.02653631284916201
0 0.6418181818181818 0.5289804469273743 0.0890909090909091 0.031424581005586594
0 0.19227272727272726 0.5303770949720671 0.046363636363636364 0.03840782122905028
2 0.395 0.5356145251396648 0.10454545454545454 0.023743016759776536
2 0.4022727272727273 0.5754189944134078 0.09 0.030726256983240222
0 0.6981818181818182 0.5792597765363129 0.2018181818181818 0.03282122905027933
0 0.21363636363636362 0.5810055865921788 0.12363636363636364 0.0335195530726257
0 0.23863636363636365 0.6239525139664804 0.16636363636363635 0.03282122905027933
2 0.39090909090909093 0.6225558659217877 0.08363636363636363 0.024441340782122904
0 0.19090909090909092 0.6679469273743017 0.06909090909090909 0.030027932960893854
2 0.39 0.6686452513966481 0.11454545454545455 0.02723463687150838
0 0.23 0.714036312849162 0.16 0.031424581005586594
0 0.22045454545454546 0.7583798882681564 0.1390909090909091 0.034916201117318434
0 0.2863636363636364 0.806913407821229 0.2672727272727273 0.031424581005586594
0 0.185 0.8470670391061452 0.07363636363636364 0.029329608938547486
2 0.38545454545454544 0.7154329608938548 0.11454545454545455 0.02723463687150838
2 0.38272727272727275 0.7559357541899442 0.11454545454545455 0.02723463687150838
2 0.4890909090909091 0.806913407821229 0.11454545454545455 0.02723463687150838
2 0.8718181818181818 0.5799581005586593 0.11454545454545455 0.02723463687150838
2 0.7627272727272727 0.5317737430167597 0.11454545454545455 0.02723463687150838
2 0.3809090909090909 0.7545391061452514 0.11454545454545455 0.02723463687150838
1 0.3118181818181818 0.5286312849162011 0.2872727272727273 0.03910614525139665
1 0.2990909090909091 0.5782122905027933 0.2872727272727273 0.030726256983240222
1 0.295 0.6208100558659218 0.2772727272727273 0.03770949720670391
1 0.30227272727272725 0.666550279329609 0.2918181818181818 0.030027932960893854
1 0.29863636363636364 0.7150837988826816 0.29545454545454547 0.0335195530726257
1 0.295 0.7580307262569832 0.29 0.037011173184357544
1 0.34954545454545455 0.8062150837988827 0.3990909090909091 0.03282122905027933
1 0.6872727272727273 0.48463687150837986 0.18 0.030726256983240222
1 0.7118181818181818 0.5286312849162011 0.22545454545454546 0.0335195530726257
1 0.7672727272727272 0.5789106145251397 0.33636363636363636 0.034916201117318434
0 0.22636363636363635 0.4884776536312849 0.10727272727272727 0.02863128491620112
