0 0.41622574955908287 0.19345238095238096 0.25573192239858905 0.018849206349206348
0 0.38051146384479717 0.21850198412698413 0.18783068783068782 0.015873015873015872
0 0.41512345679012347 0.24243551587301587 0.25970017636684306 0.026537698412698412
0 0.4069664902998236 0.26748511904761907 0.24691358024691357 0.021577380952380952
0 0.3977072310405644 0.29191468253968256 0.2328042328042328 0.020337301587301588
0 0.4210758377425044 0.3187003968253968 0.2804232804232804 0.028273809523809524
0 0.3758818342151676 0.34387400793650796 0.19444444444444445 0.021577380952380952
0 0.39087301587301587 0.3689236111111111 0.22707231040564374 0.019593253968253968
0 0.41181657848324515 0.39558531746031744 0.2689594356261023 0.018353174603174604
0 0.42658730158730157 0.42237103174603174 0.3037918871252205 0.01984126984126984
0 0.3977072310405644 0.4486607142857143 0.25132275132275134 0.022321428571428572
0 0.42658730158730157 0.47631448412698413 0.3134920634920635 0.023561507936507936
0 0.38271604938271603 0.5024801587301587 0.23015873015873015 0.02132936507936508
0 0.3445767195767196 0.5297619047619048 0.15299823633156967 0.018353174603174604
0 0.34325396825396826 0.5570436507936508 0.15564373897707232 0.018353174603174604
0 0.37103174603174605 0.5863095238095238 0.2156084656084656 0.01984126984126984
0 0.39087301587301587 0.6143353174603174 0.26146384479717816 0.027777777777777776
0 0.3445767195767196 0.6429811507936508 0.1715167548500882 0.018601190476190476
0 0.3941798941798942 0.6724950396825397 0.2768959435626102 0.024057539682539684
0 0.4486331569664903 0.7041170634920635 0.39021164021164023 0.024305555555555556
0 0.35030864197530864 0.7321428571428571 0.20149911816578484 0.022321428571428572
0 0.35030864197530864 0.7627728174603174 0.20679012345679013 0.021081349206349208
0 0.4010141093474427 0.794890873015873 0.3134920634920635 0.023313492063492064
