0 0.3296109510086455 0.39436970602889887 0.20965417867435157 0.03338315894369706
0 0.7006484149855908 0.39138016940707526 0.30187319884726227 0.03736920777279522
2 0.3296109510086455 0.42152466367713004 0.10446685878962536 0.019930244145490782
2 0.702449567723343 0.4212755356253114 0.1037463976945245 0.02142501245640259
0 0.33069164265129686 0.5692575984055804 0.2219020172910663 0.036372695565520675
0 0.7031700288184438 0.5707523667164923 0.13544668587896252 0.028400597907324365
0 0.33177233429394815 0.5991529646238166 0.10446685878962536 0.02042850024912805
2 0.7064121037463977 0.5996512207274539 0.10590778097982709 0.02142501245640259
0 0.590057636887608 0.6878425510712506 0.06340057636887608 0.04035874439461883
0 0.3346541786743516 0.7678126557050324 0.2615273775216138 0.03089187842551071
0 0.7017291066282421 0.7685600398604883 0.18155619596541786 0.030393622321873443
2 0.34293948126801155 0.7972097658196313 0.11527377521613832 0.019930244145490782
2 0.702449567723343 0.8004484304932735 0.1037463976945245 0.02142501245640259
1 0.3303314121037464 0.4025909317389138 0.21253602305475505 0.05779770802192327
1 0.7002881844380403 0.4025909317389138 0.30403458213256485 0.06178375685102142
1 0.33213256484149856 0.5792227204783259 0.23054755043227665 0.05829596412556054
1 0.7082132564841499 0.5849526656701545 0.14265129682997119 0.05480817140009965
1 0.3357348703170029 0.7802690582959642 0.260806916426513 0.05680119581464873
1 0.7013688760806917 0.7827603388141505 0.18371757925072046 0.060787244643746886
