2 0.7547231270358307 0.3322418136020151 0.11661237785016286 0.030730478589420653
0 0.2765472312703583 0.33425692695214104 0.26514657980456025 0.03173803526448363
0 0.26221498371335505 0.38110831234256926 0.23648208469055373 0.03173803526448363
2 0.757328990228013 0.3775818639798489 0.11921824104234528 0.033753148614609575
0 0.20846905537459284 0.43350125944584383 0.12638436482084692 0.033753148614609575
0 0.7530944625407167 0.4259445843828715 0.11335504885993486 0.034760705289672546
0 0.2736156351791531 0.47581863979848865 0.26188925081433223 0.040806045340050376
2 0.7547231270358307 0.47455919395465995 0.11661237785016286 0.029219143576826197
0 0.22052117263843649 0.5244332493702771 0.1504885993485342 0.029219143576826197
2 0.7534201954397394 0.5201511335012594 0.12182410423452769 0.03173803526448363
0 0.23420195439739414 0.5712846347607052 0.18045602605863192 0.029219143576826197
1 0.7521172638436482 0.5672544080604534 0.11921824104234528 0.03425692695214106
0 0.23550488599348535 0.6196473551637279 0.18045602605863192 0.03425692695214106
2 0.7570032573289902 0.6133501259445844 0.11726384364820847 0.033753148614609575
0 0.6019543973941368 0.6148614609571789 0.0781758957654723 0.009571788413098237
1 0.48566775244299676 0.6664987405541561 0.6820846905537459 0.03828715365239295
2 0.7553745928338762 0.6586901763224181 0.12312703583061889 0.03173803526448363
0 0.2980456026058632 0.7065491183879093 0.31335504885993487 0.037783375314861464
2 0.7596091205211727 0.7065491183879093 0.11856677524429968 0.03173803526448363
0 0.26775244299674267 0.7511335012594459 0.2488599348534202 0.04332493702770781
2 0.6550488599348534 0.7556675062972292 0.31596091205211724 0.03929471032745592
0 0.2296416938110749 0.7959697732997482 0.1752442996742671 0.03828715365239295
2 0.6726384364820847 0.7992443324937027 0.2768729641693811 0.03677581863979849
1 0.4788273615635179 0.3355163727959698 0.6736156351791531 0.04231738035264484
1 0.4771986970684039 0.3806045340050378 0.6742671009771987 0.04181360201511335
1 0.47687296416938113 0.42670025188916877 0.6657980456026059 0.03828715365239295
1 0.47850162866449514 0.4770780856423174 0.6742671009771987 0.04534005037783375
1 0.47915309446254073 0.5219143576826196 0.6703583061889251 0.03828715365239295
1 0.48143322475570033 0.5702770780856423 0.6775244299674267 0.03828715365239295
1 0.47915309446254073 0.620654911838791 0.6703583061889251 0.03828715365239295
0 0.21498371335504887 0.66272040302267 0.1511400651465798 0.03677581863979849
1 0.48143322475570033 0.7075566750629723 0.6827361563517915 0.04181360201511335
1 0.48534201954397393 0.74911838790932 0.6749185667752443 0.04937027707808564
1 0.4804560260586319 0.7949622166246851 0.6794788273615635 0.04030226700251889
