1 0.5229138166894665 0.3708723509117792 0.7079343365253078 0.030064070970921637
2 0.8057455540355677 0.3696402168555939 0.13406292749658003 0.02957121734844751
0 0.20622435020519836 0.4169541646131099 0.0786593707250342 0.030556924593395762
2 0.8071135430916553 0.41547560374568754 0.13406292749658003 0.03548546081813701
0 0.2667578659370725 0.46525381961557416 0.20656634746922026 0.04435682602267127
2 0.811217510259918 0.46205027106949237 0.146374829001368 0.035978314440611135
0 0.2110123119015048 0.5105963528831937 0.09097127222982217 0.030556924593395762
2 0.8040355677154583 0.5086249383932971 0.13611491108071136 0.03942828979793001
0 0.2647058823529412 0.5603745687530803 0.19699042407660738 0.040413997042878264
2 0.8081395348837209 0.5596352883193692 0.14432284541723667 0.03400689995071464
1 0.5188098495212038 0.6081813701330705 0.7106703146374829 0.03548546081813701
2 0.8057455540355677 0.6054706752094627 0.13953488372093023 0.03400689995071464
0 0.2705198358413133 0.65352390340069 0.21682626538987687 0.04337111877772302
2 0.8057455540355677 0.6530310497782159 0.14227086183310533 0.037456875308033516
0 0.23153214774281805 0.6993592902907836 0.13611491108071136 0.030556924593395762
2 0.8098495212038304 0.700591424346969 0.1436388508891929 0.035978314440611135
0 0.246922024623803 0.7491375061606703 0.16279069767441862 0.03351404632824051
2 0.8074555403556771 0.7493839329719073 0.1456908344733242 0.03499260719566289
1 0.5201778385772914 0.795465746673238 0.713406292749658 0.032528339083292265
2 0.8064295485636115 0.7969443075406605 0.1436388508891929 0.03351404632824051
0 0.2715458276333789 0.8440118284869393 0.2051983584131327 0.04780680137999014
2 0.8026675786593708 0.8435189748644653 0.13885088919288646 0.03893543617545589
0 0.19493844049247605 0.3716116313454904 0.05471956224350205 0.03351404632824051
1 0.5256497948016415 0.41793987185805814 0.7202462380300958 0.03449975357318876
1 0.5218878248974008 0.4650073928043371 0.719562243502052 0.04583538689009364
1 0.5198358413132695 0.511828486939379 0.7113543091655267 0.03499260719566289
1 0.5225718194254446 0.5611138491867915 0.7154582763337893 0.04386397240019714
0 0.24076607387140903 0.606456382454411 0.1573187414500684 0.03400689995071464
1 0.5181258549931601 0.6508132084770824 0.7147742818057455 0.03992114342040414
1 0.5194938440492476 0.700837851158206 0.7147742818057455 0.03548546081813701
1 0.524281805745554 0.7503696402168556 0.7202462380300958 0.03794972893050764
0 0.2606019151846785 0.795219319862001 0.19699042407660738 0.03400689995071464
1 0.5222298221614227 0.8440118284869393 0.7093023255813954 0.04977821586988664
