0 0.17149595687331537 0.3758654797230465 0.06132075471698113 0.03461918892185954
2 0.7799865229110512 0.3731454005934718 0.13544474393530997 0.03214638971315529
0 0.18665768194070081 0.42136498516320475 0.07681940700808626 0.028684470820969338
2 0.7783018867924528 0.4208704253214639 0.1320754716981132 0.032640949554896145
0 0.2459568733153639 0.4698318496538081 0.20350404312668463 0.043521266073194856
2 0.7749326145552561 0.46636993076162214 0.1293800539083558 0.03857566765578635
1 0.4939353099730458 0.5158259149357072 0.6981132075471698 0.03857566765578635
2 0.7772911051212938 0.5160731948565777 0.13679245283018868 0.03214638971315529
0 0.2442722371967655 0.5655291790306627 0.19474393530997305 0.04302670623145401
2 0.7783018867924528 0.5633036597428289 0.13881401617250674 0.03461918892185954
0 0.2210242587601078 0.6130069238377843 0.15363881401617252 0.0351137487636004
2 0.7766172506738545 0.612759643916914 0.13544474393530997 0.03165182987141444
0 0.24966307277628033 0.6580118694362018 0.21361185983827494 0.044015825914935705
2 0.7756064690026954 0.6597428288822947 0.13746630727762804 0.03165182987141444
0 0.2152964959568733 0.7072205736894164 0.14353099730458221 0.036597428288822946
2 0.7779649595687331 0.7064787339268052 0.13544474393530997 0.037091988130563795
0 0.2284366576819407 0.753461918892186 0.16846361185983827 0.03412462908011869
2 0.7786388140161725 0.755192878338279 0.14353099730458221 0.033630069238377844
0 0.2398921832884097 0.8021760633036598 0.19137466307277629 0.03560830860534125
2 0.7762803234501348 0.8034124629080118 0.13881401617250674 0.03115727002967359
0 0.2473045822102426 0.8496538081107814 0.21159029649595687 0.04846686449060336
2 0.7776280323450134 0.8461918892185954 0.14285714285714285 0.032640949554896145
1 0.4942722371967655 0.37487636003956476 0.7095687331536388 0.03461918892185954
1 0.4956199460916442 0.42334322453016815 0.6974393530997305 0.03461918892185954
1 0.49292452830188677 0.46463897131552917 0.7001347708894878 0.0351137487636004
0 0.19305929919137466 0.5168150346191889 0.0963611859838275 0.03461918892185954
1 0.49797843665768193 0.5665182987141444 0.6994609164420486 0.0410484668644906
1 0.49359838274932616 0.6115232443125618 0.7014824797843666 0.03412462908011869
1 0.49595687331536387 0.6560336300692384 0.7088948787061995 0.0420375865479723
1 0.49865229110512127 0.7067260138476755 0.7129380053908356 0.03758654797230465
1 0.49898921832884097 0.7544510385756676 0.7122641509433962 0.0380811078140455
1 0.4942722371967655 0.8044015825914935 0.7028301886792453 0.0420375865479723
1 0.5006738544474394 0.8474282888229476 0.6940700808625337 0.049950544015825916
