2 0.8093457943925234 0.31608391608391606 0.1252336448598131 0.032167832167832165
0 0.2163551401869159 0.31608391608391606 0.16355140186915887 0.02937062937062937
2 0.8065420560747664 0.3531468531468531 0.1233644859813084 0.027972027972027972
0 0.24953271028037383 0.3527972027972028 0.22803738317757008 0.03006993006993007
2 0.8074766355140187 0.38636363636363635 0.1252336448598131 0.02727272727272727
0 0.258411214953271 0.3902097902097902 0.24392523364485982 0.02937062937062937
2 0.8093457943925234 0.42377622377622376 0.1252336448598131 0.02937062937062937
0 0.24953271028037383 0.4258741258741259 0.22429906542056074 0.033566433566433566
2 0.8074766355140187 0.45944055944055945 0.1252336448598131 0.033566433566433566
0 0.23925233644859814 0.46293706293706294 0.205607476635514 0.02937062937062937
2 0.8065420560747664 0.4982517482517482 0.11214953271028037 0.03006993006993007
0 0.27897196261682244 0.4986013986013986 0.28317757009345795 0.03076923076923077
2 0.8107476635514018 0.5339160839160839 0.12429906542056075 0.024475524475524476
1 0.5060747663551401 0.5353146853146853 0.7336448598130841 0.032867132867132866
2 0.8046728971962617 0.5678321678321678 0.11588785046728972 0.025174825174825177
0 0.27897196261682244 0.5716783216783217 0.2757009345794392 0.025874125874125874
0 0.258411214953271 0.6055944055944056 0.23644859813084113 0.03636363636363636
2 0.8074766355140187 0.6052447552447553 0.11401869158878504 0.025874125874125874
2 0.8070093457943925 0.6423076923076924 0.11869158878504672 0.02727272727272727
0 0.2836448598130841 0.6433566433566433 0.2850467289719626 0.03496503496503497
2 0.7439252336448599 0.6811188811188811 0.2411214953271028 0.033566433566433566
0 0.20700934579439254 0.6797202797202797 0.12990654205607477 0.03076923076923077
0 0.42710280373831777 0.7713286713286713 0.5607476635514018 0.026573426573426574
2 0.8070093457943925 0.7895104895104895 0.16728971962616823 0.03496503496503497
0 0.42102803738317757 0.8 0.5579439252336449 0.032167832167832165
0 0.21401869158878506 0.8311188811188811 0.14953271028037382 0.02727272727272727
0 0.2191588785046729 0.8590909090909091 0.16542056074766356 0.025874125874125874
0 0.27009345794392525 0.8916083916083916 0.27289719626168224 0.03076923076923077
0 0.20981308411214952 0.9234265734265734 0.15233644859813084 0.025874125874125874
0 0.38037383177570094 0.9548951048951049 0.5121495327102804 0.032867132867132866
0 0.7813084112149533 0.9590909090909091 0.12149532710280374 0.021678321678321677
1 0.505607476635514 0.3118881118881119 0.7420560747663552 0.03496503496503497
1 0.502803738317757 0.35174825174825175 0.7383177570093458 0.03076923076923077
1 0.5014018691588785 0.38986013986013984 0.7336448598130841 0.03146853146853147
1 0.5014018691588785 0.4241258741258741 0.7317757009345794 0.032867132867132866
1 0.5037383177570094 0.46118881118881117 0.7383177570093458 0.028671328671328673
1 0.5 0.4972027972027972 0.7289719626168224 0.03076923076923077
0 0.30794392523364483 0.5332167832167832 0.3411214953271028 0.03146853146853147
1 0.5023364485981309 0.5737762237762237 0.7261682242990655 0.032867132867132866
1 0.5032710280373832 0.6024475524475524 0.7299065420560747 0.032867132867132866
1 0.5018691588785047 0.6412587412587413 0.7252336448598131 0.033566433566433566
1 0.5014018691588785 0.6807692307692308 0.7224299065420561 0.03566433566433566
0 0.4252336448598131 0.76993006993007 0.5607476635514018 0.026573426573426574
1 0.5149532710280373 0.8534965034965035 0.7588785046728972 0.1965034965034965
1 0.48598130841121495 0.956993006993007 0.7271028037383177 0.03986013986013986
