2 0.7952830188679245 0.28878116343490307 0.11886792452830189 0.029085872576177285
0 0.2268867924528302 0.29778393351800553 0.219811320754717 0.030470914127423823
2 0.7943396226415095 0.3265235457063712 0.12075471698113208 0.028393351800554016
0 0.21226415094339623 0.33587257617728533 0.18867924528301888 0.030470914127423823
2 0.7962264150943397 0.36426592797783935 0.12075471698113208 0.029085872576177285
0 0.30330188679245285 0.37153739612188363 0.36886792452830186 0.03254847645429363
2 0.7981132075471699 0.40166204986149584 0.12075471698113208 0.027700831024930747
0 0.30330188679245285 0.4103185595567867 0.36698113207547167 0.04085872576177285
2 0.7981132075471699 0.43975069252077564 0.12075471698113208 0.029085872576177285
0 0.27405660377358493 0.4473684210526316 0.30283018867924527 0.029085872576177285
2 0.7990566037735849 0.47714681440443213 0.11886792452830189 0.027700831024930747
0 0.27641509433962264 0.4851108033240997 0.30943396226415093 0.036703601108033244
2 0.8009433962264151 0.5148891966759003 0.11886792452830189 0.027008310249307478
0 0.25141509433962267 0.5207756232686981 0.25566037735849056 0.03185595567867036
2 0.8018867924528302 0.5526315789473685 0.12075471698113208 0.027700831024930747
0 0.22547169811320755 0.560595567867036 0.19811320754716982 0.029778393351800554
2 0.8037735849056604 0.5907202216066482 0.12075471698113208 0.027700831024930747
0 0.2429245283018868 0.5934903047091413 0.23113207547169812 0.030470914127423823
0 0.20141509433962265 0.6724376731301939 0.14622641509433962 0.02631578947368421
0 0.19056603773584907 0.7087950138504155 0.12075471698113208 0.027008310249307478
2 0.7759433962264151 0.7569252077562327 0.1820754716981132 0.07894736842105263
0 0.15235849056603773 0.7475761772853186 0.03490566037735849 0.022853185595567867
0 0.18254716981132074 0.784972299168975 0.09905660377358491 0.025623268698060944
0 0.20754716981132076 0.8216759002770083 0.1490566037735849 0.029778393351800554
0 0.2080188679245283 0.8601108033240997 0.15 0.02631578947368421
2 0.7396226415094339 0.8923130193905817 0.25660377358490566 0.036703601108033244
0 0.2099056603773585 0.8992382271468145 0.14622641509433962 0.027008310249307478
1 0.4877358490566038 0.29259002770083103 0.7452830188679245 0.036703601108033244
1 0.49056603773584906 0.3317174515235457 0.7490566037735849 0.037396121883656507
1 0.4872641509433962 0.3701523545706371 0.7518867924528302 0.046398891966759004
1 0.4900943396226415 0.40685595567867033 0.7443396226415094 0.036703601108033244
1 0.49056603773584906 0.4435595567867036 0.7396226415094339 0.03254847645429363
1 0.48867924528301887 0.4837257617728532 0.7377358490566037 0.036703601108033244
1 0.48962264150943396 0.5197368421052632 0.7358490566037735 0.039473684210526314
1 0.49339622641509434 0.5554016620498615 0.7377358490566037 0.036011080332409975
1 0.49575471698113205 0.5955678670360111 0.7405660377358491 0.037396121883656507
1 0.49575471698113205 0.7666204986149584 0.7386792452830189 0.21745152354570638
1 0.5023584905660378 0.8971606648199446 0.7273584905660377 0.04778393351800554
