0 0.28591417910447764 0.3327633378932969 0.269589552238806 0.02667578659370725
0 0.292910447761194 0.36662106703146374 0.2835820895522388 0.030095759233926128
2 0.8115671641791045 0.38645690834473323 0.1623134328358209 0.07250341997264022
0 0.3185634328358209 0.4011627906976744 0.33115671641791045 0.030779753761969904
0 0.29850746268656714 0.4353625170998632 0.291044776119403 0.030779753761969904
0 0.2555970149253731 0.5512995896032832 0.20708955223880596 0.03146374829001368
2 0.8166977611940298 0.5619015047879617 0.12033582089552239 0.022571819425444596
0 0.22901119402985073 0.5837893296853626 0.15205223880597016 0.029411764705882353
2 0.8125 0.5964432284541724 0.11753731343283583 0.023255813953488372
0 0.22994402985074627 0.6186730506155951 0.15578358208955223 0.030779753761969904
2 0.8134328358208955 0.6296169630642955 0.11940298507462686 0.023939808481532147
0 0.36800373134328357 0.7397400820793434 0.4430970149253731 0.03898768809849521
0 0.26399253731343286 0.771203830369357 0.23694029850746268 0.03625170998632011
2 0.7999067164179104 0.8098495212038304 0.16511194029850745 0.07523939808481532
0 0.2630597014925373 0.8050615595075239 0.23880597014925373 0.03556771545827633
0 0.32136194029850745 0.8402872777017784 0.3591417910447761 0.04035567715458276
0 0.2980410447761194 0.8727770177838577 0.3199626865671642 0.03556771545827633
0 0.44263059701492535 0.9151846785225718 0.6166044776119403 0.04377564979480164
2 0.8302238805970149 0.9251025991792066 0.12126865671641791 0.030779753761969904
1 0.5214552238805971 0.3850889192886457 0.7444029850746269 0.13406292749658003
1 0.5149253731343284 0.5550615595075239 0.7294776119402985 0.041723666210670314
1 0.5149253731343284 0.5892612859097127 0.7276119402985075 0.043091655266757865
1 0.5149253731343284 0.624829001367989 0.7294776119402985 0.043091655266757865
1 0.5139925373134329 0.8040355677154583 0.7388059701492538 0.17031463748290013
1 0.5121268656716418 0.9158686730506156 0.7593283582089553 0.047879616963064295
