2 0.7805755395683454 0.32281553398058255 0.12050359712230216 0.031206657420249653
1 0.48201438848920863 0.3245492371705964 0.7482014388489209 0.03744798890429958
2 0.7814748201438849 0.3671983356449376 0.12050359712230216 0.028432732316227463
0 0.25089928057553956 0.37447988904299584 0.2841726618705036 0.03467406380027739
2 0.7810251798561151 0.41123439667128986 0.1196043165467626 0.027739251040221916
0 0.2517985611510791 0.41816920943134533 0.28597122302158273 0.033287101248266296
2 0.7801258992805755 0.45561719833564496 0.12140287769784172 0.027739251040221916
0 0.2414568345323741 0.4604715672676838 0.2652877697841727 0.0319001386962552
0 0.25944244604316546 0.503120665742025 0.2994604316546763 0.040915395284327326
2 0.779226618705036 0.5 0.1196043165467626 0.027739251040221916
0 0.2356115107913669 0.5481969486823856 0.25539568345323743 0.043689320388349516
2 0.779226618705036 0.544382801664355 0.1196043165467626 0.027739251040221916
0 0.2733812949640288 0.5891123439667129 0.329136690647482 0.046463245492371706
2 0.7801258992805755 0.5884188626907073 0.12140287769784172 0.028432732316227463
0 0.20413669064748202 0.6328016643550625 0.17805755395683454 0.028432732316227463
2 0.7801258992805755 0.6321081830790569 0.12140287769784172 0.027045769764216365
0 0.41097122302158273 0.6952149791955617 0.6025179856115108 0.043689320388349516
2 0.7904676258992805 0.7004160887656034 0.09712230215827339 0.033287101248266296
0 0.2783273381294964 0.8411927877947295 0.3408273381294964 0.03744798890429958
2 0.7090827338129496 0.8384188626907073 0.25989208633093525 0.0319001386962552
0 0.2567446043165468 0.8807212205270458 0.14838129496402877 0.04160887656033287
2 0.733363309352518 0.8814147018030514 0.11241007194244604 0.027739251040221916
2 0.7302158273381295 0.9223300970873787 0.11151079136690648 0.033287101248266296
0 0.2783273381294964 0.9271844660194175 0.24190647482014388 0.033287101248266296
0 0.18300359712230216 0.32662968099861306 0.15377697841726617 0.030513176144244106
1 0.4766187050359712 0.3720527045769764 0.7392086330935251 0.04230235783633842
1 0.47302158273381295 0.41678224687933424 0.7320143884892086 0.033287101248266296
1 0.4743705035971223 0.45943134535367547 0.7347122302158273 0.03814147018030513
1 0.4748201438848921 0.5 0.7338129496402878 0.03744798890429958
1 0.4721223021582734 0.5447295423023578 0.7320143884892086 0.03952843273231623
1 0.47302158273381295 0.5866851595006934 0.7320143884892086 0.044382801664355064
1 0.4784172661870504 0.6348821081830791 0.7302158273381295 0.03536754507628294
1 0.47347122302158273 0.8370319001386962 0.7347122302158273 0.0319001386962552
1 0.48830935251798563 0.8807212205270458 0.6097122302158273 0.04160887656033287
1 0.47302158273381295 0.9251040221914009 0.6348920863309353 0.0319001386962552
1 0.4739208633093525 0.6959084604715673 0.7338129496402878 0.05062413314840499
