0 0.3231827111984283 0.29821958456973297 0.3300589390962672 0.040059347181008904
2 0.8359528487229863 0.30229970326409494 0.12180746561886051 0.030415430267062313
0 0.3276031434184676 0.33902077151335314 0.3369351669941061 0.03412462908011869
2 0.8349705304518664 0.3431008902077151 0.1237721021611002 0.031899109792284865
0 0.2779960707269155 0.37945103857566764 0.23968565815324164 0.030415430267062313
2 0.8349705304518664 0.3850148367952522 0.12180746561886051 0.028189910979228485
0 0.2779960707269155 0.4209940652818991 0.23968565815324164 0.030415430267062313
2 0.8349705304518664 0.42729970326409494 0.12180746561886051 0.028189910979228485
0 0.31286836935166995 0.4629080118694362 0.3094302554027505 0.032640949554896145
2 0.8354616895874263 0.4681008902077151 0.12278978388998035 0.02967359050445104
0 0.24459724950884087 0.4970326409495549 0.16895874263261296 0.028189910979228485
2 0.8492141453831041 0.5029673590504451 0.10117878192534381 0.026706231454005934
2 0.6556974459724951 0.6787833827893175 0.14636542239685657 0.06528189910979229
0 0.24656188605108054 0.8041543026706232 0.17288801571709234 0.032640949554896145
0 0.29911591355599215 0.8449554896142433 0.28388998035363455 0.032640949554896145
2 0.8094302554027505 0.8686943620178041 0.17092337917485265 0.07863501483679525
0 0.26620825147347743 0.8813056379821959 0.22789783889980353 0.03115727002967359
0 0.25098231827111983 0.9217359050445104 0.2013752455795678 0.030415430267062313
0 0.5206286836935167 0.5882789317507419 0.6679764243614931 0.08160237388724036
1 0.5270137524557956 0.29896142433234424 0.7416502946954814 0.04451038575667656
1 0.5270137524557956 0.3375370919881306 0.7396856581532416 0.03412462908011869
1 0.5255402750491159 0.3839020771513353 0.7387033398821218 0.04228486646884273
1 0.5265225933202358 0.4247032640949555 0.7406679764243614 0.04080118694362018
1 0.5284872298624754 0.4677299703264095 0.7445972495088409 0.045252225519287835
1 0.5279960707269156 0.5025964391691394 0.7396856581532416 0.04228486646884273
1 0.5304518664047151 0.6298219584569733 0.6797642436149313 0.1632047477744807
1 0.5265225933202358 0.8631305637982196 0.7367387033398821 0.15356083086053413
