0 0.24293154761904762 0.41380070546737213 0.17485119047619047 0.03835978835978836
0 0.19729662698412698 0.4576719576719577 0.08854166666666667 0.03791887125220458
0 0.2034970238095238 0.498015873015873 0.1039186507936508 0.03571428571428571
0 0.3091517857142857 0.5438712522045855 0.31721230158730157 0.03747795414462081
0 0.1980406746031746 0.5842151675485009 0.09796626984126984 0.04144620811287478
0 0.23797123015873015 0.6258818342151675 0.1827876984126984 0.03571428571428571
0 0.23660714285714285 0.671957671957672 0.18551587301587302 0.03527336860670194
0 0.19456845238095238 0.7103174603174603 0.1039186507936508 0.042328042328042326
0 0.24801587301587302 0.8070987654320988 0.24702380952380953 0.04365079365079365
0 0.3240327380952381 0.7669753086419753 0.1793154761904762 0.0427689594356261
0 0.5668402777777778 0.42239858906525574 0.11879960317460317 0.03350970017636684
0 0.41865079365079366 0.4184303350970018 0.14087301587301587 0.03791887125220458
0 0.373015873015873 0.45943562610229277 0.22172619047619047 0.042328042328042326
0 0.3865327380952381 0.5017636684303352 0.23883928571428573 0.03968253968253968
0 0.6125992063492064 0.46649029982363316 0.21924603174603174 0.042328042328042326
0 0.5313740079365079 0.5476190476190477 0.09796626984126984 0.04144620811287478
0 0.3844246031746032 0.5859788359788359 0.2326388888888889 0.03880070546737213
0 0.6437251984126984 0.5947971781305115 0.23883928571428573 0.04585537918871252
0 0.44060019841269843 0.6320546737213404 0.1827876984126984 0.03571428571428571
0 0.4662698412698413 0.6754850088183422 0.23511904761904762 0.036155202821869487
0 0.3175843253968254 0.7142857142857143 0.1039186507936508 0.042328042328042326
0 0.47085813492063494 0.7202380952380952 0.1609623015873016 0.046296296296296294
0 0.6009424603174603 0.7667548500881834 0.34871031746031744 0.04497354497354497
0 0.7325148809523809 0.8209876543209876 0.12872023809523808 0.047619047619047616
0 0.574156746031746 0.8148148148148148 0.16021825396825398 0.04497354497354497
0 0.4334077380952381 0.8112874779541446 0.09697420634920635 0.04673721340388007
