0 0.32441471571906355 0.15581203627370158 0.391304347826087 0.026380873866446827
2 0.7667224080267558 0.1508656224237428 0.25585284280936454 0.026380873866446827
0 0.28762541806020064 0.22753503709810388 0.34782608695652173 0.02967848309975268
2 0.7675585284280937 0.2267106347897774 0.26421404682274247 0.028029678483099753
0 0.3102006688963211 0.30502885408079145 0.35618729096989965 0.026380873866446827
2 0.7784280936454849 0.3017312448474856 0.2491638795986622 0.026380873866446827
0 0.38545150501672243 0.37757625721352017 0.5066889632107023 0.028029678483099753
0 0.24665551839464883 0.4542456718878813 0.22909698996655517 0.026380873866446827
2 0.7951505016722408 0.4534212695795548 0.22909698996655517 0.028029678483099753
0 0.34698996655518394 0.5317394888705689 0.4230769230769231 0.03297609233305853
0 0.3001672240802676 0.6104699093157461 0.3294314381270903 0.025556471558120363
2 0.8001672240802675 0.6084089035449299 0.23244147157190637 0.026380873866446827
0 0.33612040133779264 0.686727122835944 0.3979933110367893 0.031327287716405604
2 0.8118729096989966 0.6838417147568013 0.2491638795986622 0.03215169002473207
2 0.7951505016722408 0.37757625721352017 0.2491638795986622 0.026380873866446827
2 0.7968227424749164 0.528441879637263 0.22909698996655517 0.028029678483099753
1 0.5016722408026756 0.15704863973619126 0.782608695652174 0.03215169002473207
1 0.5083612040133779 0.2267106347897774 0.7959866220735786 0.031327287716405604
1 0.5192307692307693 0.30420445177246497 0.7809364548494984 0.028029678483099753
1 0.5284280936454849 0.37757625721352017 0.7993311036789298 0.031327287716405604
1 0.5309364548494984 0.4542456718878813 0.8043478260869565 0.02967848309975268
1 0.5209030100334449 0.5280296784830998 0.7775919732441472 0.028854080791426217
1 0.5409698996655519 0.6079967023907666 0.8177257525083612 0.0403957131079967
1 0.5351170568561873 0.6896125309150866 0.802675585284281 0.0403957131079967
