2 0.7794561933534743 0.1912460567823344 0.17220543806646527 0.027602523659305992
0 0.36706948640483383 0.19913249211356468 0.44108761329305135 0.03391167192429022
2 0.7530211480362538 0.263801261829653 0.21299093655589124 0.030757097791798107
2 0.7651057401812689 0.34542586750788645 0.20694864048338368 0.026813880126182965
0 0.3957703927492447 0.3462145110410095 0.486404833836858 0.02996845425867508
2 0.7862537764350453 0.38958990536277605 0.19486404833836857 0.028391167192429023
0 0.311178247734139 0.40141955835962145 0.30513595166163143 0.022082018927444796
0 0.36253776435045315 0.4522870662460568 0.4169184290030212 0.026025236593059938
2 0.770392749244713 0.4475552050473186 0.20241691842900303 0.02917981072555205
0 0.24773413897280966 0.5078864353312302 0.2175226586102719 0.028391167192429023
2 0.7734138972809668 0.500788643533123 0.2084592145015106 0.031545741324921134
0 0.2854984894259819 0.569006309148265 0.2809667673716012 0.03391167192429022
2 0.7681268882175226 0.5619085173501577 0.19788519637462235 0.026025236593059938
0 0.3610271903323263 0.6261829652996845 0.4380664652567976 0.033123028391167195
0 0.39123867069486407 0.681782334384858 0.5105740181268882 0.026025236593059938
0 0.23791540785498488 0.26261829652996843 0.1646525679758308 0.025236593059936908
2 0.7696374622356495 0.6190851735015773 0.2190332326283988 0.033123028391167195
2 0.770392749244713 0.681782334384858 0.22658610271903323 0.026025236593059938
1 0.5105740181268882 0.27089905362776023 0.7069486404833837 0.09858044164037855
1 0.5045317220543807 0.1971608832807571 0.7129909365558912 0.03785488958990536
1 0.5083081570996979 0.34897476340694006 0.7175226586102719 0.038643533123028394
0 0.5098187311178247 0.3990536277602524 0.7175226586102719 0.04574132492113565
1 0.5090634441087614 0.4514984227129338 0.716012084592145 0.02917981072555205
1 0.5030211480362538 0.5063091482649842 0.743202416918429 0.03943217665615142
1 0.5037764350453172 0.5654574132492114 0.7235649546827795 0.02996845425867508
1 0.513595166163142 0.6253943217665615 0.7492447129909365 0.03470031545741325
1 0.5075528700906344 0.6821766561514195 0.7492447129909365 0.02996845425867508
0 0.4901812688821752 0.2701104100946372 0.19788519637462235 0.027602523659305992
0 0.43731117824773413 0.23304416403785488 0.07099697885196375 0.02444794952681388
0 0.5385196374622356 0.3063880126182965 0.2794561933534743 0.027602523659305992
