2 0.7019519519519519 0.1635399673735726 0.2147147147147147 0.02528548123980424
0 0.243993993993994 0.1737357259380098 0.24174174174174173 0.03588907014681892
0 0.3460960960960961 0.25856443719412725 0.43993993993993996 0.03425774877650897
0 0.2012012012012012 0.349510603588907 0.15015015015015015 0.026916802610114192
2 0.7117117117117117 0.33849918433931486 0.21921921921921922 0.026101141924959218
0 0.30105105105105107 0.4310766721044046 0.3588588588588589 0.033442088091353996
0 0.20645645645645647 0.5232463295269169 0.16666666666666666 0.02528548123980424
2 0.7274774774774775 0.5138662316476346 0.22072072072072071 0.02773246329526917
0 0.25075075075075076 0.6097063621533442 0.23723723723723725 0.030179445350734094
2 0.7319819819819819 0.6027732463295269 0.22372372372372373 0.02773246329526917
0 0.23723723723723725 0.6965742251223491 0.21021021021021022 0.026101141924959218
2 0.728978978978979 0.6904567699836868 0.22072072072072071 0.028548123980424143
2 0.6966966966966966 0.25203915171288743 0.22522522522522523 0.02936378466557912
2 0.7252252252252253 0.4265905383360522 0.21921921921921922 0.026101141924959218
1 0.4647147147147147 0.17047308319738988 0.6891891891891891 0.04567699836867863
1 0.466966966966967 0.2589722675367047 0.6876876876876877 0.03833605220228385
1 0.4797297297297297 0.349510603588907 0.7132132132132132 0.044861337683523655
1 0.47897897897897895 0.4310766721044046 0.7207207207207207 0.0367047308319739
1 0.4797297297297297 0.5171288743882545 0.7192192192192193 0.03588907014681892
1 0.4864864864864865 0.6072593800978793 0.7207207207207207 0.03833605220228385
1 0.48348348348348347 0.6908646003262643 0.7087087087087087 0.03588907014681892
