2 0.802649930264993 0.20255615801704105 0.14086471408647142 0.025561580170410533
0 0.4456066945606695 0.2072037180480248 0.41422594142259417 0.041053446940356314
2 0.8096234309623431 0.28272656855151046 0.13528591352859135 0.024786986831913247
0 0.4121338912133891 0.28969790859798605 0.3612273361227336 0.030983733539891558
0 0.40446304044630405 0.37025561580170413 0.3458856345885635 0.02943454686289698
2 0.796373779637378 0.3625096824167312 0.18410041841004185 0.027885360185902403
2 0.8145048814504882 0.44384198295894656 0.14783821478382148 0.027885360185902403
0 0.3702928870292887 0.4500387296669249 0.2580195258019526 0.030983733539891558
0 0.4330543933054393 0.5278853601859024 0.3723849372384937 0.025561580170410533
0 0.4616457461645746 0.6371030209140202 0.42677824267782427 0.027110766847405113
2 0.7768479776847977 0.6359411309062742 0.100418410041841 0.02943454686289698
2 0.806136680613668 0.5251742835011619 0.16178521617852162 0.027885360185902403
1 0.5564853556485355 0.20526723470178157 0.6415620641562064 0.040278853601859024
1 0.5550906555090656 0.29085979860573197 0.6527196652719666 0.03640588690937258
1 0.5578800557880056 0.3667699457784663 0.6582984658298466 0.041053446940356314
1 0.5634588563458857 0.45081332300542215 0.6499302649930265 0.03563129357087529
1 0.5662482566248257 0.5274980635166537 0.6443514644351465 0.027885360185902403
1 0.5348675034867504 0.6374903175832688 0.5788005578800558 0.030983733539891558
