0 0.3281733746130031 0.1556122448979592 0.4055727554179567 0.03571428571428571
2 0.7066563467492261 0.1526360544217687 0.2306501547987616 0.02806122448979592
0 0.30572755417956654 0.20153061224489796 0.3606811145510836 0.034013605442176874
0 0.27786377708978327 0.2512755102040816 0.3080495356037152 0.03486394557823129
2 0.7074303405572755 0.24319727891156462 0.22910216718266255 0.034013605442176874
0 0.26238390092879255 0.29931972789115646 0.2647058823529412 0.034013605442176874
2 0.7089783281733746 0.29209183673469385 0.22910216718266255 0.02806122448979592
0 0.31811145510835914 0.34183673469387754 0.38544891640866874 0.034013605442176874
0 0.34674922600619196 0.4192176870748299 0.4241486068111455 0.030612244897959183
0 0.24845201238390094 0.4651360544217687 0.22136222910216719 0.03231292517006803
2 0.7151702786377709 0.4608843537414966 0.23839009287925697 0.02891156462585034
0 0.3521671826625387 0.5097789115646258 0.4504643962848297 0.041666666666666664
0 0.2948916408668731 0.5616496598639455 0.3235294117647059 0.03486394557823129
2 0.7244582043343654 0.5544217687074829 0.23839009287925697 0.02891156462585034
0 0.28792569659442724 0.6079931972789115 0.29721362229102166 0.034013605442176874
2 0.7221362229102167 0.6024659863945578 0.2306501547987616 0.026360544217687076
0 0.3173374613003096 0.6539115646258503 0.3622291021671827 0.034013605442176874
0 0.32430340557275544 0.701530612244898 0.369969040247678 0.03741496598639456
2 0.728328173374613 0.6985544217687075 0.23684210526315788 0.02465986394557823
2 0.708204334365325 0.1951530612244898 0.2306501547987616 0.02806122448979592
2 0.7151702786377709 0.3354591836734694 0.22910216718266255 0.02806122448979592
2 0.7035603715170279 0.413265306122449 0.24922600619195046 0.027210884353741496
2 0.7198142414860681 0.5051020408163265 0.23839009287925697 0.02891156462585034
2 0.7314241486068112 0.6492346938775511 0.2306501547987616 0.026360544217687076
1 0.4729102167182663 0.15476190476190477 0.7012383900928792 0.03741496598639456
1 0.4791021671826625 0.19982993197278912 0.7136222910216719 0.034013605442176874
1 0.4744582043343653 0.24914965986394558 0.7074303405572755 0.034013605442176874
1 0.47368421052631576 0.2976190476190476 0.6934984520123839 0.034013605442176874
1 0.48142414860681115 0.34098639455782315 0.718266253869969 0.03571428571428571
1 0.47987616099071206 0.41836734693877553 0.6965944272445821 0.03231292517006803
1 0.4821981424148607 0.46343537414965985 0.695046439628483 0.03231292517006803
1 0.48297213622291024 0.5072278911564626 0.718266253869969 0.039965986394557826
1 0.4852941176470588 0.5586734693877551 0.7105263157894737 0.03231292517006803
1 0.4891640866873065 0.60671768707483 0.7058823529411765 0.03486394557823129
1 0.4907120743034056 0.6530612244897959 0.7151702786377709 0.03571428571428571
1 0.4969040247678019 0.6998299319727891 0.7213622291021672 0.03741496598639456
