0 0.3768882175226586 0.12008733624454149 0.4697885196374622 0.03406113537117904
2 0.7522658610271903 0.1611353711790393 0.23867069486404835 0.028820960698689956
0 0.29229607250755285 0.16681222707423582 0.270392749244713 0.0314410480349345
0 0.3557401812688822 0.2165938864628821 0.4093655589123867 0.026200873362445413
1 0.5219033232628398 0.2606986899563319 0.7205438066465257 0.03580786026200873
0 0.2711480362537764 0.31353711790393013 0.24018126888217523 0.03318777292576419
0 0.7537764350453172 0.3532751091703057 0.2326283987915408 0.028820960698689956
0 0.2938066465256798 0.35458515283842795 0.2794561933534743 0.03842794759825328
2 0.7560422960725075 0.4017467248908297 0.2280966767371601 0.029694323144104803
0 0.24697885196374622 0.4078602620087336 0.17673716012084592 0.03668122270742358
0 0.34818731117824775 0.45458515283842793 0.36706948640483383 0.032314410480349345
0 0.32779456193353473 0.5017467248908297 0.3293051359516616 0.03580786026200873
2 0.7643504531722054 0.49912663755458514 0.23564954682779457 0.03406113537117904
0 0.29607250755287007 0.5510917030567686 0.2628398791540785 0.0314410480349345
2 0.7620845921450151 0.5475982532751091 0.23716012084592145 0.026200873362445413
0 0.3557401812688822 0.6021834061135372 0.37915407854984895 0.03056768558951965
2 0.7643504531722054 0.5934497816593887 0.24169184290030213 0.03056768558951965
0 0.3632930513595166 0.6489082969432315 0.3942598187311178 0.0314410480349345
2 0.7681268882175226 0.6414847161572053 0.243202416918429 0.03056768558951965
0 0.37009063444108764 0.6986899563318777 0.40483383685800606 0.0314410480349345
2 0.7507552870090635 0.11135371179039301 0.23867069486404835 0.028820960698689956
2 0.7537764350453172 0.20829694323144105 0.23867069486404835 0.028820960698689956
2 0.7552870090634441 0.25895196506550217 0.23867069486404835 0.028820960698689956
2 0.7688821752265861 0.4537117903930131 0.23867069486404835 0.028820960698689956
2 0.7598187311178247 0.30611353711790396 0.23867069486404835 0.028820960698689956
2 0.7787009063444109 0.6903930131004367 0.243202416918429 0.03056768558951965
1 0.5060422960725075 0.11877729257641921 0.7341389728096677 0.034934497816593885
1 0.5158610271903323 0.16768558951965065 0.7235649546827795 0.03668122270742358
1 0.5090634441087614 0.21441048034934498 0.7311178247734139 0.03755458515283843
0 0.3293051359516616 0.26157205240174675 0.3413897280966767 0.032314410480349345
1 0.5105740181268882 0.31004366812227074 0.7250755287009063 0.029694323144104803
1 0.5158610271903323 0.35458515283842795 0.7205438066465257 0.04017467248908297
1 0.5128398791540786 0.40480349344978167 0.7145015105740181 0.03406113537117904
1 0.5264350453172205 0.4537117903930131 0.7265861027190332 0.028820960698689956
1 0.5196374622356495 0.5004366812227075 0.7190332326283988 0.03668122270742358
1 0.5211480362537765 0.5493449781659389 0.7190332326283988 0.0314410480349345
1 0.5241691842900302 0.5995633187772926 0.7250755287009063 0.032314410480349345
1 0.5249244712990937 0.6458515283842795 0.7235649546827795 0.028820960698689956
1 0.5287009063444109 0.6995633187772926 0.7280966767371602 0.03668122270742358
