0 0.33650793650793653 0.1622088006902502 0.3682539682539683 0.029335634167385678
2 0.7507936507936508 0.16867989646246764 0.21904761904761905 0.028472821397756688
0 0.3373015873015873 0.21138912855910266 0.3603174603174603 0.025884383088869714
2 0.7396825396825397 0.21268334771354616 0.23809523809523808 0.030198446937014668
0 0.3142857142857143 0.25841242450388263 0.326984126984127 0.025021570319240724
2 0.7396825396825397 0.26056945642795515 0.21587301587301588 0.031061259706643658
0 0.3531746031746032 0.30500431406384815 0.4142857142857143 0.030198446937014668
2 0.75 0.30457290767903367 0.19523809523809524 0.03796376186367558
0 0.30952380952380953 0.35677308024158755 0.33015873015873015 0.03364969801553063
2 0.726984126984127 0.3584987057808456 0.2571428571428571 0.026747195858498704
0 0.29603174603174603 0.40077653149266607 0.30317460317460315 0.03364969801553063
0 0.39365079365079364 0.44909404659188956 0.4888888888888889 0.03192407247627265
0 0.31746031746031744 0.5314926660914582 0.34285714285714286 0.031061259706643658
0 0.3103174603174603 0.5811044003451251 0.3380952380952381 0.026747195858498704
2 0.7428571428571429 0.5823986194995686 0.21587301587301588 0.03278688524590164
0 0.37222222222222223 0.633304572907679 0.4873015873015873 0.031061259706643658
0 0.373015873015873 0.676876617773943 0.46984126984126984 0.03537532355478861
2 0.726984126984127 0.4016393442622951 0.2571428571428571 0.026747195858498704
2 0.7444444444444445 0.451251078515962 0.20634920634920634 0.029335634167385678
2 0.7468253968253968 0.5301984469370147 0.2111111111111111 0.030198446937014668
2 0.7444444444444445 0.6272648835202761 0.21587301587301588 0.03278688524590164
2 0.7365079365079366 0.676876617773943 0.24444444444444444 0.028472821397756688
1 0.5055555555555555 0.16695427092320966 0.7126984126984127 0.04227782571182054
1 0.5079365079365079 0.21440897325280414 0.707936507936508 0.03537532355478861
1 0.4992063492063492 0.2614322691975841 0.7031746031746032 0.03451251078515962
1 0.49444444444444446 0.30629853321829165 0.7031746031746032 0.0362381363244176
1 0.49603174603174605 0.3572044866264021 0.7095238095238096 0.03796376186367558
1 0.5 0.40207075064710956 0.7174603174603175 0.03968938740293356
1 0.4992063492063492 0.45081967213114754 0.7063492063492064 0.03882657463330457
1 0.4992063492063492 0.5293356341673857 0.7126984126984127 0.030198446937014668
1 0.49206349206349204 0.5802415875754962 0.707936507936508 0.028472821397756688
1 0.4857142857142857 0.6311475409836066 0.7206349206349206 0.030198446937014668
1 0.49682539682539684 0.6755823986194995 0.7238095238095238 0.0362381363244176
