2 0.7354570637119113 0.17420212765957446 0.1523545706371191 0.020390070921985817
0 0.2742382271468144 0.1777482269503546 0.16620498614958448 0.023936170212765957
2 0.7375346260387812 0.22429078014184398 0.15373961218836565 0.024822695035460994
0 0.27631578947368424 0.22872340425531915 0.16759002770083103 0.02304964539007092
0 0.3337950138504155 0.2770390070921986 0.28254847645429365 0.03102836879432624
2 0.6862880886426593 0.3249113475177305 0.2590027700831025 0.023936170212765957
0 0.314404432132964 0.33023049645390073 0.24653739612188366 0.03280141843971631
2 0.6869806094182825 0.3754432624113475 0.26038781163434904 0.023936170212765957
0 0.30678670360110805 0.3807624113475177 0.2257617728531856 0.0274822695035461
0 0.296398891966759 0.42597517730496454 0.20221606648199447 0.03280141843971631
0 0.2590027700831025 0.4769503546099291 0.13019390581717452 0.024822695035460994
2 0.6925207756232687 0.4769503546099291 0.25761772853185594 0.02127659574468085
0 0.35803324099722994 0.5421099290780141 0.3254847645429363 0.05585106382978723
1 0.7250692520775623 0.5562943262411347 0.20637119113573407 0.03102836879432624
0 0.3545706371191136 0.6227836879432624 0.3157894736842105 0.057624113475177305
2 0.7278393351800554 0.636968085106383 0.20914127423822715 0.03102836879432624
0 0.3988919667590028 0.6870567375886525 0.407202216066482 0.03546099290780142
2 0.6849030470914127 0.27437943262411346 0.2590027700831025 0.023936170212765957
2 0.6897506925207756 0.4250886524822695 0.26038781163434904 0.023936170212765957
2 0.7292243767313019 0.6875 0.20914127423822715 0.03102836879432624
1 0.5020775623268698 0.1768617021276596 0.6274238227146814 0.025709219858156027
1 0.5048476454293629 0.22606382978723405 0.6301939058171745 0.040780141843971635
1 0.5013850415512465 0.274822695035461 0.6232686980609419 0.030141843971631204
1 0.5034626038781164 0.3275709219858156 0.6301939058171745 0.03102836879432624
1 0.5034626038781164 0.38120567375886527 0.6246537396121884 0.031914893617021274
1 0.502770083102493 0.4250886524822695 0.6204986149584487 0.034574468085106384
1 0.5048476454293629 0.4773936170212766 0.6274238227146814 0.02925531914893617
1 0.5096952908587258 0.5421099290780141 0.6343490304709142 0.05939716312056738
1 0.5159279778393352 0.6245567375886525 0.6440443213296398 0.06471631205673758
1 0.510387811634349 0.686613475177305 0.6301939058171745 0.03280141843971631
