0 0.7380239520958084 0.018891687657430732 0.03293413173652695 0.005877413937867338
0 0.3944610778443114 0.1964735516372796 0.43862275449101795 0.038623005877413935
0 0.35479041916167664 0.27120067170445006 0.3502994011976048 0.038623005877413935
0 0.35404191616766467 0.3421494542401343 0.3398203592814371 0.03610411418975651
2 0.8046407185628742 0.336272040302267 0.21706586826347304 0.027707808564231738
0 0.36077844311377244 0.41855583543240976 0.3592814371257485 0.031066330814441646
0 0.30389221556886226 0.491183879093199 0.2245508982035928 0.028547439126784216
0 0.8038922155688623 0.48530646515533166 0.20958083832335328 0.02686817800167926
0 0.3383233532934132 0.5621326616288833 0.3023952095808383 0.031066330814441646
2 0.8046407185628742 0.5587741393786734 0.23203592814371257 0.02938706968933669
0 0.3630239520958084 0.6364399664147775 0.34281437125748504 0.030226700251889168
2 0.813622754491018 0.6314021830394626 0.2470059880239521 0.030226700251889168
0 0.38248502994011974 0.7107472712006717 0.38173652694610777 0.02938706968933669
2 0.8181137724550899 0.7061293031066331 0.2410179640718563 0.030226700251889168
2 0.7926646706586826 0.1910159529806885 0.21706586826347304 0.027707808564231738
2 0.7941616766467066 0.26322418136020154 0.21706586826347304 0.027707808564231738
2 0.8106287425149701 0.4076406381192275 0.21706586826347304 0.027707808564231738
1 0.5351796407185628 0.19269521410579346 0.7260479041916168 0.03442485306465155
1 0.5389221556886228 0.2703610411418976 0.7245508982035929 0.04030226700251889
1 0.5508982035928144 0.3434089000839631 0.7395209580838323 0.041981528127623846
1 0.5479041916167665 0.41351805205709485 0.7395209580838323 0.03442485306465155
1 0.5531437125748503 0.4899244332493703 0.7290419161676647 0.03946263643996641
1 0.5606287425149701 0.554575986565911 0.7529940119760479 0.042821158690176324
1 0.5643712574850299 0.6322418136020151 0.7604790419161677 0.033585222502099076
1 0.5658682634730539 0.7086481947942905 0.7544910179640718 0.033585222502099076
