0 0.2788184438040346 0.12944162436548223 0.24639769452449567 0.032148900169204735
2 0.7082132564841499 0.12225042301184433 0.19452449567723343 0.02622673434856176
0 0.26440922190201727 0.16116751269035534 0.21469740634005763 0.03299492385786802
0 0.2298270893371758 0.19754653130287647 0.14553314121037464 0.031302876480541454
0 0.23631123919308358 0.22377326565143824 0.1585014409221902 0.031302876480541454
0 0.27521613832853026 0.2529610829103215 0.2334293948126801 0.032148900169204735
2 0.7312680115273775 0.30752961082910324 0.18011527377521613 0.03468697123519458
0 0.2154178674351585 0.3210659898477157 0.11959654178674352 0.02961082910321489
0 0.19956772334293948 0.3506768189509306 0.09077809798270893 0.02622673434856176
0 0.23631123919308358 0.3824027072758037 0.14697406340057637 0.025380710659898477
0 0.27089337175792505 0.4120135363790186 0.2219020172910663 0.030456852791878174
0 0.24279538904899137 0.477580372250423 0.15706051873198848 0.031302876480541454
0 0.19596541786743515 0.511844331641286 0.08357348703170028 0.028764805414551606
0 0.22910662824207492 0.5456852791878173 0.138328530259366 0.025380710659898477
0 0.28097982708933716 0.6116751269035533 0.23054755043227665 0.02707275803722504
0 0.2824207492795389 0.6446700507614214 0.2478386167146974 0.032148900169204735
0 0.2881844380403458 0.678087986463621 0.2622478386167147 0.027918781725888325
0 0.28097982708933716 0.7411167512690355 0.2507204610951009 0.0338409475465313
2 0.7053314121037464 0.15016920473773265 0.19452449567723343 0.02622673434856176
2 0.729106628242075 0.3392554991539763 0.1844380403458213 0.0338409475465313
2 0.7269452449567724 0.5004230118443317 0.19452449567723343 0.02622673434856176
2 0.7168587896253602 0.25084602368866327 0.19452449567723343 0.02622673434856176
2 0.7269452449567724 0.4699661590524535 0.19452449567723343 0.02622673434856176
2 0.7269452449567724 0.5325719120135364 0.19452449567723343 0.02622673434856176
2 0.7327089337175793 0.600253807106599 0.19452449567723343 0.02622673434856176
2 0.7370317002881844 0.6349407783417935 0.19452449567723343 0.02622673434856176
2 0.7384726224783862 0.6696277495769881 0.19452449567723343 0.02622673434856176
2 0.7082132564841499 0.18570219966159052 0.19452449567723343 0.02622673434856176
2 0.7096541786743515 0.2153130287648054 0.19452449567723343 0.02622673434856176
2 0.728386167146974 0.37013536379018613 0.18011527377521613 0.03468697123519458
2 0.7255043227665706 0.40143824027072755 0.18011527377521613 0.03468697123519458
1 0.484149855907781 0.12859560067681894 0.6628242074927954 0.0338409475465313
1 0.47910662824207495 0.16032148900169205 0.6498559077809798 0.03468697123519458
1 0.47910662824207495 0.18993231810490693 0.6498559077809798 0.03807106598984772
1 0.48559077809798273 0.21912013536379019 0.6628242074927954 0.028764805414551606
1 0.48559077809798273 0.2533840947546531 0.6570605187319885 0.03468697123519458
1 0.48703170028818443 0.3130287648054145 0.6685878962536023 0.04060913705583756
1 0.4956772334293948 0.34179357021996615 0.6887608069164265 0.04060913705583756
1 0.49135446685878964 0.37351945854483926 0.6772334293948127 0.04314720812182741
1 0.49135446685878964 0.4073604060913706 0.6657060518731989 0.04314720812182741
1 0.49279538904899134 0.47165820642978 0.6628242074927954 0.03299492385786802
1 0.4899135446685879 0.5093062605752962 0.6772334293948127 0.04060913705583756
1 0.49855907780979825 0.5380710659898477 0.6829971181556196 0.04060913705583756
1 0.4956772334293948 0.612098138747885 0.6657060518731989 0.04314720812182741
1 0.49495677233429397 0.6408629441624365 0.6786743515850144 0.04145516074450085
1 0.4942363112391931 0.672165820642978 0.6801152737752162 0.03637901861252115
2 0.7413544668587896 0.733502538071066 0.20028818443804033 0.030456852791878174
1 0.49639769452449567 0.739424703891709 0.6844380403458213 0.04060913705583756
