2 0.7938530734632684 0.1861198738170347 0.15742128935532235 0.02050473186119874
0 0.3020989505247376 0.19006309148264985 0.2653673163418291 0.026813880126182965
2 0.7991004497751124 0.2996845425867508 0.15892053973013492 0.02365930599369085
0 0.2653673163418291 0.305205047318612 0.18590704647676162 0.02365930599369085
2 0.8050974512743628 0.4148264984227129 0.1619190404797601 0.02365930599369085
0 0.3065967016491754 0.41798107255520506 0.2623688155922039 0.02365930599369085
2 0.8103448275862069 0.5299684542586751 0.16041979010494753 0.02050473186119874
0 0.2766116941529235 0.5323343848580442 0.19640179910044978 0.02050473186119874
2 0.7841079460269865 0.6478706624605678 0.07796101949025487 0.02917981072555205
0 0.3140929535232384 0.6490536277602523 0.2623688155922039 0.025236593059936908
1 0.5179910044977512 0.1888801261829653 0.7031484257871065 0.027602523659305992
1 0.5262368815592204 0.2992902208201893 0.7136431784107946 0.03548895899053628
1 0.5284857571214393 0.41758675078864355 0.712143928035982 0.026025236593059938
1 0.532983508245877 0.5323343848580442 0.7151424287856072 0.02365930599369085
1 0.5089955022488756 0.6533911671924291 0.6581709145427287 0.03706624605678233
