0 0.21284829721362228 0.16639741518578352 0.19040247678018576 0.029079159935379646
2 0.7198142414860681 0.15993537964458804 0.23219814241486067 0.03231017770597738
0 0.24613003095975233 0.2265751211631664 0.26625386996904027 0.02665589660743134
2 0.7306501547987616 0.22213247172859452 0.21671826625386997 0.027463651050080775
0 0.26160990712074306 0.28836833602584816 0.30340557275541796 0.027463651050080775
2 0.718266253869969 0.284329563812601 0.2476780185758514 0.030694668820678513
0 0.30030959752321984 0.3675282714054927 0.38080495356037153 0.030694668820678513
0 0.30727554179566563 0.43093699515347333 0.4040247678018576 0.02827140549273021
0 0.2515479876160991 0.4947495961227787 0.2770897832817337 0.02827140549273021
0 0.2917956656346749 0.5597738287560582 0.3637770897832817 0.033925686591276254
0 0.293343653250774 0.6191437802907916 0.3761609907120743 0.025040387722132473
0 0.228328173374613 0.6853796445880452 0.25232198142414863 0.02988691437802908
2 0.7422600619195047 0.6801292407108239 0.20278637770897834 0.027463651050080775
2 0.7167182662538699 0.36348949919224555 0.2476780185758514 0.030694668820678513
2 0.7368421052631579 0.42851373182552505 0.29411764705882354 0.033117932148626815
2 0.6996904024767802 0.48990306946688206 0.30030959752321984 0.02827140549273021
2 0.718266253869969 0.5525040387722132 0.2476780185758514 0.030694668820678513
2 0.7275541795665634 0.6195476575121163 0.2476780185758514 0.030694668820678513
1 0.4760061919504644 0.16760904684975766 0.7229102167182663 0.034733441033925685
1 0.4729102167182663 0.22778675282714056 0.7260061919504643 0.03231017770597738
1 0.47368421052631576 0.29361873990306947 0.7337461300309598 0.04119547657512116
1 0.47368421052631576 0.36712439418416803 0.7337461300309598 0.033117932148626815
1 0.4953560371517028 0.4321486268174475 0.7863777089783281 0.033925686591276254
1 0.4791021671826625 0.49515347334410337 0.7383900928792569 0.03231017770597738
1 0.47832817337461303 0.5597738287560582 0.7430340557275542 0.03715670436187399
1 0.4760061919504644 0.6215670436187399 0.7476780185758514 0.033117932148626815
1 0.4744582043343653 0.684168012924071 0.7507739938080495 0.030694668820678513
