0 0.22081218274111675 0.25426356589147286 0.2715736040609137 0.043410852713178294
2 0.9365482233502538 0.26666666666666666 0.07868020304568528 0.03255813953488372
0 0.21954314720812182 0.3062015503875969 0.26903553299492383 0.04186046511627907
2 0.9321065989847716 0.3189922480620155 0.08248730964467005 0.03333333333333333
0 0.2182741116751269 0.36007751937984495 0.2614213197969543 0.03488372093023256
2 0.9282994923857868 0.3682170542635659 0.08248730964467005 0.03255813953488372
0 0.2017766497461929 0.40813953488372096 0.233502538071066 0.04108527131782946
2 0.9225888324873096 0.4193798449612403 0.07614213197969544 0.031007751937984496
0 0.18401015228426396 0.45891472868217054 0.19796954314720813 0.040310077519379844
2 0.9213197969543148 0.4689922480620155 0.07360406091370558 0.02945736434108527
2 0.9175126903553299 0.5174418604651163 0.07868020304568528 0.02868217054263566
0 0.1618020304568528 0.5569767441860465 0.15355329949238578 0.03488372093023256
2 0.9111675126903553 0.5666666666666667 0.07360406091370558 0.02945736434108527
0 0.36548223350253806 0.6085271317829457 0.5609137055837563 0.046511627906976744
2 0.9041878172588832 0.6151162790697674 0.07487309644670051 0.02868217054263566
0 0.18083756345177665 0.7232558139534884 0.1916243654822335 0.037209302325581395
2 0.8991116751269036 0.7271317829457364 0.0799492385786802 0.02945736434108527
0 0.28743654822335024 0.772093023255814 0.399746192893401 0.037209302325581395
2 0.8972081218274112 0.7748062015503876 0.08375634517766498 0.03178294573643411
0 0.19606598984771573 0.818217054263566 0.22715736040609136 0.044186046511627906
2 0.8623096446700508 0.8197674418604651 0.15355329949238578 0.03953488372093023
0 0.4073604060913706 0.862015503875969 0.6446700507614214 0.04806201550387597
2 0.8464467005076142 0.8666666666666667 0.18527918781725888 0.034108527131782945
1 0.5291878172588832 0.2616279069767442 0.8934010152284264 0.06124031007751938
1 0.5310913705583756 0.3112403100775194 0.8972081218274112 0.05193798449612403
1 0.5234771573604061 0.41589147286821704 0.881979695431472 0.059689922480620154
1 0.5203045685279187 0.4635658914728682 0.8756345177664975 0.05271317829457364
0 0.11230964467005077 0.5058139534883721 0.0850253807106599 0.047286821705426356
1 0.5126903553299492 0.5093023255813953 0.8908629441624365 0.05426356589147287
1 0.5158629441624365 0.562015503875969 0.866751269035533 0.04806201550387597
1 0.5114213197969543 0.6131782945736434 0.8578680203045685 0.046511627906976744
1 0.5107868020304569 0.7263565891472868 0.8565989847715736 0.046511627906976744
1 0.5126903553299492 0.7786821705426357 0.8553299492385786 0.03333333333333333
1 0.5038071065989848 0.8166666666666667 0.8477157360406091 0.047286821705426356
0 0.506979695431472 0.8612403100775193 0.8489847715736041 0.04961240310077519
1 0.5044416243654822 0.8596899224806202 0.8489847715736041 0.04961240310077519