2 0.6143518518518518 0.17119901112484548 0.025 0.018541409147095178
0 0.4861111111111111 0.17861557478368356 0.2222222222222222 0.023485784919653894
2 0.6152777777777778 0.20642768850432633 0.032407407407407406 0.0173053152039555
0 0.4689814814814815 0.21013597033374537 0.18796296296296297 0.022249690976514216
2 0.6157407407407407 0.23980222496909764 0.03148148148148148 0.0173053152039555
0 0.4740740740740741 0.24289245982694685 0.1962962962962963 0.021013597033374538
2 0.6134259259259259 0.2861557478368356 0.032407407407407406 0.018541409147095178
0 0.45416666666666666 0.28491965389369595 0.15648148148148147 0.02843016069221261
2 0.3314814814814815 0.34363411619283063 0.025925925925925925 0.0173053152039555
0 0.11805555555555555 0.3368355995055624 0.075 0.023485784919653894
2 0.3337962962962963 0.3899876390605686 0.032407407407407406 0.018541409147095178
1 0.21481481481481482 0.45488257107540175 0.2722222222222222 0.0173053152039555
2 0.6092592592592593 0.40482076637824477 0.024074074074074074 0.023485784919653894
0 0.42453703703703705 0.4072929542645241 0.09722222222222222 0.018541409147095178
2 0.9217592592592593 0.40605686032138444 0.028703703703703703 0.018541409147095178
0 0.6777777777777778 0.411619283065513 0.04814814814814815 0.0173053152039555
0 0.43425925925925923 0.43819530284301605 0.11296296296296296 0.018541409147095178
2 0.6106481481481482 0.43819530284301605 0.026851851851851852 0.021013597033374538
2 0.3347222222222222 0.4530284301606922 0.032407407407407406 0.018541409147095178
2 0.9217592592592593 0.45859085290482077 0.028703703703703703 0.0173053152039555
0 0.4375 0.47095179233621753 0.11944444444444445 0.019777503090234856
2 0.6106481481481482 0.4715698393077874 0.026851851851851852 0.021013597033374538
0 0.13842592592592592 0.453646477132262 0.11203703703703703 0.0173053152039555
0 0.6777777777777778 0.4635352286773795 0.046296296296296294 0.0173053152039555
0 0.44351851851851853 0.5006180469715699 0.13148148148148148 0.022249690976514216
2 0.6097222222222223 0.5030902348578492 0.028703703703703703 0.022249690976514216
2 0.3365740740740741 0.5179233621755254 0.032407407407407406 0.0173053152039555
2 0.9236111111111112 0.5259579728059333 0.03425925925925926 0.018541409147095178
0 0.43796296296296294 0.534610630407911 0.12037037037037036 0.018541409147095178
2 0.6106481481481482 0.5333745364647713 0.030555555555555555 0.021013597033374538
0 0.1449074074074074 0.5241038318912238 0.1287037037037037 0.019777503090234856
0 0.6819444444444445 0.5271940667490729 0.05462962962962963 0.018541409147095178
0 0.4444444444444444 0.5648949320148331 0.13333333333333333 0.022249690976514216
2 0.6097222222222223 0.565512978986403 0.028703703703703703 0.018541409147095178
2 0.33564814814814814 0.5834363411619283 0.03425925925925926 0.0173053152039555
0 0.7092592592592593 0.5951792336217553 0.10925925925925926 0.021013597033374538
0 0.4222222222222222 0.5976514215080346 0.08888888888888889 0.018541409147095178
2 0.9254629629629629 0.5964153275648949 0.028703703703703703 0.018541409147095178
2 0.6097222222222223 0.600123609394314 0.025 0.021013597033374538
0 0.16805555555555557 0.5902348578491965 0.1787037037037037 0.023485784919653894
0 0.42268518518518516 0.6297898640296663 0.09166666666666666 0.021013597033374538
0 0.7074074074074074 0.6285537700865266 0.10555555555555556 0.023485784919653894
2 0.6097222222222223 0.6316440049443758 0.026851851851851852 0.019777503090234856
2 0.3375 0.6322620519159456 0.032407407407407406 0.016069221260815822
2 0.9259259259259259 0.6334981458590853 0.025925925925925925 0.018541409147095178
0 0.14953703703703702 0.6415327564894932 0.14537037037037037 0.019777503090234856
0 0.4351851851851852 0.6613102595797281 0.11666666666666667 0.022249690976514216
0 0.6958333333333333 0.6631644004944376 0.0824074074074074 0.023485784919653894
2 0.6111111111111112 0.6656365883807169 0.024074074074074074 0.023485784919653894
2 0.9268518518518518 0.669344870210136 0.027777777777777776 0.018541409147095178
2 0.33564814814814814 0.6817058096415327 0.03425925925925926 0.018541409147095178
0 0.4222222222222222 0.6946847960444994 0.09074074074074075 0.022249690976514216
2 0.612037037037037 0.6953028430160693 0.025925925925925925 0.018541409147095178
0 0.16157407407407406 0.6940667490729295 0.16574074074074074 0.023485784919653894
2 0.6125 0.7311495673671199 0.032407407407407406 0.018541409147095178
0 0.45787037037037037 0.7274412855377008 0.16203703703703703 0.021013597033374538
1 0.2125 0.33868974042027195 0.2675925925925926 0.032138442521631644
1 0.21574074074074073 0.638442521631644 0.2777777777777778 0.02843016069221261
1 0.21435185185185185 0.522867737948084 0.27870370370370373 0.024721878862793572
1 0.2152777777777778 0.588380716934487 0.275 0.027194066749072928
1 0.2175925925925926 0.6872682323856613 0.2777777777777778 0.032138442521631644
1 0.5009259259259259 0.173053152039555 0.25555555555555554 0.029666254635352288
1 0.5041666666666667 0.2126081582200247 0.25277777777777777 0.034610630407911
1 0.5041666666666667 0.24721878862793573 0.25277777777777777 0.034610630407911
1 0.5013888888888889 0.28244746600741655 0.25462962962962965 0.03584672435105068
1 0.4986111111111111 0.40667490729295425 0.2490740740740741 0.027194066749072928
1 0.5023148148148148 0.43757725587144625 0.2490740740740741 0.027194066749072928
1 0.5023148148148148 0.4721878862793572 0.2490740740740741 0.027194066749072928
1 0.5013888888888889 0.5043263288009888 0.2490740740740741 0.027194066749072928
1 0.5023148148148148 0.5315203955500618 0.2490740740740741 0.027194066749072928
1 0.5041666666666667 0.5636588380716935 0.2490740740740741 0.027194066749072928
1 0.49953703703703706 0.5982694684796045 0.2490740740740741 0.027194066749072928
1 0.5032407407407408 0.6291718170580964 0.2490740740740741 0.027194066749072928
1 0.500462962962963 0.6650185414091471 0.2490740740740741 0.027194066749072928
1 0.49953703703703706 0.6983930778739185 0.2490740740740741 0.027194066749072928
1 0.5032407407407408 0.7299134734239803 0.25277777777777777 0.02595797280593325
1 0.7939814814814815 0.4079110012360939 0.28425925925925927 0.027194066749072928
1 0.7930555555555555 0.45982694684796044 0.28425925925925927 0.024721878862793572
1 0.7976851851851852 0.5241038318912238 0.287962962962963 0.024721878862793572
1 0.7962962962962963 0.5976514215080346 0.28703703703703703 0.02843016069221261
1 0.7962962962962963 0.6310259579728059 0.28703703703703703 0.02843016069221261
1 0.7981481481481482 0.6668726823238567 0.28703703703703703 0.02843016069221261
1 0.21666666666666667 0.38751545117428926 0.27037037037037037 0.021013597033374538
0 0.13935185185185187 0.3862793572311496 0.11388888888888889 0.018541409147095178
