2 0.6375 0.21569839307787392 0.028703703703703703 0.018541409147095178
0 0.45416666666666666 0.2027194066749073 0.1175925925925926 0.029666254635352288
0 0.4356481481481482 0.2515451174289246 0.08055555555555556 0.030902348578491966
2 0.6393518518518518 0.26081582200247216 0.023148148148148147 0.0173053152039555
0 0.4287037037037037 0.28244746600741655 0.06666666666666667 0.02843016069221261
2 0.6407407407407407 0.2954264524103832 0.024074074074074074 0.019777503090234856
0 0.4393518518518518 0.3158220024721879 0.08981481481481482 0.02843016069221261
2 0.638425925925926 0.32756489493201485 0.023148148148148147 0.022249690976514216
0 0.4375 0.3522867737948084 0.09351851851851851 0.027194066749072928
2 0.6375 0.361557478368356 0.019444444444444445 0.018541409147095178
2 0.6365740740740741 0.39060568603213847 0.023148148148148147 0.019777503090234856
0 0.42824074074074076 0.380716934487021 0.0787037037037037 0.022249690976514216
2 0.9189814814814815 0.4561186650185414 0.021296296296296296 0.027194066749072928
0 0.42407407407407405 0.43139678615574784 0.07037037037037037 0.029666254635352288
2 0.6398148148148148 0.4400494437577256 0.022222222222222223 0.0173053152039555
0 0.6912037037037037 0.446229913473424 0.030555555555555555 0.024721878862793572
0 0.1259259259259259 0.4369592088998764 0.07037037037037037 0.02843016069221261
2 0.34814814814814815 0.4505562422744129 0.025925925925925925 0.016069221260815822
2 0.9199074074074074 0.4907292954264524 0.023148148148148147 0.0173053152039555
0 0.4148148148148148 0.4610630407911001 0.05185185185185185 0.024721878862793572
2 0.6388888888888888 0.4715698393077874 0.016666666666666666 0.023485784919653894
0 0.7013888888888888 0.4814585908529048 0.05092592592592592 0.02595797280593325
2 0.6402777777777777 0.5061804697156984 0.017592592592592594 0.018541409147095178
2 0.9208333333333333 0.5247218788627935 0.023148148148148147 0.021013597033374538
0 0.4097222222222222 0.49443757725587145 0.041666666666666664 0.024721878862793572
0 0.7 0.5148331273176762 0.044444444444444446 0.02595797280593325
2 0.3472222222222222 0.5173053152039555 0.03148148148148148 0.018541409147095178
0 0.16203703703703703 0.507416563658838 0.1574074074074074 0.030902348578491966
2 0.6356481481481482 0.5377008652657602 0.023148148148148147 0.022249690976514216
0 0.4134259259259259 0.5278121137206427 0.049074074074074076 0.024721878862793572
0 0.7277777777777777 0.5482076637824475 0.10555555555555556 0.030902348578491966
2 0.9222222222222223 0.5587144622991347 0.022222222222222223 0.022249690976514216
0 0.4356481481481482 0.5624227441285538 0.09537037037037037 0.029666254635352288
2 0.6347222222222222 0.5710754017305315 0.023148148148148147 0.027194066749072928
2 0.9226851851851852 0.6087762669962917 0.023148148148148147 0.018541409147095178
0 0.7064814814814815 0.595797280593325 0.06666666666666667 0.022249690976514216
2 0.34444444444444444 0.5834363411619283 0.02962962962962963 0.019777503090234856
2 0.6314814814814815 0.6050679851668727 0.022222222222222223 0.02595797280593325
0 0.4115740740740741 0.5933250927070457 0.049074074074074076 0.022249690976514216
0 0.13935185185185187 0.5754017305315204 0.11944444444444445 0.023485784919653894
2 0.925 0.6433868974042027 0.024074074074074074 0.021013597033374538
0 0.6865740740740741 0.6291718170580964 0.026851851851851852 0.027194066749072928
2 0.9268518518518518 0.7107540173053152 0.025925925925925925 0.022249690976514216
0 0.6935185185185185 0.6977750309023486 0.03333333333333333 0.021013597033374538
0 0.45092592592592595 0.7187886279357231 0.12962962962962962 0.023485784919653894
2 0.6300925925925925 0.7243510506798516 0.025 0.019777503090234856
0 0.7027777777777777 0.7342398022249691 0.053703703703703705 0.022249690976514216
2 0.9277777777777778 0.7466007416563659 0.020370370370370372 0.022249690976514216
0 0.4513888888888889 0.7521631644004945 0.14166666666666666 0.02595797280593325
2 0.6333333333333333 0.7601977750309024 0.020370370370370372 0.019777503090234856
2 0.9291666666666667 0.7818294190358467 0.021296296296296296 0.018541409147095178
0 0.6958333333333333 0.7676143386897404 0.041666666666666664 0.027194066749072928
0 0.42453703703703705 0.7898640296662547 0.09351851851851851 0.029666254635352288
2 0.6337962962962963 0.7991347342398022 0.019444444444444445 0.023485784919653894
0 0.6912037037037037 0.8046971569839307 0.032407407407407406 0.029666254635352288
2 0.9310185185185185 0.8201483312731768 0.023148148148148147 0.018541409147095178
0 0.7046296296296296 0.8430160692212608 0.06111111111111111 0.029666254635352288
2 0.9300925925925926 0.8547589616810878 0.021296296296296296 0.018541409147095178
1 0.22407407407407406 0.44128553770086526 0.2759259259259259 0.034610630407911
1 0.22361111111111112 0.5111248454882571 0.28425925925925927 0.03584672435105068
1 0.21805555555555556 0.5778739184177998 0.28055555555555556 0.03337453646477132
1 0.5236111111111111 0.2058096415327565 0.2601851851851852 0.0407911001236094
1 0.5236111111111111 0.25710754017305315 0.25462962962962965 0.032138442521631644
1 0.5268518518518519 0.28862793572311496 0.26851851851851855 0.03584672435105068
1 0.5222222222222223 0.31829419035846723 0.26851851851851855 0.03584672435105068
1 0.5199074074074074 0.3547589616810878 0.2601851851851852 0.034610630407911
1 0.5203703703703704 0.3838071693448702 0.2611111111111111 0.03337453646477132
1 0.5189814814814815 0.43510506798516685 0.2601851851851852 0.034610630407911
1 0.5189814814814815 0.4647713226205192 0.2601851851851852 0.034610630407911
1 0.5189814814814815 0.5018541409147095 0.2601851851851852 0.034610630407911
1 0.5180555555555556 0.5290482076637825 0.2601851851851852 0.034610630407911
1 0.5162037037037037 0.5624227441285538 0.2601851851851852 0.034610630407911
1 0.5166666666666667 0.5988875154511742 0.25925925925925924 0.02843016069221261
1 0.513425925925926 0.7194066749072929 0.2601851851851852 0.034610630407911
1 0.513425925925926 0.754017305315204 0.2638888888888889 0.037082818294190356
1 0.5111111111111111 0.7948084054388134 0.26666666666666666 0.03955500618046971
1 0.8023148148148148 0.44870210135970334 0.25833333333333336 0.037082818294190356
1 0.8046296296296296 0.4820766378244747 0.2537037037037037 0.034610630407911
1 0.8046296296296296 0.5166872682323856 0.2537037037037037 0.034610630407911
1 0.8032407407407407 0.5488257107540173 0.25462962962962965 0.034610630407911
1 0.8046296296296296 0.5988875154511742 0.2611111111111111 0.03337453646477132
1 0.8064814814814815 0.6359703337453646 0.2611111111111111 0.03337453646477132
1 0.8074074074074075 0.7045735475896168 0.2611111111111111 0.034610630407911
1 0.8078703703703703 0.7410383189122374 0.2638888888888889 0.03337453646477132
1 0.8060185185185185 0.7781211372064277 0.2638888888888889 0.03337453646477132
1 0.8060185185185185 0.8139678615574784 0.2638888888888889 0.03337453646477132
1 0.8069444444444445 0.8485784919653894 0.2638888888888889 0.03337453646477132
0 0.7245370370370371 0.630407911001236 0.049074074074074076 0.024721878862793572
0 0.7620370370370371 0.6322620519159456 0.025925925925925925 0.021013597033374538
0 0.7916666666666666 0.6334981458590853 0.024074074074074074 0.02843016069221261
0 0.8199074074074074 0.6365883807169345 0.026851851851851852 0.027194066749072928
