0 0.553125 0.12622222222222224 0.30625 0.037333333333333336
2 0.94296875 0.12577777777777777 0.0953125 0.029333333333333333
0 0.61953125 0.16044444444444445 0.4296875 0.024
0 0.60390625 0.19333333333333333 0.3984375 0.03822222222222222
0 0.59296875 0.22666666666666666 0.3828125 0.04088888888888889
0 0.6234375 0.2564444444444444 0.4375 0.027555555555555555
0 0.62734375 0.2911111111111111 0.4484375 0.03111111111111111
0 0.6078125 0.32355555555555554 0.40625 0.02666666666666667
0 0.58984375 0.3551111111111111 0.3703125 0.034666666666666665
0 0.62265625 0.42044444444444445 0.4390625 0.033777777777777775
0 0.62265625 0.4662222222222222 0.4421875 0.06666666666666667
0 0.63359375 0.39022222222222225 0.4515625 0.033777777777777775
0 0.6203125 0.5328888888888889 0.434375 0.06488888888888888
0 0.5421875 0.7102222222222222 0.278125 0.028444444444444446
0 0.5390625 0.7417777777777778 0.271875 0.029333333333333333
0 0.5359375 0.7737777777777778 0.265625 0.029333333333333333
0 0.5578125 0.8382222222222222 0.30625 0.028444444444444446
0 0.5125 0.8715555555555555 0.21875 0.024
2 0.94609375 0.16133333333333333 0.0953125 0.029333333333333333
2 0.94453125 0.1942222222222222 0.0953125 0.029333333333333333
2 0.94140625 0.2262222222222222 0.0953125 0.029333333333333333
2 0.94609375 0.26 0.0953125 0.029333333333333333
2 0.94296875 0.292 0.0953125 0.029333333333333333
2 0.9515625 0.3231111111111111 0.096875 0.029333333333333333
2 0.940625 0.3551111111111111 0.096875 0.029333333333333333
2 0.940625 0.38533333333333336 0.096875 0.029333333333333333
2 0.93828125 0.42088888888888887 0.0765625 0.03111111111111111
2 0.93125 0.48133333333333334 0.084375 0.029333333333333333
2 0.93125 0.5435555555555556 0.084375 0.03288888888888889
2 0.9421875 0.7097777777777777 0.084375 0.03288888888888889
2 0.940625 0.7453333333333333 0.084375 0.03288888888888889
2 0.9265625 0.7791111111111111 0.084375 0.03288888888888889
2 0.93046875 0.8368888888888889 0.0859375 0.03288888888888889
2 0.91640625 0.8733333333333333 0.0859375 0.03288888888888889
1 0.6953125 0.12488888888888888 0.596875 0.03822222222222222
1 0.69609375 0.16133333333333333 0.5921875 0.04
1 0.70078125 0.19155555555555556 0.5984375 0.03822222222222222
1 0.68984375 0.228 0.6015625 0.03288888888888889
1 0.6953125 0.26 0.5875 0.03288888888888889
1 0.6921875 0.2902222222222222 0.58125 0.034666666666666665
1 0.68984375 0.32 0.5921875 0.032
1 0.6953125 0.35155555555555557 0.5875 0.029333333333333333
1 0.690625 0.388 0.58125 0.036444444444444446
1 0.690625 0.4177777777777778 0.578125 0.030222222222222223
1 0.690625 0.4742222222222222 0.578125 0.06133333333333333
1 0.6890625 0.5306666666666666 0.575 0.06755555555555555
1 0.6921875 0.7097777777777777 0.58125 0.034666666666666665
1 0.6859375 0.7444444444444445 0.575 0.034666666666666665
1 0.6828125 0.7724444444444445 0.5625 0.030222222222222223
1 0.68671875 0.8373333333333334 0.5703125 0.035555555555555556
1 0.6765625 0.8697777777777778 0.55 0.029333333333333333
