2 0.69765625 0.10827464788732394 0.5734375 0.03873239436619718
0 0.58515625 0.17517605633802816 0.3578125 0.028169014084507043
0 0.71015625 0.20994718309859156 0.3078125 0.027288732394366196
0 0.56640625 0.24295774647887325 0.3234375 0.03169014084507042
0 0.7015625 0.2777288732394366 0.290625 0.029049295774647887
0 0.52265625 0.3142605633802817 0.2328125 0.02640845070422535
0 0.7328125 0.3503521126760563 0.353125 0.03697183098591549
0 0.59609375 0.3846830985915493 0.3796875 0.040492957746478875
0 0.765625 0.41813380281690143 0.446875 0.03873239436619718
0 0.56796875 0.4555457746478873 0.3296875 0.03961267605633803
0 0.725 0.4859154929577465 0.446875 0.02992957746478873
0 0.69765625 0.5242077464788732 0.5828125 0.03961267605633803
0 0.63359375 0.5589788732394366 0.2359375 0.03873239436619718
0 0.53515625 0.7323943661971831 0.2609375 0.040492957746478875
2 0.9265625 0.7350352112676056 0.075 0.02464788732394366
0 0.53515625 0.7662852112676056 0.2515625 0.029049295774647887
0 0.61328125 0.8019366197183099 0.4140625 0.03697183098591549
2 0.940625 0.8050176056338029 0.0875 0.029049295774647887
2 0.9328125 0.7689260563380281 0.0875 0.029049295774647887
1 0.703125 0.33494718309859156 0.59375 0.49383802816901406
1 0.6859375 0.730193661971831 0.56875 0.03961267605633803
1 0.6953125 0.769806338028169 0.56875 0.03961267605633803
1 0.69921875 0.8028169014084507 0.5734375 0.03697183098591549
