0 0.6240740740740741 0.25625 0.40925925925925927 0.04861111111111111
0 0.6055555555555555 0.31527777777777777 0.36666666666666664 0.04583333333333333
0 0.5768518518518518 0.378125 0.30925925925925923 0.04097222222222222
2 0.9180555555555555 0.3770833333333333 0.1175925925925926 0.0375
0 0.5203703703703704 0.4354166666666667 0.1925925925925926 0.043055555555555555
2 0.9189814814814815 0.4375 0.12685185185185185 0.03888888888888889
0 0.5958333333333333 0.5809027777777778 0.3472222222222222 0.04791666666666667
0 0.6226851851851852 0.6503472222222222 0.4083333333333333 0.04791666666666667
0 0.5912037037037037 0.703125 0.3453703703703704 0.049305555555555554
2 0.9375 0.7045138888888889 0.10648148148148148 0.04375
0 0.6981481481481482 0.7847222222222222 0.55 0.08194444444444444
0 0.6152777777777778 0.9399305555555556 0.39166666666666666 0.052083333333333336
2 0.9273148148148148 0.31805555555555554 0.1175925925925926 0.0375
2 0.9254629629629629 0.2611111111111111 0.1175925925925926 0.0375
2 0.9467592592592593 0.6461805555555555 0.10648148148148148 0.04375
2 0.9472222222222222 0.5885416666666666 0.09444444444444444 0.04375
2 0.9208333333333333 0.7600694444444445 0.10648148148148148 0.04375
2 0.937962962962963 0.9381944444444444 0.08888888888888889 0.0375
1 0.700925925925926 0.25729166666666664 0.5666666666666667 0.049305555555555554
1 0.7055555555555556 0.31631944444444443 0.5666666666666667 0.049305555555555554
1 0.7037037037037037 0.38090277777777776 0.5666666666666667 0.049305555555555554
1 0.7074074074074074 0.43368055555555557 0.5666666666666667 0.049305555555555554
1 0.7083333333333334 0.5864583333333333 0.5666666666666667 0.049305555555555554
1 0.7060185185185185 0.6506944444444445 0.575 0.04861111111111111
1 0.7069444444444445 0.7034722222222223 0.575 0.04861111111111111
1 0.6986111111111111 0.7871527777777778 0.5564814814814815 0.08680555555555555
1 0.700462962962963 0.940625 0.562037037037037 0.05347222222222222
