0 0.5194174757281553 0.0765625 0.23717059639389737 0.0296875
0 0.6019417475728155 0.106640625 0.40221914008321774 0.03515625
0 0.5839112343966713 0.1671875 0.37447988904299584 0.028125
0 0.5277392510402219 0.198046875 0.26768377253814146 0.03203125
0 0.5783633841886269 0.228515625 0.37447988904299584 0.03515625
2 0.9396671289875174 0.31015625 0.08183079056865465 0.0328125
0 0.5263522884882108 0.31328125 0.24826629680998613 0.034375
0 0.6019417475728155 0.34453125 0.4133148404993065 0.0328125
2 0.9237170596393898 0.372265625 0.08599167822468794 0.03203125
0 0.5568654646324549 0.4078125 0.30374479889042993 0.03125
0 0.49930651872399445 0.375 0.19972260748959778 0.03125
2 0.9327323162274619 0.43671875 0.0957004160887656 0.0265625
0 0.5527045769764216 0.437109375 0.2871012482662968 0.02890625
2 0.9209431345353676 0.463671875 0.09153952843273232 0.02578125
0 0.5416088765603329 0.465234375 0.27323162274618584 0.03046875
2 0.9320388349514563 0.494140625 0.09153952843273232 0.02890625
0 0.5360610263522885 0.493359375 0.26490984743411927 0.03203125
0 0.9292649098474342 0.5265625 0.10818307905686546 0.0296875
0 0.5048543689320388 0.52734375 0.19972260748959778 0.03125
0 0.5721220527045769 0.558203125 0.3314840499306519 0.03515625
0 0.5977808599167822 0.64375 0.391123439667129 0.0375
0 0.5644937586685159 0.690625 0.3245492371705964 0.0578125
0 0.4972260748959778 0.73671875 0.19833564493758668 0.03125
0 0.5631067961165048 0.766796875 0.33841886269070737 0.03046875
0 0.6074895977808599 0.794921875 0.4188626907073509 0.03359375
0 0.5610263522884882 0.828125 0.3231622746185853 0.0328125
0 0.5811373092926491 0.916015625 0.4188626907073509 0.03671875
0 0.6421636615811374 0.85234375 0.4882108183079057 0.04375
0 0.5859916782246879 0.888671875 0.40360610263522884 0.03515625
0 0.6525658807212206 0.95234375 0.5201109570041609 0.03125
2 0.9355062413314841 0.075390625 0.10124826629680998 0.03046875
2 0.9368932038834952 0.106640625 0.10124826629680998 0.03046875
2 0.9355062413314841 0.135546875 0.10124826629680998 0.03046875
2 0.9355062413314841 0.167578125 0.10124826629680998 0.03046875
2 0.934119278779473 0.197265625 0.10124826629680998 0.03046875
2 0.9188626907073509 0.227734375 0.08737864077669903 0.03046875
2 0.9313453536754508 0.34140625 0.08183079056865465 0.0328125
2 0.9355062413314841 0.40703125 0.0957004160887656 0.0265625
0 0.9278779472954231 0.559375 0.10818307905686546 0.0296875
0 0.9306518723994452 0.64140625 0.10818307905686546 0.0296875
0 0.9320388349514563 0.675 0.10818307905686546 0.0296875
0 0.9507628294036061 0.795703125 0.08460471567267684 0.02578125
0 0.9327323162274619 0.736328125 0.08460471567267684 0.02578125
0 0.9438280166435506 0.766796875 0.08460471567267684 0.02578125
0 0.9576976421636616 0.82734375 0.08460471567267684 0.0265625
0 0.9576976421636616 0.85703125 0.08460471567267684 0.0265625
0 0.9070735090152566 0.88984375 0.1636615811373093 0.0296875
0 0.9042995839112344 0.91875 0.1636615811373093 0.0296875
0 0.8065187239944521 0.98515625 0.289875173370319 0.0296875
1 0.6934812760055479 0.076171875 0.5908460471567267 0.03203125
1 0.6962552011095701 0.10546875 0.5908460471567267 0.0328125
1 0.7038834951456311 0.141015625 0.5922330097087378 0.03203125
2 0.5686546463245492 0.139453125 0.3106796116504854 0.03203125
1 0.6969486823855756 0.166796875 0.5922330097087378 0.03203125
1 0.6927877947295423 0.198828125 0.5922330097087378 0.03203125
1 0.6726768377253814 0.230078125 0.5686546463245492 0.03046875
1 0.6920943134535368 0.313671875 0.5686546463245492 0.03046875
1 0.6907073509015257 0.344140625 0.5686546463245492 0.03046875
1 0.6879334257975035 0.372265625 0.5686546463245492 0.03046875
1 0.6934812760055479 0.403515625 0.5686546463245492 0.03046875
1 0.6962552011095701 0.435546875 0.5769764216366158 0.03359375
1 0.6976421636615812 0.461328125 0.5769764216366158 0.03359375
1 0.6920943134535368 0.494921875 0.5769764216366158 0.03359375
1 0.6907073509015257 0.525390625 0.5769764216366158 0.03359375
1 0.6962552011095701 0.555859375 0.5769764216366158 0.03359375
1 0.6893203883495146 0.642578125 0.5769764216366158 0.03359375
1 0.6955617198335645 0.688671875 0.5922330097087378 0.05546875
1 0.687239944521498 0.737109375 0.5866851595006934 0.03515625
1 0.6941747572815534 0.765234375 0.5866851595006934 0.03515625
1 0.6914008321775312 0.794921875 0.5866851595006934 0.03515625
1 0.6927877947295423 0.826171875 0.5866851595006934 0.03515625
1 0.6900138696255201 0.858203125 0.5866851595006934 0.03515625
1 0.6803051317614425 0.917578125 0.5866851595006934 0.03515625
1 0.6983356449375867 0.889453125 0.6033287101248266 0.03671875
1 0.6747572815533981 0.964453125 0.5644937586685159 0.07109375
