0 0.2196029776674938 0.15335051546391754 0.06699751861042183 0.01288659793814433
0 0.24627791563275434 0.16709621993127147 0.05583126550868486 0.011168384879725086
0 0.27543424317617865 0.30541237113402064 0.2878411910669975 0.03006872852233677
2 0.6550868486352357 0.3024054982817869 0.141439205955335 0.03436426116838488
0 0.2227047146401985 0.33462199312714774 0.184863523573201 0.036941580756013746
2 0.5862282878411911 0.33462199312714774 0.271712158808933 0.028350515463917526
0 0.2531017369727047 0.3707044673539519 0.24069478908188585 0.036941580756013746
2 0.5949131513647643 0.36898625429553267 0.2543424317617866 0.02491408934707904
0 0.21836228287841192 0.4016323024054983 0.1761786600496278 0.036941580756013746
0 0.2903225806451613 0.4879725085910653 0.3176178660049628 0.03608247422680412
0 0.27233250620347393 0.5244845360824743 0.2866004962779156 0.03178694158075601
0 0.2524813895781638 0.5558419243986255 0.24689826302729528 0.027491408934707903
0 0.24379652605459057 0.5871993127147767 0.22704714640198512 0.03178694158075601
0 0.24069478908188585 0.697594501718213 0.24317617866004962 0.02577319587628866
0 0.2053349875930521 0.7310996563573883 0.1774193548387097 0.024054982817869417
0 0.20967741935483872 0.7641752577319587 0.18610421836228289 0.02663230240549828
0 0.2555831265508685 0.7985395189003437 0.2729528535980149 0.02491408934707904
0 0.29838709677419356 0.8831615120274914 0.36600496277915634 0.037800687285223365
0 0.3281637717121588 0.9196735395189003 0.4280397022332506 0.036941580756013746
2 0.7382133995037221 0.8857388316151202 0.141439205955335 0.03436426116838488
2 0.5812655086848635 0.5897766323024055 0.2543424317617866 0.02491408934707904
2 0.5949131513647643 0.4024914089347079 0.2543424317617866 0.02491408934707904
2 0.5787841191066998 0.4884020618556701 0.2543424317617866 0.02491408934707904
2 0.5775434243176178 0.5219072164948454 0.2543424317617866 0.02491408934707904
2 0.5775434243176178 0.5554123711340206 0.2543424317617866 0.02491408934707904
2 0.575062034739454 0.6988831615120275 0.2543424317617866 0.02491408934707904
2 0.5700992555831266 0.7332474226804123 0.2543424317617866 0.02491408934707904
2 0.576302729528536 0.7667525773195877 0.2543424317617866 0.02491408934707904
2 0.6755583126550868 0.9179553264604811 0.2543424317617866 0.02491408934707904
2 0.576302729528536 0.8011168384879725 0.2543424317617866 0.02491408934707904
1 0.4299007444168734 0.30498281786941583 0.6017369727047146 0.03264604810996564
1 0.4274193548387097 0.33419243986254293 0.6017369727047146 0.03264604810996564
1 0.4249379652605459 0.36855670103092786 0.6017369727047146 0.03264604810996564
1 0.41935483870967744 0.4884020618556701 0.5831265508684863 0.0352233676975945
1 0.4274193548387097 0.4020618556701031 0.6017369727047146 0.03264604810996564
1 0.4205955334987593 0.5219072164948454 0.5831265508684863 0.0352233676975945
1 0.41811414392059554 0.5571305841924399 0.5831265508684863 0.0352233676975945
1 0.4205955334987593 0.5871993127147767 0.5831265508684863 0.0352233676975945
1 0.4094292803970223 0.6971649484536082 0.5831265508684863 0.0352233676975945
1 0.40694789081885857 0.7349656357388317 0.5831265508684863 0.0352233676975945
1 0.4094292803970223 0.7684707903780069 0.5831265508684863 0.0352233676975945
1 0.4106699751861042 0.7985395189003437 0.5831265508684863 0.0352233676975945
1 0.4609181141439206 0.884020618556701 0.6960297766749379 0.03951890034364261
1 0.45781637717121587 0.9205326460481099 0.6972704714640199 0.040378006872852236
