0 0.3093220338983051 0.2811418685121107 0.25544794188861986 0.03460207612456748
2 0.6664648910411622 0.2811418685121107 0.1343825665859564 0.02768166089965398
0 0.324455205811138 0.3157439446366782 0.28329297820823246 0.029411764705882353
0 0.31840193704600483 0.3486159169550173 0.2736077481840194 0.0328719723183391
0 0.32324455205811137 0.38321799307958476 0.28087167070217917 0.029411764705882353
0 0.29721549636803873 0.45674740484429066 0.23123486682808717 0.03633217993079585
2 0.5944309927360775 0.4545847750865052 0.2784503631961259 0.026816608996539794
0 0.2717917675544794 0.4883217993079585 0.18038740920096852 0.03892733564013841
0 0.26815980629539954 0.5211937716262975 0.17070217917675545 0.03027681660899654
0 0.30024213075060535 0.5566608996539792 0.2397094430992736 0.03892733564013841
0 0.30811138014527845 0.5899653979238755 0.25544794188861986 0.0328719723183391
0 0.2929782082324455 0.6245674740484429 0.22760290556900725 0.03633217993079585
0 0.32324455205811137 0.7015570934256056 0.2857142857142857 0.02768166089965398
0 0.6658595641646489 0.7015570934256056 0.13559322033898305 0.02768166089965398
0 0.324455205811138 0.7344290657439446 0.288135593220339 0.031141868512110725
0 0.2687651331719128 0.7694636678200693 0.18159806295399517 0.03373702422145329
0 0.26573849878934624 0.8023356401384083 0.17070217917675545 0.026816608996539794
0 0.2984261501210654 0.8395328719723183 0.23849878934624696 0.03373702422145329
0 0.27905569007263925 0.9108996539792388 0.28692493946731235 0.029411764705882353
0 0.4092009685230024 0.4195501730103806 0.5811138014527845 0.02768166089965398
2 0.6713075060532687 0.3157439446366782 0.1343825665859564 0.02768166089965398
2 0.6664648910411622 0.35121107266435986 0.1343825665859564 0.02768166089965398
2 0.6664648910411622 0.3806228373702422 0.1343825665859564 0.02768166089965398
2 0.8353510895883777 0.4204152249134948 0.22760290556900725 0.025951557093425604
2 0.5920096852300242 0.4883217993079585 0.2784503631961259 0.026816608996539794
2 0.6041162227602905 0.5220588235294118 0.2639225181598063 0.03027681660899654
2 0.6041162227602905 0.5557958477508651 0.2639225181598063 0.03027681660899654
2 0.6029055690072639 0.592128027681661 0.2639225181598063 0.03027681660899654
2 0.6041162227602905 0.625 0.2639225181598063 0.03027681660899654
2 0.6053268765133172 0.7348615916955017 0.2639225181598063 0.03027681660899654
2 0.6029055690072639 0.7331314878892734 0.2639225181598063 0.03027681660899654
2 0.6004842615012107 0.7711937716262975 0.2639225181598063 0.03027681660899654
2 0.6065375302663438 0.8032006920415224 0.2639225181598063 0.03027681660899654
2 0.6101694915254238 0.83780276816609 0.2639225181598063 0.03027681660899654
2 0.6967312348668281 0.907439446366782 0.2675544794188862 0.029411764705882353
1 0.45883777239709445 0.2781141868512111 0.559322033898305 0.03200692041522491
1 0.45883777239709445 0.31358131487889274 0.559322033898305 0.03200692041522491
1 0.4612590799031477 0.3490484429065744 0.559322033898305 0.03200692041522491
1 0.45883777239709445 0.3810553633217993 0.559322033898305 0.03200692041522491
1 0.538135593220339 0.41782006920415227 0.8292978208232445 0.0328719723183391
1 0.4576271186440678 0.453719723183391 0.559322033898305 0.03200692041522491
1 0.45641646489104115 0.48918685121107264 0.559322033898305 0.03200692041522491
1 0.45883777239709445 0.5220588235294118 0.559322033898305 0.03200692041522491
1 0.4576271186440678 0.5540657439446367 0.559322033898305 0.03200692041522491
1 0.46246973365617433 0.5912629757785467 0.559322033898305 0.03200692041522491
1 0.4600484261501211 0.5895328719723183 0.559322033898305 0.03200692041522491
1 0.4600484261501211 0.6232698961937716 0.559322033898305 0.03200692041522491
1 0.45883777239709445 0.7011245674740484 0.559322033898305 0.03200692041522491
1 0.45641646489104115 0.7305363321799307 0.559322033898305 0.03200692041522491
1 0.45641646489104115 0.768598615916955 0.559322033898305 0.03200692041522491
1 0.45641646489104115 0.8057958477508651 0.559322033898305 0.03200692041522491
1 0.4576271186440678 0.8386678200692042 0.559322033898305 0.03200692041522491
1 0.48365617433414043 0.9091695501730104 0.6937046004842615 0.029411764705882353
