0 0.8235294117647058 0.166259765625 0.2852941176470588 0.02685546875
0 0.8198529411764706 0.303466796875 0.28088235294117647 0.02197265625
0 0.8106617647058824 0.444580078125 0.2551470588235294 0.02294921875
0 0.8183823529411764 0.57763671875 0.27794117647058825 0.021484375
0 0.15183823529411763 0.696533203125 0.18308823529411763 0.02392578125
2 0.8150735294117647 0.728759765625 0.2713235294117647 0.02880859375
0 0.17683823529411766 0.870361328125 0.2713235294117647 0.02685546875
0 0.4974264705882353 0.86962890625 0.24044117647058824 0.0244140625
0 0.8139705882352941 0.870361328125 0.25735294117647056 0.02783203125
1 0.50625 0.517333984375 0.9257352941176471 0.72900390625
