2 0.4479166666666667 0.21159420289855072 0.04583333333333333 0.03188405797101449
0 0.12239583333333333 0.21014492753623187 0.12395833333333334 0.03768115942028986
0 0.12604166666666666 0.2543478260869565 0.12708333333333333 0.036231884057971016
0 0.5838541666666667 0.2818840579710145 0.07604166666666666 0.036231884057971016
0 0.10625 0.30217391304347824 0.09375 0.03333333333333333
0 0.6104166666666667 0.3282608695652174 0.125 0.036231884057971016
0 0.10989583333333333 0.3456521739130435 0.096875 0.036231884057971016
0 0.13645833333333332 0.391304347826087 0.15416666666666667 0.04057971014492753
0 0.10677083333333333 0.43333333333333335 0.08645833333333333 0.034782608695652174
0 0.5807291666666666 0.47681159420289854 0.071875 0.03768115942028986
0 0.6828125 0.5217391304347826 0.2677083333333333 0.03768115942028986
0 0.5901041666666667 0.5731884057971014 0.08229166666666667 0.036231884057971016
0 0.1484375 0.5789855072463768 0.17604166666666668 0.04492753623188406
0 0.6651041666666667 0.6123188405797102 0.234375 0.0391304347826087
0 0.13489583333333333 0.6246376811594203 0.146875 0.04057971014492753
0 0.6171875 0.6565217391304348 0.13854166666666667 0.043478260869565216
0 0.13333333333333333 0.6673913043478261 0.14375 0.036231884057971016
0 0.17552083333333332 0.7159420289855073 0.22604166666666667 0.04057971014492753
0 0.6552083333333333 0.8043478260869565 0.21666666666666667 0.043478260869565216
0 0.1515625 0.8586956521739131 0.18020833333333333 0.0391304347826087
0 0.13489583333333333 0.8971014492753623 0.14895833333333333 0.043478260869565216
2 0.45 0.2536231884057971 0.04583333333333333 0.03188405797101449
2 0.44895833333333335 0.3 0.04583333333333333 0.03188405797101449
2 0.44895833333333335 0.34492753623188405 0.04583333333333333 0.03188405797101449
2 0.4505208333333333 0.38768115942028986 0.042708333333333334 0.03333333333333333
2 0.4484375 0.6202898550724638 0.03854166666666667 0.034782608695652174
2 0.45 0.43043478260869567 0.041666666666666664 0.034782608695652174
2 0.4473958333333333 0.5753623188405798 0.036458333333333336 0.03768115942028986
2 0.4473958333333333 0.6652173913043479 0.034375 0.03188405797101449
2 0.4484375 0.7101449275362319 0.036458333333333336 0.03768115942028986
2 0.9302083333333333 0.27318840579710146 0.0375 0.036231884057971016
2 0.29010416666666666 0.9 0.036458333333333336 0.034782608695652174
2 0.2859375 0.8507246376811595 0.036458333333333336 0.034782608695652174
2 0.9291666666666667 0.3181159420289855 0.0375 0.036231884057971016
2 0.9302083333333333 0.4789855072463768 0.0375 0.036231884057971016
2 0.9291666666666667 0.5210144927536232 0.0375 0.036231884057971016
2 0.9270833333333334 0.5630434782608695 0.0375 0.036231884057971016
2 0.925 0.6065217391304348 0.0375 0.036231884057971016
2 0.928125 0.6514492753623189 0.0375 0.036231884057971016
2 0.9072916666666667 0.8014492753623188 0.08333333333333333 0.04057971014492753
1 0.26666666666666666 0.21014492753623187 0.4083333333333333 0.043478260869565216
1 0.26666666666666666 0.25217391304347825 0.4083333333333333 0.043478260869565216
1 0.2677083333333333 0.2971014492753623 0.4083333333333333 0.043478260869565216
1 0.2677083333333333 0.38333333333333336 0.4083333333333333 0.04492753623188406
1 0.2635416666666667 0.34057971014492755 0.4083333333333333 0.043478260869565216
1 0.26666666666666666 0.43333333333333335 0.4083333333333333 0.043478260869565216
1 0.26510416666666664 0.5804347826086956 0.409375 0.036231884057971016
1 0.26510416666666664 0.6195652173913043 0.409375 0.036231884057971016
1 0.2671875 0.6659420289855073 0.409375 0.036231884057971016
1 0.2640625 0.7123188405797102 0.40729166666666666 0.036231884057971016
1 0.184375 0.855072463768116 0.24791666666666667 0.03768115942028986
1 0.18645833333333334 0.9014492753623189 0.24791666666666667 0.03768115942028986
1 0.7489583333333333 0.27608695652173915 0.4041666666666667 0.0391304347826087
1 0.7479166666666667 0.3210144927536232 0.4041666666666667 0.0391304347826087
1 0.746875 0.47608695652173916 0.4041666666666667 0.0391304347826087
1 0.7427083333333333 0.5210144927536232 0.4041666666666667 0.0391304347826087
1 0.7510416666666667 0.8043478260869565 0.4041666666666667 0.03768115942028986
1 0.7447916666666666 0.5630434782608695 0.4041666666666667 0.0391304347826087
1 0.7447916666666666 0.6036231884057971 0.4041666666666667 0.0391304347826087
1 0.7447916666666666 0.6514492753623189 0.4041666666666667 0.0391304347826087
