2 0.4729862475442043 0.3375 0.0618860510805501 0.018055555555555554
0 0.13408644400785855 0.3375 0.16011787819253437 0.018055555555555554
0 0.09577603143418467 0.36041666666666666 0.08546168958742632 0.016666666666666666
0 0.17829076620825146 0.3871527777777778 0.24852652259332023 0.02013888888888889
0 0.16552062868369352 0.49236111111111114 0.224950884086444 0.018055555555555554
0 0.14096267190569745 0.5166666666666667 0.17976424361493124 0.019444444444444445
0 0.12229862475442044 0.5409722222222222 0.13457760314341846 0.018055555555555554
0 0.12917485265225934 0.5638888888888889 0.15029469548133595 0.019444444444444445
0 0.13703339882121807 0.6871527777777777 0.16797642436149313 0.01875
0 0.09921414538310412 0.7086805555555555 0.08840864440078586 0.017361111111111112
2 0.4631630648330059 0.8208333333333333 0.03241650294695481 0.0125
0 0.112475442043222 0.8211805555555556 0.1168958742632613 0.02013888888888889
0 0.14636542239685657 0.8451388888888889 0.18467583497053044 0.019444444444444445
0 0.13408644400785855 0.86875 0.16601178781925344 0.018055555555555554
0 0.14194499017681728 0.8916666666666667 0.17583497053045186 0.019444444444444445
2 0.474950884086444 0.3611111111111111 0.0618860510805501 0.018055555555555554
2 0.4769155206286837 0.38125 0.0618860510805501 0.018055555555555554
2 0.48280943025540274 0.4909722222222222 0.07170923379174853 0.018055555555555554
2 0.48280943025540274 0.5159722222222223 0.07170923379174853 0.018055555555555554
2 0.48379174852652257 0.5576388888888889 0.07170923379174853 0.018055555555555554
2 0.4818271119842829 0.5340277777777778 0.07170923379174853 0.018055555555555554
2 0.48477406679764246 0.6861111111111111 0.07170923379174853 0.018055555555555554
2 0.48477406679764246 0.7083333333333334 0.07170923379174853 0.018055555555555554
2 0.4769155206286837 0.8409722222222222 0.06385068762278978 0.016666666666666666
2 0.47789783889980353 0.8638888888888889 0.06385068762278978 0.016666666666666666
2 0.47593320235756387 0.8854166666666666 0.06385068762278978 0.016666666666666666
1 0.27946954813359526 0.33645833333333336 0.4548133595284872 0.01875
1 0.28045186640471514 0.36215277777777777 0.4548133595284872 0.01875
1 0.28045186640471514 0.38506944444444446 0.4548133595284872 0.01875
1 0.2863457760314342 0.49166666666666664 0.468565815324165 0.018055555555555554
1 0.2863457760314342 0.5152777777777777 0.468565815324165 0.018055555555555554
1 0.28831041257367385 0.5375 0.468565815324165 0.018055555555555554
1 0.28831041257367385 0.5631944444444444 0.468565815324165 0.019444444444444445
1 0.2863457760314342 0.6847222222222222 0.468565815324165 0.018055555555555554
1 0.2863457760314342 0.7083333333333334 0.468565815324165 0.018055555555555554
1 0.26522593320235754 0.8204861111111111 0.4243614931237721 0.01875
1 0.281434184675835 0.8427083333333333 0.4587426326129666 0.017361111111111112
1 0.28536345776031435 0.8670138888888889 0.4587426326129666 0.017361111111111112
1 0.27946954813359526 0.8888888888888888 0.4548133595284872 0.020833333333333332
0 0.19990176817288802 0.8211805555555556 0.05795677799607073 0.01875
0 0.32465618860510803 0.8211805555555556 0.05795677799607073 0.01875
0 0.26277013752455797 0.8197916666666667 0.05795677799607073 0.01875
0 0.15864440078585462 0.3611111111111111 0.03241650294695481 0.019444444444444445
0 0.21954813359528488 0.3625 0.06974459724950884 0.015277777777777777
