0 0.1572265625 0.139892578125 0.185546875 0.03662109375
2 0.8525390625 0.3408203125 0.2884114583333333 0.048828125
0 0.2353515625 0.34228515625 0.369140625 0.0439453125
2 0.8544921875 0.395263671875 0.2845052083333333 0.03857421875
0 0.19108072916666666 0.395263671875 0.2779947916666667 0.04248046875
2 0.8525390625 0.443115234375 0.2845052083333333 0.03759765625
0 0.19498697916666666 0.444580078125 0.2858072916666667 0.04248046875
2 0.8525390625 0.495361328125 0.2845052083333333 0.03759765625
0 0.18522135416666666 0.4970703125 0.2610677083333333 0.041015625
2 0.8619791666666666 0.554931640625 0.2552083333333333 0.04248046875
0 0.24967447916666666 0.547119140625 0.3743489583333333 0.04248046875
2 0.8518880208333334 0.6064453125 0.2779947916666667 0.0390625
0 0.2685546875 0.6005859375 0.423828125 0.048828125
0 0.24348958333333334 0.6474609375 0.37890625 0.0458984375
2 0.8499348958333334 0.657958984375 0.279296875 0.03857421875
0 0.17154947916666666 0.6953125 0.21809895833333334 0.037109375
2 0.8453776041666666 0.7080078125 0.275390625 0.0361328125
0 0.22037760416666666 0.744140625 0.318359375 0.041015625
2 0.8404947916666666 0.757080078125 0.2734375 0.03759765625
0 0.16764322916666666 0.79150390625 0.20247395833333334 0.0439453125
2 0.83984375 0.808349609375 0.2721354166666667 0.04345703125
0 0.17415364583333334 0.839111328125 0.21809895833333334 0.04345703125
2 0.8362630208333334 0.858642578125 0.2740885416666667 0.04052734375
0 0.1728515625 0.884521484375 0.20638020833333334 0.03564453125
2 0.8356119791666666 0.905517578125 0.2688802083333333 0.04248046875
1 0.5240885416666666 0.34228515625 0.9479166666666666 0.0478515625
1 0.5257161458333334 0.3955078125 0.9485677083333334 0.0478515625
1 0.5257161458333334 0.4423828125 0.9485677083333334 0.0478515625
1 0.5244140625 0.49560546875 0.9485677083333334 0.0478515625
1 0.5250651041666666 0.54541015625 0.9485677083333334 0.0478515625
1 0.5257161458333334 0.60107421875 0.9485677083333334 0.0478515625
1 0.5250651041666666 0.6484375 0.9485677083333334 0.0478515625
1 0.5250651041666666 0.7041015625 0.9485677083333334 0.0478515625
1 0.5257161458333334 0.74853515625 0.9485677083333334 0.0478515625
1 0.5257161458333334 0.79638671875 0.9485677083333334 0.0478515625
1 0.525390625 0.84765625 0.91015625 0.0537109375
1 0.5182291666666666 0.8955078125 0.91015625 0.0556640625
