2 0.8118489583333334 0.10498046875 0.27734375 0.0400390625
0 0.22916666666666666 0.11865234375 0.3333333333333333 0.0380859375
0 0.2490234375 0.163330078125 0.376953125 0.04638671875
0 0.2516276041666667 0.214111328125 0.3717447916666667 0.04345703125
0 0.2939453125 0.263916015625 0.4641927083333333 0.04541015625
0 0.2565104166666667 0.31201171875 0.37890625 0.0400390625
0 0.17838541666666666 0.35986328125 0.22395833333333334 0.04296875
0 0.181640625 0.41259765625 0.22786458333333334 0.0361328125
0 0.359375 0.459228515625 0.0859375 0.03662109375
0 0.2353515625 0.556884765625 0.3274739583333333 0.03564453125
0 0.2138671875 0.60791015625 0.291015625 0.0380859375
0 0.2682291666666667 0.657958984375 0.3932291666666667 0.04150390625
0 0.4348958333333333 0.70263671875 0.08333333333333333 0.0439453125
0 0.498046875 0.75634765625 0.24088541666666666 0.0498046875
0 0.3714192708333333 0.8037109375 0.12955729166666666 0.0478515625
0 0.4055989583333333 0.850341796875 0.1953125 0.04345703125
0 0.330078125 0.89501953125 0.5078125 0.0478515625
2 0.8138020833333334 0.1552734375 0.2682291666666667 0.041015625
2 0.8043619791666666 0.201416015625 0.2923177083333333 0.03955078125
2 0.8170572916666666 0.25390625 0.2682291666666667 0.041015625
2 0.8196614583333334 0.3017578125 0.2682291666666667 0.041015625
2 0.818359375 0.349609375 0.2682291666666667 0.041015625
2 0.8190104166666666 0.40087890625 0.2682291666666667 0.041015625
2 0.8235677083333334 0.44873046875 0.2682291666666667 0.041015625
2 0.822265625 0.5087890625 0.2682291666666667 0.041015625
2 0.8134765625 0.553955078125 0.2897135416666667 0.03955078125
2 0.8125 0.603271484375 0.2903645833333333 0.03955078125
2 0.814453125 0.703369140625 0.2903645833333333 0.03955078125
2 0.81640625 0.751220703125 0.2903645833333333 0.03955078125
2 0.8307291666666666 0.802734375 0.2682291666666667 0.041015625
2 0.8352864583333334 0.8525390625 0.2682291666666667 0.041015625
2 0.8623046875 0.652099609375 0.19856770833333334 0.03662109375
2 0.8636067708333334 0.902099609375 0.19856770833333334 0.03662109375
0 0.4176432291666667 0.50732421875 0.21549479166666666 0.0380859375
1 0.5055338541666666 0.11279296875 0.8938802083333334 0.0546875
1 0.5087890625 0.16259765625 0.8938802083333334 0.0546875
1 0.5074869791666666 0.20947265625 0.8938802083333334 0.0546875
1 0.5120442708333334 0.25830078125 0.8938802083333334 0.0546875
1 0.5107421875 0.30712890625 0.8938802083333334 0.0546875
1 0.5094401041666666 0.357421875 0.8938802083333334 0.0546875
1 0.5139973958333334 0.40625 0.8938802083333334 0.0546875
1 0.6354166666666666 0.45849609375 0.6354166666666666 0.044921875
1 0.6279296875 0.50341796875 0.6477864583333334 0.0478515625
1 0.513671875 0.556640625 0.8984375 0.0498046875
1 0.5192057291666666 0.6064453125 0.8938802083333334 0.0546875
1 0.517578125 0.654052734375 0.90234375 0.04150390625
1 0.6748046875 0.701416015625 0.572265625 0.04248046875
1 0.6741536458333334 0.751220703125 0.5826822916666666 0.04443359375
1 0.6363932291666666 0.80419921875 0.6686197916666666 0.0517578125
1 0.6393229166666666 0.84765625 0.6627604166666666 0.0458984375
1 0.5205078125 0.896240234375 0.888671875 0.04248046875
0 0.18196614583333334 0.463134765625 0.244140625 0.04052734375
0 0.220703125 0.705078125 0.3072916666666667 0.041015625
0 0.17415364583333334 0.802490234375 0.19986979166666666 0.04150390625
1 0.5100911458333334 0.48291015625 0.896484375 0.099609375
1 0.5182291666666666 0.73095703125 0.90234375 0.09765625
1 0.5240885416666666 0.83154296875 0.90234375 0.09765625
