2 0.833984375 0.195068359375 0.3151041666666667 0.04345703125
0 0.2535807291666667 0.19775390625 0.310546875 0.0517578125
0 0.23014322916666666 0.2548828125 0.2727864583333333 0.04296875
0 0.2718098958333333 0.312744140625 0.3470052083333333 0.04248046875
0 0.203125 0.3701171875 0.21354166666666666 0.04296875
0 0.4293619791666667 0.431640625 0.08658854166666667 0.05078125
0 0.4440104166666667 0.48779296875 0.10807291666666667 0.0341796875
0 0.4869791666666667 0.544677734375 0.20052083333333334 0.03857421875
0 0.18587239583333334 0.65087890625 0.15950520833333334 0.0361328125
0 0.3125 0.7001953125 0.4244791666666667 0.052734375
0 0.5074869791666666 0.7607421875 0.11002604166666667 0.0556640625
0 0.5260416666666666 0.817626953125 0.11328125 0.04541015625
0 0.533203125 0.867431640625 0.140625 0.04248046875
0 0.24153645833333334 0.907958984375 0.2734375 0.04931640625
0 0.2373046875 0.959228515625 0.267578125 0.04833984375
2 0.8424479166666666 0.256103515625 0.3151041666666667 0.04345703125
2 0.833984375 0.3125 0.33203125 0.0478515625
2 0.833984375 0.369140625 0.33203125 0.0478515625
2 0.8307291666666666 0.42822265625 0.33203125 0.0478515625
2 0.8326822916666666 0.4873046875 0.33203125 0.0478515625
2 0.833984375 0.54833984375 0.33203125 0.0478515625
2 0.8020833333333334 0.661376953125 0.32421875 0.04052734375
2 0.8154296875 0.71826171875 0.3274739583333333 0.0400390625
2 0.8121744791666666 0.770751953125 0.330078125 0.04248046875
2 0.8131510416666666 0.825439453125 0.3255208333333333 0.04736328125
2 0.7887369791666666 0.8759765625 0.2766927083333333 0.04296875
2 0.8017578125 0.93359375 0.310546875 0.0400390625
2 0.8167317708333334 0.978271484375 0.3365885416666667 0.04248046875
1 0.546875 0.252685546875 0.90625 0.05029296875
1 0.546875 0.196533203125 0.90625 0.05029296875
1 0.546875 0.313720703125 0.90625 0.05029296875
1 0.546875 0.367919921875 0.90625 0.05029296875
1 0.689453125 0.43017578125 0.62109375 0.0517578125
1 0.6943359375 0.48681640625 0.6061197916666666 0.0458984375
1 0.6901041666666666 0.547607421875 0.6145833333333334 0.04248046875
1 0.52734375 0.655517578125 0.8671875 0.05615234375
1 0.5361328125 0.703857421875 0.876953125 0.06201171875
1 0.7125651041666666 0.76123046875 0.517578125 0.0654296875
1 0.705078125 0.824951171875 0.51171875 0.05322265625
1 0.6940104166666666 0.87353515625 0.4661458333333333 0.05078125
1 0.52734375 0.918701171875 0.85546875 0.07666015625
1 0.5276692708333334 0.96826171875 0.845703125 0.0625
0 0.2591145833333333 0.758544921875 0.3098958333333333 0.06591796875
0 0.23763020833333334 0.427734375 0.2786458333333333 0.0546875
1 0.5472005208333334 0.48583984375 0.900390625 0.169921875
1 0.5231119791666666 0.81298828125 0.8977864583333334 0.166015625
