0 0.3691529709228824 0.2177734375 0.25663716814159293 0.0263671875
0 0.3255372945638432 0.345703125 0.15802781289506954 0.02734375
0 0.33754740834386854 0.505859375 0.17193426042983564 0.0283203125
0 0.32869785082174463 0.613525390625 0.15676359039190899 0.02490234375
0 0.34576485461441214 0.738037109375 0.21491782553729458 0.02392578125
0 0.3988621997471555 0.82958984375 0.29077117572692796 0.0224609375
0 0.34355246523388117 0.56298828125 0.14096080910240202 0.021484375
0 0.32585335018963335 0.678466796875 0.10429835651074588 0.02001953125
0 0.3302781289506953 0.652587890625 0.10429835651074588 0.02001953125
0 0.3359671302149178 0.54052734375 0.12705436156763592 0.021484375
0 0.347661188369153 0.4541015625 0.16687737041719342 0.0205078125
0 0.3365992414664981 0.401123046875 0.13969658659924147 0.02197265625
0 0.31573957016434895 0.37353515625 0.09924146649810367 0.021484375
0 0.31763590391908975 0.42724609375 0.10429835651074588 0.021484375
0 0.3530341340075853 0.24365234375 0.1333754740834387 0.0205078125
0 0.3505056890012642 0.27099609375 0.1333754740834387 0.0205078125
0 0.37104930467762326 0.29736328125 0.16940581542351454 0.0185546875
