0 0.30689001264222504 0.22412109375 0.15360303413400758 0.0224609375
0 0.3283817951959545 0.303466796875 0.20290771175726927 0.02001953125
0 0.37168141592920356 0.380859375 0.28697850821744625 0.021484375
0 0.3274336283185841 0.467529296875 0.19469026548672566 0.02392578125
0 0.286346396965866 0.550048828125 0.11757269279393173 0.02490234375
0 0.30120101137800254 0.70166015625 0.15992414664981036 0.025390625
0 0.38811630847029077 0.849365234375 0.2996207332490518 0.02490234375
0 0.4279393173198483 0.704345703125 0.09355246523388117 0.02587890625
0 0.5316055625790139 0.703369140625 0.10493046776232617 0.02392578125
0 0.46238938053097345 0.46826171875 0.07395701643489254 0.0263671875
0 0.5322376738305942 0.468994140625 0.056890012642225034 0.03173828125
