0 0.3598790322580645 0.24 0.19690860215053763 0.024935064935064935
0 0.353494623655914 0.33636363636363636 0.1868279569892473 0.02857142857142857
0 0.35181451612903225 0.4212987012987013 0.17405913978494625 0.028051948051948054
0 0.4274193548387097 0.5233766233766234 0.3481182795698925 0.025454545454545455
0 0.3968413978494624 0.6350649350649351 0.28696236559139787 0.0212987012987013
0 0.3581989247311828 0.7371428571428571 0.20967741935483872 0.022857142857142857
0 0.3699596774193548 0.8283116883116883 0.22379032258064516 0.023376623376623377
0 0.4724462365591398 0.4212987012987013 0.07258064516129033 0.025974025974025976
0 0.5588037634408602 0.4231168831168831 0.08938172043010753 0.024415584415584415
0 0.4791666666666667 0.3355844155844156 0.07258064516129033 0.025974025974025976
0 0.561491935483871 0.33584415584415583 0.08938172043010753 0.024415584415584415
