0 0.402338811630847 0.221923828125 0.3280657395701643 0.02783203125
0 0.38969658659924145 0.293701171875 0.3065739570164349 0.02978515625
0 0.34671302149178257 0.3779296875 0.2168141592920354 0.0224609375
0 0.3198482932996207 0.448486328125 0.16687737041719342 0.02685546875
0 0.3549304677623262 0.52099609375 0.23324905183312264 0.0224609375
0 0.3302781289506953 0.590087890625 0.1877370417193426 0.02001953125
0 0.2866624525916561 0.67919921875 0.10303413400758533 0.0234375
0 0.37010113780025283 0.760986328125 0.2572692793931732 0.02490234375
0 0.3593552465233881 0.841552734375 0.24209860935524652 0.02392578125
0 0.3663084702907712 0.67919921875 0.06257901390644753 0.0234375
0 0.45132743362831856 0.6806640625 0.1011378002528445 0.0283203125
