0 0.2745295698924731 0.23974025974025975 0.12029569892473119 0.02025974025974026
0 0.28158602150537637 0.3080519480519481 0.12365591397849462 0.0187012987012987
0 0.30073924731182794 0.38675324675324674 0.16196236559139784 0.02025974025974026
0 0.3014112903225806 0.45896103896103896 0.1538978494623656 0.0212987012987013
0 0.3030913978494624 0.5348051948051948 0.17473118279569894 0.0212987012987013
0 0.30477150537634407 0.6142857142857143 0.14448924731182797 0.02857142857142857
0 0.3595430107526882 0.7202597402597403 0.23655913978494625 0.02025974025974026
0 0.29939516129032256 0.788051948051948 0.13373655913978494 0.024935064935064935
0 0.2977150537634409 0.8501298701298702 0.14650537634408603 0.026493506493506493
0 0.27385752688172044 0.8158441558441558 0.09744623655913978 0.0212987012987013
0 0.3424059139784946 0.8792207792207792 0.22916666666666666 0.02857142857142857
0 0.3024193548387097 0.6449350649350649 0.10349462365591398 0.0212987012987013
0 0.3397177419354839 0.6755844155844156 0.16868279569892472 0.023376623376623377
