0 0.26011378002528446 0.16552734375 0.10556257901390645 0.025390625
2 0.4301517067003793 0.1728515625 0.15739570164348926 0.021484375
0 0.3811630847029077 0.219482421875 0.34007585335018964 0.02490234375
0 0.2816055625790139 0.298828125 0.1333754740834387 0.0234375
0 0.3002528445006321 0.3759765625 0.17193426042983564 0.0244140625
0 0.2914032869785082 0.4599609375 0.13780025284450062 0.0263671875
0 0.30720606826801516 0.5732421875 0.15423514538558786 0.0224609375
0 0.3577749683944374 0.702880859375 0.2553729456384324 0.02783203125
0 0.35429835651074587 0.80859375 0.252212389380531 0.025390625
1 0.35967130214917825 0.16796875 0.3034134007585335 0.033203125
0 0.4854614412136536 0.46435546875 0.10998735777496839 0.0263671875
0 0.3919089759797724 0.460693359375 0.0632111251580278 0.02587890625
