0 0.25442477876106195 0.210205078125 0.07395701643489254 0.02490234375
0 0.3587231352718078 0.316162109375 0.2534766118836915 0.02392578125
2 0.40075853350189633 0.407470703125 0.16182048040455121 0.02392578125
0 0.27560050568900124 0.445068359375 0.0986093552465234 0.02197265625
0 0.35651074589127685 0.5458984375 0.2402022756005057 0.0224609375
0 0.356826801517067 0.602294921875 0.24083438685208597 0.02587890625
0 0.4582806573957016 0.68994140625 0.1529709228824273 0.0302734375
0 0.3422882427307206 0.7587890625 0.13084702907711757 0.0234375
0 0.3217446270543616 0.800048828125 0.10366624525916561 0.02099609375
2 0.3966498103666245 0.167236328125 0.15107458912768648 0.02294921875
1 0.3391276864728192 0.16015625 0.27117572692793934 0.03125
1 0.35082174462705434 0.40771484375 0.2743362831858407 0.02734375
1 0.40139064475347663 0.68994140625 0.2831858407079646 0.029296875
0 0.28128950695322374 0.506591796875 0.0986093552465234 0.02197265625
0 0.33122629582806573 0.475341796875 0.1959544879898862 0.02587890625
0 0.27275600505689 0.274658203125 0.07395701643489254 0.02490234375
0 0.32964601769911506 0.24267578125 0.20164348925410872 0.025390625
