2 0.38811630847029077 0.318115234375 0.26548672566371684 0.02978515625
0 0.30120101137800254 0.500732421875 0.13716814159292035 0.02783203125
0 0.39032869785082175 0.613525390625 0.297724399494311 0.02490234375
0 0.3922250316055626 0.74755859375 0.263590391908976 0.025390625
0 0.3697850821744627 0.648681640625 0.21997471554993678 0.02490234375
0 0.29898862199747156 0.681396484375 0.08091024020227561 0.02490234375
0 0.3941213653603034 0.375244140625 0.23198482932996206 0.02880859375
0 0.415929203539823 0.4306640625 0.27307206068268014 0.0302734375
0 0.32079646017699115 0.18994140625 0.18520859671302148 0.0302734375
0 0.284134007585335 0.218017578125 0.11441213653603034 0.02880859375
0 0.5360303413400759 0.194091796875 0.09608091024020228 0.03173828125
0 0.4532237673830594 0.191162109375 0.07585335018963338 0.03173828125
