0 0.2857142857142857 0.21826171875 0.13400758533501897 0.025390625
0 0.2974083438685209 0.4267578125 0.13211125158027812 0.029296875
0 0.2879266750948167 0.6162109375 0.10303413400758533 0.0234375
0 0.34323640960809104 0.79296875 0.20986093552465235 0.025390625
0 0.2866624525916561 0.832763671875 0.11188369152970923 0.02294921875
0 0.2888748419721871 0.875732421875 0.10745891276864729 0.02294921875
0 0.3166877370417193 0.24951171875 0.13400758533501897 0.025390625
0 0.3198482932996207 0.29638671875 0.13400758533501897 0.025390625
0 0.3217446270543616 0.3330078125 0.13400758533501897 0.025390625
0 0.3223767383059418 0.38037109375 0.13400758533501897 0.025390625
0 0.347661188369153 0.45751953125 0.1820480404551201 0.0234375
0 0.3334386852085967 0.489990234375 0.15107458912768648 0.02783203125
0 0.3381795195954488 0.52734375 0.16055625790139064 0.0322265625
0 0.3277496839443742 0.56884765625 0.13211125158027812 0.029296875
2 0.4503792667509482 0.5693359375 0.10303413400758533 0.0234375
2 0.4725031605562579 0.52880859375 0.10303413400758533 0.0234375
2 0.5060050568900126 0.701171875 0.10303413400758533 0.0234375
2 0.46491782553729455 0.74267578125 0.10303413400758533 0.0234375
1 0.3938053097345133 0.526611328125 0.2718078381795196 0.03173828125
1 0.38147914032869784 0.56884765625 0.24209860935524652 0.0302734375
0 0.3615676359039191 0.66015625 0.1820480404551201 0.0234375
0 0.3634639696586599 0.70068359375 0.1820480404551201 0.0234375
0 0.3397597977243995 0.73974609375 0.13716814159292035 0.0234375
1 0.41624525916561317 0.701171875 0.28761061946902655 0.02734375
1 0.3963337547408344 0.742431640625 0.24525916561314792 0.02783203125
