0 0.25600505689001263 0.20703125 0.1125158027812895 0.0224609375
0 0.2664348925410872 0.479248046875 0.10303413400758533 0.02197265625
0 0.3081542351453856 0.62060546875 0.18015170670037928 0.0263671875
0 0.28697850821744625 0.68212890625 0.12515802781289506 0.0244140625
0 0.2853982300884956 0.243896484375 0.1359039190897598 0.02294921875
0 0.2917193426042984 0.295166015625 0.1359039190897598 0.02294921875
0 0.4168773704171934 0.295166015625 0.10935524652338811 0.02587890625
0 0.299936788874842 0.359619140625 0.15739570164348926 0.02490234375
0 0.26833122629582806 0.4052734375 0.09039190897597978 0.0224609375
0 0.27970922882427307 0.51611328125 0.09039190897597978 0.0224609375
0 0.3008849557522124 0.5556640625 0.13274336283185842 0.025390625
0 0.4254108723135272 0.5556640625 0.0897597977243995 0.0224609375
0 0.5176991150442478 0.554443359375 0.07079646017699115 0.02294921875
0 0.2816055625790139 0.741943359375 0.07142857142857142 0.02294921875
0 0.33691529709228824 0.783203125 0.179519595448799 0.0244140625
0 0.47029077117572693 0.782958984375 0.07079646017699115 0.02294921875
0 0.2961441213653603 0.828857421875 0.10050568900126422 0.02587890625
2 0.4633375474083439 0.620849609375 0.10872313527180784 0.02978515625
2 0.4497471554993679 0.6826171875 0.1611883691529709 0.0283203125
2 0.4118204804045512 0.4775390625 0.1611883691529709 0.0283203125
1 0.37926675094816686 0.683837890625 0.3084702907711757 0.02783203125
1 0.35429835651074587 0.477783203125 0.28508217446270545 0.03076171875
1 0.3666245259165613 0.62158203125 0.30214917825537296 0.03515625
