0 0.33803763440860213 0.21298701298701297 0.24865591397849462 0.027012987012987013
0 0.31451612903225806 0.28753246753246753 0.20430107526881722 0.03064935064935065
0 0.3343413978494624 0.40155844155844156 0.23051075268817203 0.024935064935064935
0 0.3014112903225806 0.5563636363636364 0.19556451612903225 0.024935064935064935
0 0.30073924731182794 0.691948051948052 0.19153225806451613 0.027012987012987013
0 0.27486559139784944 0.8 0.12096774193548387 0.025974025974025976
0 0.2728494623655914 0.8571428571428571 0.11290322580645161 0.022857142857142857
0 0.39751344086021506 0.7264935064935065 0.15255376344086022 0.025454545454545455
0 0.5241935483870968 0.8561038961038961 0.11290322580645161 0.022857142857142857
0 0.4002016129032258 0.8566233766233766 0.1364247311827957 0.02077922077922078
0 0.37768817204301075 0.8015584415584416 0.08736559139784947 0.023896103896103898
0 0.4879032258064516 0.8025974025974026 0.11021505376344086 0.02181818181818182
0 0.2614247311827957 0.7267532467532467 0.11021505376344086 0.02181818181818182
0 0.2560483870967742 0.7579220779220779 0.11021505376344086 0.02181818181818182
0 0.2698252688172043 0.6174025974025974 0.12163978494623656 0.0212987012987013
0 0.26243279569892475 0.5844155844155844 0.10685483870967742 0.02181818181818182
0 0.4583333333333333 0.5862337662337662 0.271505376344086 0.024415584415584415
0 0.31418010752688175 0.3181818181818182 0.07728494623655914 0.022337662337662337
0 0.3178763440860215 0.34675324675324676 0.08602150537634409 0.0212987012987013
0 0.34274193548387094 0.2407792207792208 0.12231182795698925 0.023376623376623377
