0 0.2765456989247312 0.21116883116883117 0.13776881720430106 0.02025974025974026
2 0.45060483870967744 0.21064935064935064 0.20094086021505375 0.024415584415584415
0 0.2547043010752688 0.3093506493506494 0.10752688172043011 0.024415584415584415
0 0.2967069892473118 0.4587012987012987 0.16733870967741934 0.02077922077922078
0 0.3538306451612903 0.5488311688311688 0.28293010752688175 0.026493506493506493
0 0.3084677419354839 0.6319480519480519 0.2110215053763441 0.024415584415584415
0 0.25873655913978494 0.6935064935064935 0.11290322580645161 0.022857142857142857
0 0.3209005376344086 0.7501298701298701 0.2264784946236559 0.019740259740259742
0 0.3209005376344086 0.8322077922077922 0.21975806451612903 0.019740259740259742
1 0.3793682795698925 0.21116883116883117 0.34610215053763443 0.022337662337662337
0 0.3333333333333333 0.2361038961038961 0.10752688172043011 0.024415584415584415
0 0.3346774193548387 0.2651948051948052 0.10752688172043011 0.024415584415584415
0 0.33030913978494625 0.4825974025974026 0.16733870967741934 0.02077922077922078
0 0.33568548387096775 0.5085714285714286 0.16733870967741934 0.02077922077922078
0 0.3276209677419355 0.3366233766233766 0.16733870967741934 0.02077922077922078
0 0.2980510752688172 0.35948051948051946 0.10685483870967742 0.02077922077922078
0 0.29939516129032256 0.38545454545454544 0.10685483870967742 0.02077922077922078
0 0.2980510752688172 0.4135064935064935 0.10685483870967742 0.02077922077922078
