0 0.29235145385587863 0.212646484375 0.14601769911504425 0.02001953125
0 0.37104930467762326 0.29052734375 0.2996207332490518 0.0224609375
0 0.2891908975979772 0.36474609375 0.13843236409608092 0.0224609375
0 0.32711757269279396 0.51708984375 0.21807838179519595 0.0224609375
0 0.2686472819216182 0.605712890625 0.1213653603034134 0.02294921875
0 0.3584070796460177 0.727294921875 0.29077117572692796 0.02392578125
0 0.26580278128950696 0.754150390625 0.10809102402022756 0.02294921875
0 0.38400758533501894 0.828369140625 0.38495575221238937 0.02294921875
2 0.37104930467762326 0.8681640625 0.12515802781289506 0.03125
1 0.3836915297092288 0.850830078125 0.3868520859671302 0.06982421875
0 0.29646017699115046 0.638916015625 0.1213653603034134 0.02294921875
0 0.29582806573957016 0.668212890625 0.1213653603034134 0.02294921875
0 0.3527180783817952 0.390625 0.1390644753476612 0.0224609375
0 0.33185840707964603 0.417724609375 0.09608091024020228 0.02099609375
0 0.3498735777496839 0.44140625 0.13843236409608092 0.0224609375
0 0.34924146649810367 0.47119140625 0.13843236409608092 0.0224609375
