0 0.27486559139784944 0.1148051948051948 0.030913978494623656 0.00935064935064935
0 0.29838709677419356 0.1277922077922078 0.0228494623655914 0.012467532467532468
0 0.41263440860215056 0.48805194805194807 0.09408602150537634 0.025454545454545455
0 0.301747311827957 0.24883116883116882 0.08602150537634409 0.019740259740259742
0 0.3289650537634409 0.2820779220779221 0.12163978494623656 0.02181818181818182
0 0.3430779569892473 0.32311688311688314 0.1485215053763441 0.017662337662337664
0 0.3084677419354839 0.3628571428571429 0.07258064516129033 0.016103896103896103
0 0.364247311827957 0.39636363636363636 0.20161290322580644 0.022857142857142857
0 0.36626344086021506 0.43454545454545457 0.260752688172043 0.026493506493506493
0 0.302755376344086 0.48883116883116884 0.1297043010752688 0.025974025974025976
0 0.3064516129032258 0.5755844155844155 0.1424731182795699 0.02909090909090909
0 0.3860887096774194 0.623896103896104 0.27889784946236557 0.022857142857142857
0 0.33568548387096775 0.7083116883116883 0.16330645161290322 0.02025974025974026
0 0.32426075268817206 0.76 0.14583333333333334 0.0187012987012987
0 0.3262768817204301 0.7932467532467532 0.14986559139784947 0.025974025974025976
0 0.30510752688172044 0.8542857142857143 0.08602150537634409 0.022337662337662337
0 0.5033602150537635 0.4864935064935065 0.08198924731182795 0.026493506493506493
