0 0.2604166666666667 0.2425974025974026 0.05174731182795699 0.02077922077922078
0 0.3353494623655914 0.38545454545454544 0.1693548387096774 0.022857142857142857
0 0.3850806451612903 0.4597402597402597 0.25268817204301075 0.022857142857142857
0 0.34139784946236557 0.548051948051948 0.1922043010752688 0.019740259740259742
0 0.38810483870967744 0.7322077922077922 0.29368279569892475 0.024415584415584415
2 0.43481182795698925 0.8698701298701299 0.1814516129032258 0.022337662337662337
0 0.33736559139784944 0.8246753246753247 0.18413978494623656 0.025454545454545455
0 0.3175403225806452 0.6394805194805194 0.1592741935483871 0.022857142857142857
0 0.4388440860215054 0.6381818181818182 0.08602150537634409 0.022337662337662337
0 0.5463709677419355 0.6384415584415585 0.10752688172043011 0.02077922077922078
0 0.33131720430107525 0.28103896103896103 0.17473118279569894 0.02181818181818182
0 0.2879704301075269 0.3438961038961039 0.08400537634408602 0.02181818181818182
0 0.3333333333333333 0.31272727272727274 0.17473118279569894 0.02181818181818182
1 0.3834005376344086 0.8454545454545455 0.2842741935483871 0.06597402597402598
