0 0.2728494623655914 0.2283116883116883 0.12634408602150538 0.023376623376623377
0 0.22782258064516128 0.35454545454545455 0.043010752688172046 0.025454545454545455
0 0.2758736559139785 0.4355844155844156 0.12432795698924731 0.027532467532467533
0 0.27553763440860213 0.5153246753246753 0.11559139784946236 0.02181818181818182
0 0.28931451612903225 0.6088311688311688 0.15658602150537634 0.023896103896103898
0 0.3077956989247312 0.714025974025974 0.21774193548387097 0.03168831168831169
0 0.3383736559139785 0.7935064935064935 0.2775537634408602 0.03168831168831169
0 0.2963709677419355 0.2625974025974026 0.12634408602150538 0.023376623376623377
0 0.29973118279569894 0.29168831168831166 0.12634408602150538 0.023376623376623377
0 0.3118279569892473 0.35298701298701296 0.12634408602150538 0.023376623376623377
0 0.4388440860215054 0.3524675324675325 0.12634408602150538 0.023376623376623377
0 0.3649193548387097 0.5150649350649351 0.06451612903225806 0.025454545454545455
0 0.4778225806451613 0.5161038961038961 0.12634408602150538 0.023376623376623377
0 0.4069220430107527 0.6096103896103896 0.07190860215053764 0.025454545454545455
0 0.4848790322580645 0.6080519480519481 0.07190860215053764 0.025454545454545455
