0 0.37357774968394436 0.23583984375 0.21618204804045513 0.0224609375
0 0.33154235145385585 0.31787109375 0.1472819216182048 0.0263671875
0 0.3280657395701643 0.39892578125 0.13653603034134007 0.02734375
0 0.3862199747155499 0.48828125 0.2427307206068268 0.0283203125
2 0.47313527180783815 0.533203125 0.1624525916561315 0.0224609375
0 0.393173198482933 0.582763671875 0.27560050568900124 0.02392578125
0 0.34513274336283184 0.667236328125 0.1706700379266751 0.02783203125
0 0.33217446270543616 0.75390625 0.14348925410872312 0.0244140625
0 0.3195322376738306 0.86767578125 0.09544879898862199 0.0244140625
1 0.4118204804045512 0.509765625 0.29646017699115046 0.0732421875
0 0.3552465233881163 0.79052734375 0.09608091024020228 0.0244140625
0 0.3552465233881163 0.8193359375 0.09608091024020228 0.0244140625
