0 0.3407079646017699 0.24560546875 0.202275600505689 0.0263671875
0 0.3075221238938053 0.326904296875 0.12199747155499367 0.02685546875
0 0.3922250316055626 0.4091796875 0.2838179519595449 0.0224609375
0 0.3280657395701643 0.484375 0.15676359039190899 0.0234375
0 0.3473451327433628 0.5537109375 0.19152970922882429 0.025390625
0 0.3865360303413401 0.666259765625 0.2724399494310999 0.02587890625
0 0.3280657395701643 0.7412109375 0.1554993678887484 0.0224609375
0 0.36757269279393173 0.826171875 0.2345132743362832 0.0234375
0 0.3473451327433628 0.59130859375 0.19152970922882429 0.025390625
0 0.3498735777496839 0.62255859375 0.19152970922882429 0.025390625
0 0.4288874841972187 0.327880859375 0.12199747155499367 0.02685546875
0 0.547724399494311 0.325927734375 0.12199747155499367 0.02685546875
