2 0.6974789915966386 0.16983372921615203 0.47058823529411764 0.06175771971496437
0 0.5016806722689076 0.3853919239904988 0.2235294117647059 0.017814726840855107
0 0.5882352941176471 0.41211401425178146 0.3865546218487395 0.023752969121140142
0 0.5521008403361345 0.44299287410926363 0.30756302521008405 0.023752969121140142
0 0.5495798319327732 0.4750593824228028 0.2991596638655462 0.023752969121140142
0 0.5436974789915966 0.504750593824228 0.28739495798319326 0.021377672209026127
0 0.43781512605042017 0.5374109263657957 0.06890756302521009 0.020190023752969122
0 0.45630252100840335 0.5706650831353919 0.1092436974789916 0.020190023752969122
0 0.526890756302521 0.5950118764845606 0.253781512605042 0.023752969121140142
0 0.4991596638655462 0.6199524940617577 0.18823529411764706 0.023752969121140142
0 0.4445378151260504 0.6799287410926366 0.0957983193277311 0.020190023752969122
0 0.4672268907563025 0.7036817102137767 0.14453781512605043 0.022565320665083134
0 0.44789915966386556 0.7309976247030879 0.1092436974789916 0.022565320665083134
0 0.46554621848739497 0.7565320665083135 0.13445378151260504 0.021377672209026127
0 0.4613445378151261 0.7832541567695962 0.12605042016806722 0.020190023752969122
0 0.42436974789915966 0.8087885985748219 0.058823529411764705 0.023752969121140142
0 0.4899159663865546 0.833729216152019 0.18319327731092436 0.021377672209026127
0 0.46974789915966386 0.8616389548693587 0.13949579831932774 0.022565320665083134
0 0.6176470588235294 0.834916864608076 0.058823529411764705 0.023752969121140142
0 0.6747899159663866 0.833729216152019 0.0453781512605042 0.023752969121140142
0 0.5521008403361345 0.8064133016627079 0.0453781512605042 0.023752969121140142
0 0.4890756302521008 0.8087885985748219 0.06722689075630252 0.019002375296912115
0 0.5663865546218487 0.7577197149643705 0.06722689075630252 0.019002375296912115
0 0.5378151260504201 0.7327790973871734 0.06722689075630252 0.019002375296912115
0 0.6336134453781512 0.7042755344418052 0.08067226890756303 0.019002375296912115
0 0.5168067226890757 0.6787410926365796 0.04873949579831933 0.020190023752969122
0 0.5722689075630252 0.6763657957244655 0.04873949579831933 0.020190023752969122
0 0.6277310924369748 0.7589073634204275 0.0453781512605042 0.023752969121140142
0 0.5991596638655462 0.7292161520190024 0.0453781512605042 0.023752969121140142
0 0.5638655462184874 0.7054631828978623 0.0453781512605042 0.023752969121140142
1 0.6605042016806723 0.5041567695961995 0.5378151260504201 0.7351543942992874
