0 0.29296875 0.20885416666666667 0.4640625 0.051041666666666666
0 0.26875 0.6692708333333334 0.246875 0.03854166666666667
0 0.32890625 0.6223958333333334 0.3859375 0.04479166666666667
0 0.29375 0.5796875 0.29375 0.034375
0 0.309375 0.7453125 0.378125 0.05520833333333333
2 0.72734375 0.20416666666666666 0.3953125 0.0625
1 0.4953125 0.2046875 0.871875 0.065625
2 0.7046875 0.7411458333333333 0.378125 0.059375
2 0.7140625 0.58125 0.353125 0.041666666666666664
2 0.73359375 0.6234375 0.3140625 0.034375
2 0.69609375 0.66875 0.2984375 0.035416666666666666
1 0.51875 0.5760416666666667 0.740625 0.041666666666666664
1 0.5140625 0.621875 0.740625 0.041666666666666664
1 0.496875 0.6734375 0.70625 0.042708333333333334
1 0.5109375 0.7411458333333333 0.7875 0.065625
0 0.31484375 0.2708333333333333 0.4078125 0.041666666666666664
0 0.28046875 0.31302083333333336 0.3296875 0.036458333333333336
0 0.38828125 0.35260416666666666 0.5359375 0.04895833333333333
0 0.3578125 0.403125 0.484375 0.041666666666666664
0 0.3421875 0.44583333333333336 0.459375 0.04375
0 0.31796875 0.49270833333333336 0.4078125 0.041666666666666664
0 0.33671875 0.5348958333333333 0.4390625 0.040625
0 0.33671875 0.8067708333333333 0.4390625 0.040625
0 0.33515625 0.8536458333333333 0.4390625 0.040625
0 0.32734375 0.9005208333333333 0.4390625 0.040625
