0 0.27355072463768115 0.23017705927636645 0.20169082125603865 0.020015396458814474
2 0.6727053140096618 0.22863741339491916 0.12318840579710146 0.016936104695919937
0 0.24214975845410627 0.2967667436489607 0.13647342995169082 0.020785219399538105
0 0.28200483091787437 0.3579676674364896 0.21859903381642512 0.024634334103156273
0 0.3272946859903382 0.42070823710546573 0.2946859903381642 0.02386451116243264
0 0.3580917874396135 0.48306389530408006 0.3635265700483092 0.02386451116243264
0 0.3109903381642512 0.5500384911470362 0.26207729468599034 0.022324865280985373
0 0.2826086956521739 0.6154734411085451 0.20048309178743962 0.022324865280985373
2 0.678743961352657 0.29176289453425713 0.12318840579710146 0.016936104695919937
2 0.6841787439613527 0.3533487297921478 0.10990338164251208 0.020015396458814474
2 0.678743961352657 0.4149345650500385 0.12318840579710146 0.016936104695919937
2 0.6847826086956522 0.4749807544264819 0.12318840579710146 0.016936104695919937
2 0.7276570048309179 0.5404157043879908 0.05676328502415459 0.02155504234026174
2 0.7288647342995169 0.6058506543494996 0.059178743961352656 0.018475750577367205
1 0.4535024154589372 0.3006158583525789 0.5640096618357487 0.042340261739799843
1 0.45108695652173914 0.36374133949191684 0.5640096618357487 0.042340261739799843
1 0.46497584541062803 0.4284064665127021 0.5652173913043478 0.042340261739799843
1 0.46256038647342995 0.4930715935334873 0.5676328502415459 0.04541955350269438
1 0.46256038647342995 0.5569668976135489 0.5676328502415459 0.04541955350269438
1 0.4716183574879227 0.619707467282525 0.5760869565217391 0.04772902232486528
1 0.4498792270531401 0.2390300230946882 0.5640096618357487 0.042340261739799843
