0 0.43719806763285024 0.45918367346938777 0.357487922705314 0.021919879062736205
2 0.7506038647342995 0.5483749055177627 0.14130434782608695 0.015873015873015872
0 0.3828502415458937 0.54421768707483 0.2584541062801932 0.021164021164021163
0 0.34903381642512077 0.6118669690098262 0.19082125603864733 0.02343159486016629
0 0.3134057971014493 0.6798941798941799 0.12681159420289856 0.024943310657596373
2 0.7445652173913043 0.45540438397581257 0.14130434782608695 0.015873015873015872
2 0.7530193236714976 0.6148904006046864 0.14130434782608695 0.015873015873015872
2 0.7566425120772947 0.6844293272864701 0.14130434782608695 0.015873015873015872
1 0.535024154589372 0.47543461829176115 0.5579710144927537 0.05744520030234316
1 0.5398550724637681 0.5521541950113379 0.572463768115942 0.0400604686318972
1 0.5410628019323671 0.6201814058956916 0.572463768115942 0.0400604686318972
1 0.5398550724637681 0.6866969009826153 0.572463768115942 0.0400604686318972
