2 0.7137681159420289 0.15965439519158528 0.11835748792270531 0.018782870022539443
0 0.21920289855072464 0.16378662659654394 0.15096618357487923 0.019534184823441023
0 0.28502415458937197 0.23516153268219384 0.2753623188405797 0.025544703230653644
0 0.2741545893719807 0.3069120961682945 0.2584541062801932 0.024793388429752067
0 0.3442028985507246 0.3816679188580015 0.4033816425120773 0.021036814425244178
0 0.2940821256038647 0.4556724267468069 0.3103864734299517 0.02329075882794891
0 0.23490338164251207 0.531930879038317 0.19444444444444445 0.021036814425244178
0 0.21256038647342995 0.6059353869271225 0.1473429951690821 0.021788129226145755
0 0.04468599033816425 0.9380165289256198 0.08695652173913043 0.014274981217129978
2 0.716183574879227 0.23215627347858753 0.13526570048309178 0.018031555221637866
2 0.716183574879227 0.4552967693463561 0.13526570048309178 0.018031555221637866
2 0.7210144927536232 0.30841472577009765 0.11835748792270531 0.018782870022539443
2 0.7234299516908212 0.37753568745304283 0.11835748792270531 0.018782870022539443
2 0.7198067632850241 0.5315552216378663 0.11835748792270531 0.018782870022539443
1 0.4583333333333333 0.16078136739293764 0.6340579710144928 0.019534184823441023
1 0.46618357487922707 0.236664162283997 0.6328502415458938 0.022539444027047332
1 0.46557971014492755 0.3102930127723516 0.6388888888888888 0.021036814425244178
1 0.4613526570048309 0.3786626596543952 0.6400966183574879 0.02404207362885049
1 0.46497584541062803 0.4564237415477085 0.6400966183574879 0.024793388429752067
1 0.4583333333333333 0.5311795642374155 0.6485507246376812 0.025544703230653644
