2 0.4855072463768116 0.2545045045045045 0.07004830917874397 0.016516516516516516
0 0.18538647342995168 0.23873873873873874 0.29106280193236717 0.02702702702702703
0 0.21316425120772947 0.3141891891891892 0.3466183574879227 0.03528528528528529
0 0.20893719806763286 0.3911411411411411 0.34541062801932365 0.03303303303303303
0 0.21920289855072464 0.46208708708708707 0.358695652173913 0.03228228228228228
0 0.2210144927536232 0.5405405405405406 0.38164251207729466 0.028528528528528527
0 0.22282608695652173 0.6152402402402403 0.3852657004830918 0.033783783783783786
0 0.22403381642512077 0.6918168168168168 0.3973429951690821 0.03228228228228228
0 0.21618357487922704 0.7755255255255256 0.38164251207729466 0.03453453453453453
0 0.22161835748792272 0.8543543543543544 0.392512077294686 0.03303303303303303
0 0.20350241545893719 0.9177927927927928 0.3635265700483092 0.03228228228228228
2 0.4891304347826087 0.32882882882882886 0.07004830917874397 0.016516516516516516
2 0.4830917874396135 0.713963963963964 0.07004830917874397 0.016516516516516516
2 0.4891304347826087 0.40315315315315314 0.07004830917874397 0.016516516516516516
2 0.4891304347826087 0.47597597597597596 0.07004830917874397 0.016516516516516516
2 0.48429951690821255 0.5555555555555556 0.07004830917874397 0.016516516516516516
2 0.48429951690821255 0.6321321321321322 0.07004830917874397 0.016516516516516516
2 0.48792270531400966 0.7897897897897898 0.07004830917874397 0.016516516516516516
2 0.48188405797101447 0.8723723723723724 0.07004830917874397 0.016516516516516516
2 0.47946859903381644 0.9369369369369369 0.07004830917874397 0.016516516516516516
1 0.2826086956521739 0.25262762762762764 0.49516908212560384 0.05780780780780781
1 0.2826086956521739 0.3262012012012012 0.49516908212560384 0.05780780780780781
1 0.2777777777777778 0.3997747747747748 0.49516908212560384 0.05780780780780781
1 0.28502415458937197 0.47635135135135137 0.49516908212560384 0.05780780780780781
1 0.28381642512077293 0.5484234234234234 0.49516908212560384 0.05780780780780781
1 0.2753623188405797 0.8573573573573574 0.5 0.046546546546546545
1 0.2753623188405797 0.6234984984984985 0.49516908212560384 0.05780780780780781
1 0.2741545893719807 0.7045795795795796 0.49516908212560384 0.05780780780780781
1 0.27294685990338163 0.7856606606606606 0.49516908212560384 0.05780780780780781
1 0.26811594202898553 0.9283033033033034 0.49516908212560384 0.05780780780780781
