0 0.26992753623188404 0.19182948490230906 0.3007246376811594 0.037300177619893425
2 0.5229468599033816 0.18872113676731794 0.09903381642512077 0.02575488454706927
0 0.27053140096618356 0.2926287744227353 0.30434782608695654 0.03463587921847247
0 0.23429951690821257 0.3641207815275311 0.2391304347826087 0.03374777975133215
0 0.20169082125603865 0.43294849023090587 0.1859903381642512 0.03641207815275311
0 0.26570048309178745 0.4977797513321492 0.30917874396135264 0.03996447602131439
0 0.2524154589371981 0.5692717584369449 0.2898550724637681 0.04440497335701599
0 0.23973429951690822 0.6469804618117229 0.2693236714975845 0.03818827708703375
0 0.25181159420289856 0.7211367673179396 0.29830917874396135 0.037300177619893425
0 0.22946859903381642 0.7881882770870338 0.2584541062801932 0.0452930728241563
0 0.22826086956521738 0.8698934280639432 0.26811594202898553 0.03996447602131439
1 0.2107487922705314 0.9378330373001776 0.2427536231884058 0.03374777975133215
2 0.5217391304347826 0.2988454706927176 0.09903381642512077 0.02575488454706927
2 0.5229468599033816 0.3716696269982238 0.09903381642512077 0.02575488454706927
2 0.5205314009661836 0.44271758436944936 0.09903381642512077 0.02575488454706927
2 0.5265700483091788 0.5213143872113677 0.10628019323671498 0.02486678507992895
2 0.5241545893719807 0.6025754884547069 0.09903381642512077 0.02575488454706927
2 0.5205314009661836 0.6816163410301954 0.09903381642512077 0.02575488454706927
2 0.5253623188405797 0.7455595026642984 0.09903381642512077 0.02575488454706927
2 0.5277777777777778 0.8308170515097691 0.09903381642512077 0.02575488454706927
2 0.5301932367149759 0.9147424511545293 0.10386473429951691 0.03019538188277087
1 0.34541062801932365 0.216696269982238 0.45652173913043476 0.0905861456483126
1 0.34480676328502413 0.30150976909413857 0.4577294685990338 0.05595026642984014
1 0.34118357487922707 0.3725577264653641 0.4577294685990338 0.05595026642984014
1 0.33997584541062803 0.44094138543516875 0.4577294685990338 0.05595026642984014
1 0.34359903381642515 0.5102131438721137 0.4722222222222222 0.05595026642984014
1 0.34118357487922707 0.5857015985790408 0.4722222222222222 0.05595026642984014
1 0.34299516908212563 0.6585257548845471 0.47342995169082125 0.0630550621669627
1 0.3393719806763285 0.7340142095914742 0.47342995169082125 0.0630550621669627
1 0.34118357487922707 0.8152753108348135 0.47705314009661837 0.07992895204262877
1 0.338768115942029 0.894316163410302 0.48429951690821255 0.08703374777975133
