2 0.606280193236715 0.28578290105667625 0.21497584541062803 0.03554274735830932
0 0.2747584541062802 0.2929875120076849 0.29830917874396135 0.040345821325648415
0 0.2717391304347826 0.33477425552353507 0.2753623188405797 0.03554274735830932
0 0.2506038647342995 0.37992315081652256 0.23550724637681159 0.03170028818443804
0 0.2391304347826087 0.42122958693563883 0.21014492753623187 0.03554274735830932
0 0.3170289855072464 0.5336215177713737 0.3272946859903382 0.03362151777137368
0 0.3357487922705314 0.5710854947166186 0.36231884057971014 0.0393852065321806
0 0.2807971014492754 0.6729106628242075 0.23792270531400966 0.03362151777137368
0 0.2469806763285024 0.7103746397694525 0.15821256038647344 0.03554274735830932
0 0.27596618357487923 0.8049951969260326 0.21859903381642512 0.03073967339097022
0 0.2536231884057971 0.8390970220941403 0.17149758454106281 0.029779058597502402
0 0.2524154589371981 0.8717579250720461 0.16666666666666666 0.03170028818443804
0 0.29347826086956524 0.9068203650336215 0.2318840579710145 0.03266090297790586
2 0.6630434782608695 0.5710854947166186 0.21497584541062803 0.03554274735830932
2 0.6026570048309179 0.3270893371757925 0.21497584541062803 0.03554274735830932
2 0.5990338164251208 0.3703170028818444 0.21497584541062803 0.03554274735830932
2 0.6026570048309179 0.4125840537944284 0.21497584541062803 0.03554274735830932
2 0.5917874396135265 0.6738712776176753 0.21497584541062803 0.03554274735830932
2 0.6129227053140096 0.8102785782901056 0.17753623188405798 0.03554274735830932
2 0.6159420289855072 0.845821325648415 0.18357487922705315 0.03554274735830932
2 0.6207729468599034 0.8852065321805955 0.18357487922705315 0.03554274735830932
2 0.6292270531400966 0.9140249759846302 0.18357487922705315 0.03554274735830932
1 0.42028985507246375 0.2881844380403458 0.5942028985507246 0.049951969260326606
1 0.42391304347826086 0.33429394812680113 0.5966183574879227 0.04226705091258405
1 0.4257246376811594 0.37512007684918347 0.5929951690821256 0.0393852065321806
1 0.42089371980676327 0.4173871277617675 0.5929951690821256 0.0393852065321806
1 0.46497584541062803 0.5686839577329491 0.6159420289855072 0.03650336215177714
1 0.43478260869565216 0.6724303554274735 0.5434782608695652 0.03842459173871278
1 0.4311594202898551 0.8078770413064361 0.5241545893719807 0.0345821325648415
1 0.4305555555555556 0.8410182516810759 0.535024154589372 0.04130643611911623
1 0.4420289855072464 0.8741594620557157 0.5362318840579711 0.040345821325648415
1 0.446256038647343 0.9101825168107589 0.5446859903381642 0.037463976945244955
