0 0.35628019323671495 0.26138433515482695 0.20772946859903382 0.023679417122040074
2 0.5851449275362319 0.2609289617486339 0.14371980676328502 0.01912568306010929
0 0.34842995169082125 0.2887067395264117 0.19685990338164253 0.023679417122040074
0 0.38707729468599034 0.4512750455373406 0.27898550724637683 0.028233151183970857
0 0.3327294685990338 0.3155737704918033 0.16545893719806765 0.01912568306010929
0 0.32669082125603865 0.34289617486338797 0.15338164251207728 0.01912568306010929
0 0.3725845410628019 0.42395264116575593 0.25 0.026411657559198543
0 0.34057971014492755 0.5323315118397086 0.19082125603864733 0.022768670309653915
0 0.3061594202898551 0.5596539162112932 0.1316425120772947 0.030054644808743168
0 0.32608695652173914 0.6402550091074681 0.16908212560386474 0.020036429872495445
0 0.30132850241545894 0.668943533697632 0.12198067632850242 0.020947176684881604
0 0.3031400966183575 0.6980874316939891 0.12560386473429952 0.01912568306010929
0 0.33393719806763283 0.7276867030965392 0.18719806763285024 0.020036429872495445
2 0.589975845410628 0.28825136612021857 0.14371980676328502 0.01912568306010929
2 0.5851449275362319 0.31830601092896177 0.14371980676328502 0.01912568306010929
2 0.5875603864734299 0.34471766848816027 0.14371980676328502 0.01912568306010929
2 0.5797101449275363 0.5314207650273224 0.1570048309178744 0.020947176684881604
2 0.6274154589371981 0.45081967213114754 0.14855072463768115 0.02185792349726776
2 0.6008454106280193 0.6420765027322405 0.1388888888888889 0.02185792349726776
2 0.5996376811594203 0.6712204007285975 0.1388888888888889 0.02185792349726776
2 0.6032608695652174 0.7003642987249544 0.1388888888888889 0.02185792349726776
2 0.6092995169082126 0.7304189435336976 0.14855072463768115 0.02185792349726776
2 0.6105072463768116 0.42531876138433516 0.09057971014492754 0.023679417122040074
1 0.45410628019323673 0.26138433515482695 0.4082125603864734 0.0273224043715847
1 0.4553140096618358 0.28688524590163933 0.41304347826086957 0.023679417122040074
1 0.45652173913043476 0.3151183970856102 0.41304347826086957 0.023679417122040074
1 0.4553140096618358 0.3406193078324226 0.41304347826086957 0.023679417122040074
1 0.45169082125603865 0.42349726775956287 0.41304347826086957 0.023679417122040074
1 0.4746376811594203 0.44990892531876137 0.45652173913043476 0.025500910746812388
1 0.45169082125603865 0.5300546448087432 0.41304347826086957 0.023679417122040074
1 0.4571256038647343 0.6407103825136612 0.428743961352657 0.026411657559198543
1 0.4559178743961353 0.6680327868852459 0.428743961352657 0.026411657559198543
1 0.45652173913043476 0.697632058287796 0.4323671497584541 0.029143897996357013
1 0.46316425120772947 0.7276867030965392 0.44806763285024154 0.029143897996357013
