0 0.338768115942029 0.28832116788321166 0.2041062801932367 0.023722627737226276
0 0.5621980676328503 0.291970802919708 0.14855072463768115 0.023722627737226276
0 0.3309178743961353 0.3166058394160584 0.1956521739130435 0.025547445255474453
0 0.3146135265700483 0.3407846715328467 0.1678743961352657 0.02281021897810219
0 0.31219806763285024 0.36906934306569344 0.15821256038647344 0.024635036496350366
0 0.3532608695652174 0.4443430656934307 0.2524154589371981 0.023722627737226276
0 0.3677536231884058 0.47354014598540145 0.27898550724637683 0.02737226277372263
0 0.32065217391304346 0.552007299270073 0.18961352657004832 0.025547445255474453
0 0.2886473429951691 0.5775547445255474 0.13043478260869565 0.02737226277372263
0 0.303743961352657 0.6614963503649635 0.17028985507246377 0.023722627737226276
0 0.28200483091787437 0.6911496350364964 0.12439613526570048 0.024635036496350366
0 0.28140096618357485 0.718978102189781 0.1280193236714976 0.023722627737226276
0 0.3079710144927536 0.7490875912408759 0.19082125603864733 0.025547445255474453
0 0.5603864734299517 0.3175182481751825 0.13526570048309178 0.021897810218978103
0 0.5603864734299517 0.3426094890510949 0.14251207729468598 0.02281021897810219
0 0.5615942028985508 0.3681569343065693 0.14251207729468598 0.02281021897810219
0 0.6026570048309179 0.4739963503649635 0.14251207729468598 0.02281021897810219
0 0.5845410628019324 0.4470802919708029 0.08695652173913043 0.020072992700729927
0 0.5561594202898551 0.552007299270073 0.15821256038647344 0.023722627737226276
0 0.5591787439613527 0.5812043795620438 0.15942028985507245 0.021897810218978103
0 0.5772946859903382 0.6605839416058394 0.14251207729468598 0.023722627737226276
0 0.5785024154589372 0.6888686131386861 0.14251207729468598 0.023722627737226276
0 0.5760869565217391 0.718978102189781 0.14251207729468598 0.023722627737226276
0 0.5881642512077294 0.7477189781021898 0.1473429951690821 0.02281021897810219
1 0.4359903381642512 0.29014598540145986 0.4033816425120773 0.025547445255474453
1 0.4323671497584541 0.3166058394160584 0.4033816425120773 0.025547445255474453
1 0.4311594202898551 0.34124087591240876 0.4033816425120773 0.025547445255474453
1 0.4335748792270531 0.3677007299270073 0.4033816425120773 0.025547445255474453
1 0.4335748792270531 0.44343065693430656 0.4033816425120773 0.025547445255474453
1 0.45108695652173914 0.47308394160583944 0.44565217391304346 0.02645985401459854
1 0.428743961352657 0.5492700729927007 0.4033816425120773 0.025547445255474453
1 0.42995169082125606 0.5770985401459854 0.4178743961352657 0.030109489051094892
1 0.4353864734299517 0.6610401459854015 0.4335748792270531 0.028284671532846715
1 0.4329710144927536 0.6902372262773723 0.4335748792270531 0.028284671532846715
1 0.4329710144927536 0.7176094890510949 0.4335748792270531 0.028284671532846715
1 0.43719806763285024 0.7486313868613139 0.45169082125603865 0.02645985401459854
