0 0.23550724637681159 0.09576515880654475 0.33816425120772947 0.0356111645813282
0 0.6702898550724637 0.09191530317613089 0.1570048309178744 0.03753609239653513
0 0.17451690821256038 0.13137632338787295 0.21618357487922704 0.03946102021174206
2 0.6008454106280193 0.13185755534167468 0.3103864734299517 0.04234841193455245
0 0.20591787439613526 0.1737247353224254 0.29106280193236717 0.04331087584215592
0 0.16485507246376813 0.2136669874879692 0.20893719806763286 0.04042348411934552
0 0.2506038647342995 0.32675649663137635 0.3997584541062802 0.04331087584215592
0 0.23369565217391305 0.3695861405197305 0.37077294685990336 0.04619826756496631
0 0.20772946859903382 0.4157844080846968 0.3188405797101449 0.04042348411934552
0 0.18417874396135267 0.4643888354186718 0.29347826086956524 0.03946102021174206
0 0.19202898550724637 0.6256015399422522 0.34057971014492755 0.04427333974975938
0 0.14371980676328502 0.6809432146294514 0.24154589371980675 0.04331087584215592
0 0.1473429951690821 0.733878729547642 0.27053140096618356 0.04331087584215592
0 0.20471014492753623 0.785851780558229 0.40700483091787437 0.05101058710298364
2 0.8828502415458938 0.9008662175168431 0.18840579710144928 0.05004812319538017
0 0.2717391304347826 0.9364773820981713 0.5362318840579711 0.06737247353224254
2 0.6153381642512077 0.17083734359961503 0.29830917874396135 0.03176130895091434
2 0.6153381642512077 0.20837343599615016 0.29830917874396135 0.03176130895091434
2 0.6086956521739131 0.32290664100096245 0.30676328502415456 0.03176130895091434
2 0.6111111111111112 0.3652550529355149 0.30676328502415456 0.03176130895091434
2 0.6207729468599034 0.4095283926852743 0.321256038647343 0.03753609239653513
2 0.6219806763285024 0.45476419634263715 0.321256038647343 0.03753609239653513
2 0.6292270531400966 0.6087584215591916 0.321256038647343 0.03753609239653513
2 0.6382850241545893 0.6602502406159769 0.32004830917874394 0.04234841193455245
2 0.6485507246376812 0.7117420596727623 0.3309178743961353 0.04716073147256978
2 0.658816425120773 0.7709335899903753 0.35628019323671495 0.05582290664100096
1 0.40640096618357485 0.09287776708373437 0.6847826086956522 0.03368623676612127
1 0.4178743961352657 0.17276227141482195 0.7053140096618358 0.03753609239653513
1 0.40700483091787437 0.12993262752646775 0.6884057971014492 0.03464870067372473
1 0.40942028985507245 0.212223291626564 0.7053140096618358 0.03753609239653513
1 0.4057971014492754 0.32483156881616937 0.7053140096618358 0.03753609239653513
1 0.4082125603864734 0.3681424446583253 0.717391304347826 0.04138594802694899
1 0.41847826086956524 0.4138594802694899 0.7355072463768116 0.04427333974975938
1 0.4142512077294686 0.46102021174205965 0.7560386473429952 0.04619826756496631
1 0.41183574879227053 0.6179018286814244 0.785024154589372 0.059672762271414825
1 0.41183574879227053 0.6689124157844081 0.785024154589372 0.059672762271414825
1 0.41183574879227053 0.7242540904716073 0.8019323671497585 0.068334937439846
1 0.42028985507246375 0.782483156881617 0.8309178743961353 0.07892204042348412
1 0.4921497584541063 0.9205967276227142 0.9794685990338164 0.09913378248315688
