0 0.2614734299516908 0.09982094897045658 0.20169082125603865 0.03670546105640107
0 0.6443236714975845 0.11056401074306177 0.2041062801932367 0.024171888988361683
0 0.22041062801932368 0.2855863921217547 0.1606280193236715 0.03401969561324977
0 0.6515700483091788 0.288272157564906 0.18478260869565216 0.02685765443151298
0 0.7276570048309179 0.5246195165622203 0.25483091787439616 0.03222918531781558
0 0.2391304347826087 0.5376007162041182 0.21980676328502416 0.04207699194270367
2 0.1570048309178744 0.27350044762757386 0.05555555555555555 0.025962399283795883
2 0.8321256038647343 0.28066248880931066 0.05555555555555555 0.025962399283795883
2 0.532608695652174 0.590420769919427 0.06038647342995169 0.03133393017009848
1 0.23429951690821257 0.2909579230080573 0.2246376811594203 0.06266786034019696
1 0.7192028985507246 0.2936436884512086 0.31280193236714976 0.05729632945389436
1 0.49879227053140096 0.5671441360787824 0.7536231884057971 0.11369740376007162
