0 0.5996376811594203 0.08520179372197309 0.19202898550724637 0.021524663677130046
0 0.24758454106280192 0.08699551569506726 0.1859903381642512 0.025112107623318385
2 0.46497584541062803 0.09506726457399103 0.0821256038647343 0.025112107623318385
0 0.22705314009661837 0.23811659192825113 0.17391304347826086 0.02600896860986547
0 0.6141304347826086 0.23497757847533632 0.17995169082125603 0.026905829596412557
0 0.2143719806763285 0.41838565022421526 0.15821256038647344 0.033183856502242155
0 0.6545893719806763 0.4080717488789238 0.23671497584541062 0.026905829596412557
0 0.6793478260869565 0.6080717488789238 0.22826086956521738 0.034080717488789235
0 0.23128019323671498 0.6286995515695067 0.21859903381642512 0.04125560538116592
2 0.7584541062801933 0.2304932735426009 0.0821256038647343 0.025112107623318385
2 0.4939613526570048 0.4295964125560538 0.0821256038647343 0.025112107623318385
2 0.836352657004831 0.6013452914798206 0.09057971014492754 0.029596412556053813
1 0.42632850241545894 0.08968609865470852 0.5483091787439613 0.039461883408071746
1 0.6624396135265701 0.24708520179372198 0.27657004830917875 0.05291479820627803
1 0.45652173913043476 0.4242152466367713 0.6376811594202898 0.053811659192825115
1 0.7222222222222222 0.614798206278027 0.321256038647343 0.05829596412556054
