0 0.27053140096618356 0.08026905829596413 0.09420289855072464 0.03139013452914798
0 0.6497584541062802 0.1789237668161435 0.14009661835748793 0.0242152466367713
0 0.28743961352657005 0.21614349775784752 0.18357487922705315 0.04663677130044843
0 0.6539855072463768 0.37668161434977576 0.16545893719806765 0.03766816143497758
0 0.27657004830917875 0.39820627802690584 0.21980676328502416 0.04125560538116592
0 0.6461352657004831 0.6031390134529148 0.12560386473429952 0.03139013452914798
2 0.7789855072463768 0.610762331838565 0.06763285024154589 0.025112107623318385
0 0.20893719806763286 0.6170403587443947 0.1473429951690821 0.03228699551569507
2 0.34299516908212563 0.6242152466367713 0.06763285024154589 0.025112107623318385
2 0.7898550724637681 0.3829596412556054 0.06763285024154589 0.025112107623318385
1 0.7010869565217391 0.3852017937219731 0.2572463768115942 0.05650224215246637
1 0.7216183574879227 0.6121076233183856 0.2572463768115942 0.05650224215246637
1 0.26871980676328505 0.6273542600896861 0.2572463768115942 0.05650224215246637
