2 0.3254830917874396 0.07584014532243415 0.06159420289855073 0.02815622161671208
0 0.18297101449275363 0.08265213442325159 0.17028985507246377 0.03814713896457766
0 0.1998792270531401 0.2647593097184378 0.29106280193236717 0.035422343324250684
0 0.5380434782608695 0.2774750227066303 0.12681159420289856 0.02815622161671208
0 0.5797101449275363 0.5131698455949137 0.18357487922705315 0.03451407811080836
0 0.10929951690821256 0.5122615803814714 0.18478260869565216 0.03814713896457766
2 0.38466183574879226 0.2693006357856494 0.06159420289855073 0.02815622161671208
2 0.7361111111111112 0.5245231607629428 0.06159420289855073 0.02815622161671208
1 0.22161835748792272 0.07811080835603997 0.25966183574879226 0.05267938237965486
1 0.23792270531400966 0.273841961852861 0.3647342995169082 0.053587647593097185
1 0.6225845410628019 0.522252497729337 0.286231884057971 0.05086285195277021
