0 0.28502415458937197 0.1248872858431019 0.1932367149758454 0.033363390441839495
0 0.6890096618357487 0.2957619477006312 0.27898550724637683 0.027051397655545536
2 0.8665458937198067 0.30928764652840396 0.05434782608695652 0.027051397655545536
0 0.25120772946859904 0.3034265103697024 0.21497584541062803 0.0351668169522092
0 0.6310386473429952 0.5347159603246168 0.2113526570048309 0.04147880973850315
0 0.19867149758454106 0.5419296663660956 0.2210144927536232 0.034265103697024346
2 0.41183574879227053 0.29035166816952207 0.06763285024154589 0.028854824165915238
2 0.8695652173913043 0.5590622182146078 0.06763285024154589 0.028854824165915238
2 0.07367149758454106 0.5085662759242561 0.06763285024154589 0.028854824165915238
2 0.43780193236714976 0.12623985572587917 0.05434782608695652 0.027051397655545536
1 0.3309178743961353 0.130297565374211 0.28502415458937197 0.04959422903516682
1 0.29589371980676327 0.3065825067628494 0.30193236714975846 0.06492335437330929
1 0.7198067632850241 0.5459873760144274 0.38164251207729466 0.058611361587015326
1 0.730072463768116 0.30387736699729484 0.35628019323671495 0.05049594229035167
1 0.19082125603864733 0.5396753832281335 0.2995169082125604 0.09107303877366997
