0 0.5917874396135265 0.07837837837837838 0.178743961352657 0.02702702702702703
0 0.1956521739130435 0.08018018018018018 0.1497584541062802 0.02882882882882883
0 0.22584541062801933 0.27612612612612614 0.24396135265700483 0.04054054054054054
0 0.6733091787439613 0.268018018018018 0.28140096618357485 0.03153153153153153
2 0.45169082125603865 0.08333333333333333 0.08695652173913043 0.02972972972972973
0 0.21557971014492755 0.513063063063063 0.24516908212560387 0.03513513513513514
0 0.6938405797101449 0.4945945945945946 0.2644927536231884 0.03423423423423423
2 0.8272946859903382 0.31666666666666665 0.08695652173913043 0.02972972972972973
2 0.5018115942028986 0.7594594594594595 0.10748792270531402 0.043243243243243246
1 0.7059178743961353 0.2905405405405405 0.3442028985507246 0.08018018018018018
1 0.4057971014492754 0.09144144144144144 0.5652173913043478 0.05675675675675676
1 0.46799516908212563 0.6292792792792793 0.7644927536231884 0.30720720720720723
