0 0.6243961352657005 0.11146788990825689 0.178743961352657 0.022935779816513763
0 0.9553140096618358 0.11972477064220184 0.07971014492753623 0.015596330275229359
0 0.2669082125603865 0.13256880733944953 0.13043478260869565 0.03394495412844037
0 0.9577294685990339 0.13302752293577982 0.0748792270531401 0.014678899082568808
0 0.9698067632850241 0.2610091743119266 0.04830917874396135 0.01926605504587156
0 0.9740338164251208 0.27706422018348625 0.049516908212560384 0.012844036697247707
0 0.642512077294686 0.28807339449541286 0.2222222222222222 0.025688073394495414
2 0.4692028985507246 0.2940366972477064 0.08091787439613526 0.024770642201834864
0 0.26992753623188404 0.30458715596330277 0.2113526570048309 0.029357798165137616
0 0.711352657004831 0.5169724770642202 0.3647342995169082 0.03761467889908257
0 0.20954106280193235 0.5201834862385321 0.15096618357487923 0.031192660550458717
2 0.7928743961352657 0.558256880733945 0.08091787439613526 0.024770642201834864
1 0.46557971014492755 0.30458715596330277 0.6026570048309179 0.07155963302752294
1 0.7143719806763285 0.5357798165137615 0.36594202898550726 0.07706422018348624
