0 0.15640096618357488 0.24212893553223389 0.29830917874396135 0.035982008995502246
0 0.1642512077294686 0.31521739130434784 0.2995169082125604 0.03523238380809595
0 0.1956521739130435 0.391304347826087 0.357487922705314 0.03298350824587706
0 0.1388888888888889 0.46551724137931033 0.2463768115942029 0.03298350824587706
0 0.14371980676328502 0.5423538230884558 0.2536231884057971 0.03523238380809595
0 0.15640096618357488 0.626311844077961 0.286231884057971 0.03973013493253373
0 0.178743961352657 0.7023988005997002 0.3285024154589372 0.04047976011994003
0 0.13707729468599034 0.782608695652174 0.23792270531400966 0.035982008995502246
0 0.2071256038647343 0.8650674662668666 0.3756038647342995 0.035982008995502246
0 0.11956521739130435 0.9389055472263869 0.1932367149758454 0.02923538230884558
