2 0.40700483091787437 0.14292196007259528 0.050724637681159424 0.024500907441016333
0 0.6141304347826086 0.12295825771324864 0.16304347826086957 0.020871143375680582
0 0.2971014492753623 0.1411070780399274 0.15217391304347827 0.02631578947368421
0 0.6394927536231884 0.3017241379310345 0.2210144927536232 0.028130671506352088
0 0.2946859903381642 0.31715063520871145 0.20772946859903382 0.024500907441016333
0 0.2892512077294686 0.5326678765880217 0.23792270531400966 0.034482758620689655
0 0.6099033816425121 0.5303992740471869 0.14251207729468598 0.028130671506352088
2 0.4468599033816425 0.32123411978221417 0.07246376811594203 0.023593466424682397
1 0.3285024154589372 0.14156079854809436 0.2222222222222222 0.030852994555353903
1 0.3357487922705314 0.3194192377495463 0.2946859903381642 0.038112522686025406
