0 0.35929951690821255 0.2764227642276423 0.28381642512077293 0.02168021680216802
2 0.7167874396135265 0.27732610659439927 0.1316425120772947 0.01987353206865402
0 0.27657004830917875 0.3075880758807588 0.12560386473429952 0.026196928635953028
0 0.266304347826087 0.34101174345076785 0.11956521739130435 0.026196928635953028
0 0.31521739130434784 0.37172538392050586 0.2246376811594203 0.02077687443541102
0 0.31582125603864736 0.4092140921409214 0.2427536231884058 0.03071364046973803
0 0.2971014492753623 0.44354110207768743 0.21014492753623187 0.02710027100271003
0 0.3363526570048309 0.4787714543812105 0.29830917874396135 0.025293586269196026
0 0.3671497584541063 0.5149051490514905 0.37681159420289856 0.02710027100271003
0 0.33695652173913043 0.5537488708220416 0.3140096618357488 0.025293586269196026
0 0.36594202898550726 0.5948509485094851 0.3671497584541063 0.028003613369467027
0 0.27355072463768115 0.6323396567299007 0.19444444444444445 0.025293586269196026
0 0.3115942028985507 0.6770551038843722 0.2995169082125604 0.03342366757000903
0 0.338768115942029 0.7181571815718157 0.37318840579710144 0.028906955736224028
0 0.32306763285024154 0.7601626016260162 0.3393719806763285 0.031616982836495035
0 0.3665458937198068 0.8098464317976513 0.4528985507246377 0.03523035230352303
0 0.36835748792270534 0.8554652213188798 0.463768115942029 0.032520325203252036
2 0.7216183574879227 0.3093947606142728 0.1388888888888889 0.024390243902439025
2 0.731280193236715 0.34191508581752483 0.14371980676328502 0.026196928635953028
2 0.732487922705314 0.3744354110207769 0.14855072463768115 0.022583559168925023
2 0.7349033816425121 0.4087624209575429 0.15821256038647344 0.024390243902439025
2 0.7349033816425121 0.44308943089430897 0.15821256038647344 0.024390243902439025
2 0.7481884057971014 0.4787714543812105 0.1751207729468599 0.025293586269196026
2 0.7481884057971014 0.5167118337850045 0.1751207729468599 0.025293586269196026
2 0.7530193236714976 0.5578139114724481 0.17995169082125603 0.02981029810298103
2 0.7542270531400966 0.5975609756097561 0.17995169082125603 0.026196928635953028
2 0.7566425120772947 0.6355013550135501 0.18478260869565216 0.022583559168925023
2 0.7626811594202898 0.6761517615176151 0.18478260869565216 0.022583559168925023
2 0.7620772946859904 0.7217705510388437 0.1956521739130435 0.025293586269196026
2 0.7669082125603864 0.7633242999096658 0.1956521739130435 0.025293586269196026
2 0.7632850241545893 0.8098464317976513 0.18115942028985507 0.024390243902439025
2 0.7608695652173914 0.8554652213188798 0.18115942028985507 0.025293586269196026
1 0.5048309178743962 0.2750677506775068 0.572463768115942 0.024390243902439025
1 0.5024154589371981 0.30668473351400183 0.572463768115942 0.026196928635953028
1 0.5060386473429952 0.33875338753387535 0.5966183574879227 0.02710027100271003
1 0.5042270531400966 0.40605239385727193 0.6219806763285024 0.026196928635953028
1 0.5042270531400966 0.37082204155374887 0.6026570048309179 0.02077687443541102
1 0.5054347826086957 0.4421860885275519 0.6243961352657005 0.031616982836495035
1 0.5138888888888888 0.477416440831075 0.6461352657004831 0.026196928635953028
1 0.5096618357487923 0.5140018066847335 0.6570048309178744 0.025293586269196026
1 0.5150966183574879 0.5916892502258356 0.6654589371980676 0.03071364046973803
1 0.5114734299516909 0.5510388437217706 0.6582125603864735 0.028906955736224028
1 0.5102657004830918 0.6309846431797651 0.677536231884058 0.028003613369467027
1 0.5120772946859904 0.6784101174345076 0.6956521739130435 0.03432700993676603
1 0.5114734299516909 0.7181571815718157 0.7185990338164251 0.032520325203252036
1 0.5078502415458938 0.7597109304426377 0.7137681159420289 0.03432700993676603
1 0.501207729468599 0.8066847335140018 0.717391304347826 0.032520325203252036
1 0.4927536231884058 0.8514001806684733 0.7077294685990339 0.03884372177055104
