0 0.3188405797101449 0.28125 0.3333333333333333 0.021875
2 0.6111111111111112 0.32265625 0.10869565217391304 0.0171875
0 0.31582125603864736 0.30078125 0.3272946859903382 0.021875
0 0.27958937198067635 0.31875 0.25483091787439616 0.01875
0 0.34601449275362317 0.340625 0.3852657004830918 0.0171875
0 0.25422705314009664 0.356640625 0.2041062801932367 0.02109375
0 0.29347826086956524 0.376953125 0.2826086956521739 0.01796875
0 0.302536231884058 0.39609375 0.3055555555555556 0.0234375
0 0.2807971014492754 0.415625 0.25483091787439616 0.01875
0 0.2614734299516908 0.43515625 0.213768115942029 0.0203125
0 0.2898550724637681 0.45546875 0.321256038647343 0.0203125
0 0.28381642512077293 0.475 0.2608695652173913 0.01875
0 0.2614734299516908 0.49375 0.23067632850241546 0.0203125
0 0.3007246376811594 0.512890625 0.2946859903381642 0.01484375
0 0.2638888888888889 0.5328125 0.22342995169082125 0.0171875
0 0.267512077294686 0.616796875 0.213768115942029 0.02109375
0 0.6304347826086957 0.616796875 0.09178743961352658 0.01796875
0 0.26871980676328505 0.637109375 0.21618357487922704 0.02109375
0 0.6153381642512077 0.636328125 0.06642512077294686 0.01796875
0 0.6708937198067633 0.658203125 0.16545893719806765 0.01796875
0 0.21920289855072464 0.65703125 0.12439613526570048 0.01875
2 0.45108695652173914 0.67578125 0.11231884057971014 0.0171875
0 0.23731884057971014 0.6796875 0.1606280193236715 0.015625
0 0.6340579710144928 0.67734375 0.08454106280193237 0.0171875
0 0.27717391304347827 0.7 0.22826086956521738 0.0203125
0 0.6527777777777778 0.6984375 0.12198067632850242 0.0203125
0 0.266304347826087 0.720703125 0.213768115942029 0.02109375
0 0.23248792270531402 0.740234375 0.1461352657004831 0.01796875
0 0.6570048309178744 0.75234375 0.0893719806763285 0.015625
0 0.2723429951690821 0.7625 0.23067632850241546 0.01875
0 0.6721014492753623 0.77421875 0.10265700483091787 0.0171875
0 0.2747584541062802 0.784375 0.23550724637681159 0.0203125
0 0.6708937198067633 0.791015625 0.0929951690821256 0.02109375
0 0.6521739130434783 0.80859375 0.06280193236714976 0.015625
0 0.2898550724637681 0.8140625 0.11352657004830918 0.0203125
0 0.358695652173913 0.834375 0.24879227053140096 0.01875
0 0.2856280193236715 0.85703125 0.11473429951690821 0.01875
0 0.32608695652173914 0.551953125 0.0821256038647343 0.01640625
2 0.6171497584541062 0.30078125 0.12077294685990338 0.0140625
2 0.605072463768116 0.27890625 0.10869565217391304 0.0171875
2 0.6304347826086957 0.33984375 0.14492753623188406 0.0140625
2 0.6183574879227053 0.35859375 0.12077294685990338 0.0140625
2 0.6225845410628019 0.377734375 0.1316425120772947 0.01640625
2 0.6201690821256038 0.396484375 0.1316425120772947 0.01640625
2 0.6225845410628019 0.415234375 0.1316425120772947 0.01640625
2 0.6225845410628019 0.436328125 0.1316425120772947 0.01640625
2 0.625 0.453515625 0.1316425120772947 0.01640625
2 0.6225845410628019 0.473828125 0.1316425120772947 0.01640625
2 0.626207729468599 0.493359375 0.1316425120772947 0.01640625
2 0.5621980676328503 0.511328125 0.1316425120772947 0.01640625
2 0.5150966183574879 0.532421875 0.1316425120772947 0.01640625
2 0.5126811594202898 0.550390625 0.1316425120772947 0.01640625
2 0.44806763285024154 0.61796875 0.11352657004830918 0.0171875
2 0.4528985507246377 0.636328125 0.11594202898550725 0.01640625
2 0.45169082125603865 0.656640625 0.1111111111111111 0.01796875
2 0.4559178743961353 0.69765625 0.11473429951690821 0.0171875
2 0.45471014492753625 0.71953125 0.11473429951690821 0.0171875
2 0.4522946859903382 0.7390625 0.11473429951690821 0.0171875
2 0.46195652173913043 0.76171875 0.11473429951690821 0.0171875
2 0.519927536231884 0.8125 0.1316425120772947 0.0171875
2 0.46195652173913043 0.78125 0.11473429951690821 0.0171875
2 0.6014492753623188 0.834765625 0.18115942028985507 0.01953125
2 0.5706521739130435 0.85625 0.10748792270531402 0.01875
2 0.788647342995169 0.809375 0.0966183574879227 0.015625
2 0.7862318840579711 0.791796875 0.0966183574879227 0.01640625
2 0.788647342995169 0.772265625 0.0966183574879227 0.01640625
2 0.7862318840579711 0.770703125 0.0966183574879227 0.01640625
2 0.7801932367149759 0.753125 0.1280193236714976 0.021875
2 0.769927536231884 0.61953125 0.11473429951690821 0.0171875
2 0.7759661835748792 0.63515625 0.11473429951690821 0.0171875
2 0.8242753623188406 0.65703125 0.11473429951690821 0.0171875
2 0.769927536231884 0.6796875 0.11473429951690821 0.0171875
2 0.7832125603864735 0.69921875 0.11473429951690821 0.0171875
1 0.4076086956521739 0.280078125 0.5157004830917874 0.02109375
1 0.4148550724637681 0.299609375 0.5157004830917874 0.02109375
1 0.41002415458937197 0.319921875 0.5157004830917874 0.02109375
1 0.428743961352657 0.3375 0.5458937198067633 0.021875
1 0.41606280193236717 0.35625 0.5277777777777778 0.01875
1 0.42089371980676327 0.37578125 0.5277777777777778 0.01875
1 0.42089371980676327 0.39609375 0.532608695652174 0.01875
1 0.4214975845410628 0.4140625 0.533816425120773 0.01875
1 0.4227053140096618 0.4328125 0.533816425120773 0.01875
1 0.4214975845410628 0.45390625 0.533816425120773 0.01875
1 0.3919082125603865 0.512890625 0.47946859903381644 0.01953125
1 0.4214975845410628 0.4703125 0.533816425120773 0.01875
1 0.4178743961352657 0.48828125 0.533816425120773 0.01875
1 0.36835748792270534 0.53203125 0.4251207729468599 0.0203125
1 0.4329710144927536 0.553125 0.3007246376811594 0.01875
1 0.33393719806763283 0.61640625 0.3466183574879227 0.0203125
1 0.33152173913043476 0.63828125 0.3466183574879227 0.0203125
1 0.33393719806763283 0.65703125 0.3466183574879227 0.0203125
1 0.3327294685990338 0.678125 0.3466183574879227 0.0203125
1 0.33816425120772947 0.71953125 0.3502415458937198 0.0234375
1 0.3327294685990338 0.69453125 0.3466183574879227 0.0203125
1 0.3357487922705314 0.7390625 0.3502415458937198 0.0234375
1 0.338768115942029 0.760546875 0.358695652173913 0.02421875
1 0.3423913043478261 0.782421875 0.358695652173913 0.02421875
1 0.4136473429951691 0.812890625 0.358695652173913 0.02421875
1 0.4613526570048309 0.8359375 0.4613526570048309 0.0234375
1 0.4329710144927536 0.85703125 0.40458937198067635 0.01875
1 0.7089371980676329 0.615234375 0.24396135265700483 0.01953125
1 0.711352657004831 0.676953125 0.24396135265700483 0.01953125
1 0.7077294685990339 0.634765625 0.24396135265700483 0.01953125
1 0.7185990338164251 0.697265625 0.24396135265700483 0.01953125
1 0.7101449275362319 0.655078125 0.24396135265700483 0.01953125
1 0.731280193236715 0.655859375 0.29106280193236717 0.02421875
1 0.7264492753623188 0.751171875 0.22342995169082125 0.02578125
1 0.7306763285024155 0.772265625 0.21980676328502416 0.01640625
1 0.7294685990338164 0.790234375 0.21980676328502416 0.01640625
1 0.7306763285024155 0.807421875 0.21980676328502416 0.01640625
