0 0.05636743215031315 0.1430722891566265 0.05636743215031315 0.02108433734939759
0 0.8136743215031316 0.15813253012048192 0.055323590814196244 0.02108433734939759
0 0.06263048016701461 0.17620481927710843 0.0709812108559499 0.024096385542168676
0 0.8361169102296451 0.19352409638554216 0.10020876826722339 0.022590361445783132
0 0.06732776617954071 0.21159638554216867 0.0824634655532359 0.025602409638554216
0 0.8335073068893528 0.22515060240963855 0.09498956158663883 0.025602409638554216
0 0.07776617954070981 0.2469879518072289 0.10334029227557412 0.024096385542168676
0 0.8188935281837161 0.2552710843373494 0.06576200417536535 0.022590361445783132
0 0.08455114822546973 0.2816265060240964 0.11691022964509394 0.02108433734939759
0 0.3267223382045929 0.2914156626506024 0.09394572025052192 0.025602409638554216
0 0.8235908141962421 0.28990963855421686 0.07515657620041753 0.022590361445783132
0 0.5892484342379958 0.3072289156626506 0.10334029227557412 0.024096385542168676
0 0.09290187891440502 0.3132530120481928 0.1315240083507307 0.024096385542168676
0 0.32150313152400833 0.3253012048192771 0.08350730688935282 0.02108433734939759
0 0.6012526096033403 0.34262048192771083 0.12734864300626306 0.025602409638554216
0 0.35386221294363257 0.35993975903614456 0.14822546972860126 0.02108433734939759
0 0.8355949895615866 0.3644578313253012 0.09916492693110647 0.02108433734939759
0 0.5688935281837161 0.37650602409638556 0.06680584551148225 0.024096385542168676
0 0.33924843423799583 0.39231927710843373 0.11899791231732777 0.022590361445783132
0 0.8402922755741128 0.39683734939759036 0.11064718162839249 0.025602409638554216
0 0.5975991649269311 0.411144578313253 0.12421711899791232 0.024096385542168676
0 0.35073068893528186 0.42771084337349397 0.1419624217118998 0.024096385542168676
0 0.8308977035490606 0.4292168674698795 0.0918580375782881 0.024096385542168676
0 0.5991649269311065 0.44728915662650603 0.12317327766179541 0.024096385542168676
0 0.8272442588726514 0.4623493975903614 0.08455114822546973 0.02108433734939759
0 0.5855949895615866 0.4819277108433735 0.09812108559498957 0.024096385542168676
0 0.8168058455114823 0.4954819277108434 0.06367432150313153 0.024096385542168676
0 0.5626304801670147 0.5150602409638554 0.054279749478079335 0.02108433734939759
0 0.8089770354906054 0.5256024096385542 0.04801670146137787 0.024096385542168676
0 0.5824634655532359 0.5489457831325302 0.0918580375782881 0.025602409638554216
0 0.8126304801670147 0.5602409638554217 0.055323590814196244 0.024096385542168676
0 0.07776617954070981 0.5715361445783133 0.09498956158663883 0.025602409638554216
0 0.5981210855949896 0.5835843373493976 0.12317327766179541 0.0286144578313253
0 0.8397703549060542 0.5911144578313253 0.10960334029227557 0.022590361445783132
0 0.0965553235908142 0.6046686746987951 0.1325678496868476 0.025602409638554216
0 0.837160751565762 0.6242469879518072 0.10438413361169102 0.022590361445783132
0 0.34342379958246344 0.6332831325301205 0.12734864300626306 0.025602409638554216
0 0.09968684759916492 0.6408132530120482 0.13883089770354906 0.0286144578313253
0 0.5715031315240083 0.6483433734939759 0.06784968684759916 0.022590361445783132
0 0.8230688935281837 0.6551204819277109 0.07620041753653445 0.024096385542168676
0 0.3288100208768267 0.6671686746987951 0.09603340292275574 0.02108433734939759
0 0.06941544885177453 0.6754518072289156 0.07828810020876827 0.022590361445783132
0 0.5751565762004175 0.6814759036144579 0.07724425887265135 0.0286144578313253
0 0.35177453027139877 0.7003012048192772 0.1419624217118998 0.02108433734939759
0 0.09290187891440502 0.7108433734939759 0.12526096033402923 0.024096385542168676
0 0.598643006263048 0.7131024096385542 0.12421711899791232 0.025602409638554216
0 0.3408141962421712 0.7379518072289156 0.12004175365344467 0.02108433734939759
0 0.12265135699373696 0.7447289156626506 0.1847599164926931 0.022590361445783132
0 0.5876826722338204 0.7477409638554217 0.10438413361169102 0.022590361445783132
0 0.34916492693110646 0.7688253012048193 0.13883089770354906 0.022590361445783132
0 0.09498956158663883 0.7771084337349398 0.1315240083507307 0.02710843373493976
0 0.3277661795407098 0.802710843373494 0.09603340292275574 0.024096385542168676
0 0.07150313152400835 0.8132530120481928 0.0824634655532359 0.02710843373493976
0 0.09237995824634655 0.8456325301204819 0.12421711899791232 0.025602409638554216
0 0.09968684759916492 0.8810240963855421 0.13883089770354906 0.024096385542168676
0 0.08089770354906055 0.9156626506024096 0.10125260960334029 0.024096385542168676
0 0.10020876826722339 0.9495481927710844 0.13987473903966596 0.022590361445783132
