0 0.65625 0.1904296875 0.07161458333333333 0.0205078125
2 0.9267578125 0.19287109375 0.042317708333333336 0.017578125
0 0.08658854166666667 0.198974609375 0.044270833333333336 0.02294921875
0 0.4358723958333333 0.19873046875 0.08919270833333333 0.0185546875
2 0.3134765625 0.198974609375 0.031901041666666664 0.01611328125
2 0.5621744791666666 0.199462890625 0.042317708333333336 0.01708984375
0 0.6393229166666666 0.21240234375 0.037760416666666664 0.01953125
2 0.92578125 0.21240234375 0.040364583333333336 0.0146484375
0 0.09244791666666667 0.218994140625 0.06901041666666667 0.02001953125
0 0.4300130208333333 0.2197265625 0.07747395833333333 0.0185546875
2 0.3134765625 0.219482421875 0.031901041666666664 0.01611328125
2 0.5621744791666666 0.22021484375 0.042317708333333336 0.017578125
0 0.6608072916666666 0.2333984375 0.07682291666666667 0.0166015625
2 0.9300130208333334 0.232666015625 0.031901041666666664 0.01611328125
0 0.09114583333333333 0.240478515625 0.055989583333333336 0.01904296875
2 0.3134765625 0.239013671875 0.031901041666666664 0.01611328125
0 0.4446614583333333 0.240478515625 0.10677083333333333 0.01904296875
2 0.5611979166666666 0.239013671875 0.040364583333333336 0.01611328125
0 0.6650390625 0.252197265625 0.08919270833333333 0.01904296875
2 0.9300130208333334 0.252197265625 0.031901041666666664 0.01611328125
0 0.4358723958333333 0.260009765625 0.08919270833333333 0.01904296875
0 0.12955729166666666 0.2607421875 0.1328125 0.017578125
2 0.3134765625 0.25927734375 0.031901041666666664 0.0146484375
2 0.5628255208333334 0.2607421875 0.041015625 0.017578125
0 0.662109375 0.273193359375 0.08333333333333333 0.01806640625
0 0.1044921875 0.279541015625 0.07877604166666667 0.01611328125
2 0.3014322916666667 0.279541015625 0.055989583333333336 0.01611328125
0 0.431640625 0.2802734375 0.08072916666666667 0.017578125
2 0.56640625 0.279541015625 0.029947916666666668 0.01611328125
0 0.650390625 0.29296875 0.059895833333333336 0.0205078125
2 0.9300130208333334 0.292724609375 0.031901041666666664 0.01611328125
0 0.1640625 0.2998046875 0.20182291666666666 0.0205078125
0 0.416015625 0.299560546875 0.05078125 0.01806640625
2 0.5621744791666666 0.300537109375 0.042317708333333336 0.01611328125
0 0.6549479166666666 0.3134765625 0.06510416666666667 0.0185546875
2 0.92578125 0.312744140625 0.040364583333333336 0.01513671875
0 0.4352213541666667 0.31982421875 0.087890625 0.0185546875
0 0.09928385416666667 0.320556640625 0.068359375 0.01708984375
2 0.2900390625 0.320556640625 0.07877604166666667 0.01708984375
2 0.5654296875 0.320068359375 0.031901041666666664 0.01611328125
0 0.712890625 0.33349609375 0.18489583333333334 0.0205078125
2 0.9300130208333334 0.33349609375 0.031901041666666664 0.0146484375
0 0.109375 0.3408203125 0.08854166666666667 0.0185546875
0 0.4332682291666667 0.3408203125 0.083984375 0.0185546875
2 0.5611979166666666 0.340087890625 0.040364583333333336 0.01708984375
2 0.2981770833333333 0.340576171875 0.06640625 0.01611328125
0 0.7203776041666666 0.3525390625 0.197265625 0.01953125
2 0.9300130208333334 0.35302734375 0.031901041666666664 0.0146484375
0 0.4462890625 0.3603515625 0.11002604166666667 0.0185546875
0 0.0947265625 0.361083984375 0.059244791666666664 0.01708984375
2 0.3134765625 0.360107421875 0.031901041666666664 0.01611328125
2 0.5654296875 0.360107421875 0.031901041666666664 0.01611328125
0 0.6487630208333334 0.373291015625 0.052734375 0.01611328125
2 0.9075520833333334 0.3740234375 0.08072916666666667 0.017578125
0 0.13541666666666666 0.381103515625 0.14192708333333334 0.02197265625
0 0.4228515625 0.38037109375 0.06315104166666667 0.017578125
2 0.3134765625 0.381103515625 0.031901041666666664 0.01611328125
2 0.5611979166666666 0.381103515625 0.040364583333333336 0.01611328125
0 0.6490885416666666 0.394287109375 0.05078125 0.01611328125
2 0.92578125 0.3935546875 0.040364583333333336 0.0146484375
0 0.439453125 0.39990234375 0.09635416666666667 0.0224609375
0 0.080078125 0.40087890625 0.029947916666666668 0.0205078125
2 0.3134765625 0.400634765625 0.031901041666666664 0.01611328125
2 0.5611979166666666 0.400634765625 0.040364583333333336 0.01611328125
0 0.6904296875 0.414306640625 0.13997395833333334 0.01708984375
2 0.9267578125 0.414306640625 0.042317708333333336 0.01708984375
0 0.09440104166666667 0.420166015625 0.05859375 0.01904296875
2 0.3134765625 0.4208984375 0.031901041666666664 0.0146484375
0 0.6666666666666666 0.434814453125 0.09244791666666667 0.01806640625
2 0.9300130208333334 0.433837890625 0.031901041666666664 0.01513671875
0 0.1162109375 0.440673828125 0.10611979166666667 0.01806640625
2 0.2981770833333333 0.441650390625 0.06640625 0.01708984375
2 0.9075520833333334 0.4541015625 0.08072916666666667 0.0185546875
0 0.6533203125 0.455078125 0.061848958333333336 0.01953125
0 0.1357421875 0.46044921875 0.142578125 0.01953125
2 0.3134765625 0.461181640625 0.031901041666666664 0.01513671875
0 0.6702473958333334 0.47509765625 0.09700520833333333 0.0205078125
2 0.9075520833333334 0.474853515625 0.08072916666666667 0.01904296875
0 0.1513671875 0.482666015625 0.17252604166666666 0.01904296875
2 0.3134765625 0.481201171875 0.031901041666666664 0.01611328125
0 0.6461588541666666 0.494384765625 0.047526041666666664 0.01611328125
2 0.9075520833333334 0.4951171875 0.08072916666666667 0.017578125
0 0.12174479166666667 0.502197265625 0.1171875 0.01904296875
2 0.3033854166666667 0.50146484375 0.055989583333333336 0.017578125
0 0.6513671875 0.515380859375 0.061848958333333336 0.01806640625
2 0.9075520833333334 0.5146484375 0.08072916666666667 0.017578125
0 0.7223307291666666 0.535400390625 0.201171875 0.02392578125
2 0.9300130208333334 0.534912109375 0.031901041666666664 0.01611328125
0 0.7252604166666666 0.554931640625 0.20572916666666666 0.02001953125
2 0.9300130208333334 0.554931640625 0.031901041666666664 0.01513671875
0 0.11295572916666667 0.61083984375 0.099609375 0.017578125
2 0.3092447916666667 0.610107421875 0.040364583333333336 0.01611328125
0 0.41796875 0.610107421875 0.07682291666666667 0.01611328125
2 0.6507161458333334 0.610107421875 0.031901041666666664 0.01611328125
0 0.7330729166666666 0.61083984375 0.08203125 0.017578125
2 0.9072265625 0.610107421875 0.031901041666666664 0.01611328125
0 0.4378255208333333 0.631103515625 0.11653645833333333 0.01904296875
0 0.7425130208333334 0.631103515625 0.10091145833333333 0.01904296875
0 0.1103515625 0.63232421875 0.09440104166666667 0.0185546875
2 0.3102213541666667 0.6318359375 0.042317708333333336 0.017578125
2 0.6507161458333334 0.631103515625 0.031901041666666664 0.01611328125
2 0.908203125 0.631103515625 0.029947916666666668 0.01611328125
0 0.40625 0.64990234375 0.0546875 0.01953125
0 0.7425130208333334 0.650634765625 0.10091145833333333 0.01904296875
0 0.1123046875 0.65185546875 0.09440104166666667 0.0185546875
2 0.2900390625 0.6513671875 0.07877604166666667 0.017578125
2 0.6507161458333334 0.650634765625 0.031901041666666664 0.01611328125
2 0.908203125 0.650634765625 0.029947916666666668 0.01611328125
0 0.7288411458333334 0.670166015625 0.07356770833333333 0.01904296875
0 0.13411458333333334 0.672119140625 0.13802083333333334 0.02001953125
2 0.314453125 0.672119140625 0.033854166666666664 0.01708984375
2 0.9072265625 0.671630859375 0.031901041666666664 0.01611328125
0 0.7314453125 0.691162109375 0.07877604166666667 0.01611328125
2 0.9039713541666666 0.691650390625 0.042317708333333336 0.01708984375
0 0.7294921875 0.710205078125 0.07486979166666667 0.01611328125
2 0.9039713541666666 0.71240234375 0.042317708333333336 0.017578125
0 0.75390625 0.732666015625 0.12369791666666667 0.01904296875
2 0.9072265625 0.731201171875 0.031901041666666664 0.01611328125
0 0.1064453125 0.750244140625 0.08268229166666667 0.02001953125
2 0.3134765625 0.750732421875 0.031901041666666664 0.01611328125
0 0.7529296875 0.752197265625 0.12174479166666667 0.01904296875
0 0.4248046875 0.75341796875 0.09049479166666667 0.0185546875
2 0.9072265625 0.752197265625 0.031901041666666664 0.01611328125
2 0.6461588541666666 0.753662109375 0.041015625 0.01611328125
0 0.13671875 0.77099609375 0.14322916666666666 0.017578125
2 0.3134765625 0.77099609375 0.031901041666666664 0.0146484375
0 0.4384765625 0.7734375 0.119140625 0.0205078125
0 0.7288411458333334 0.7724609375 0.072265625 0.01953125
2 0.908203125 0.771728515625 0.029947916666666668 0.01611328125
0 0.1357421875 0.791748046875 0.14127604166666666 0.02001953125
2 0.3134765625 0.791259765625 0.031901041666666664 0.01611328125
0 0.7399088541666666 0.791259765625 0.091796875 0.02001953125
0 0.44140625 0.7939453125 0.12369791666666667 0.0185546875
2 0.9039713541666666 0.7919921875 0.038411458333333336 0.0146484375
0 0.7379557291666666 0.812255859375 0.091796875 0.02001953125
0 0.4482421875 0.8134765625 0.13736979166666666 0.0185546875
2 0.9039713541666666 0.812744140625 0.042317708333333336 0.01708984375
0 0.7356770833333334 0.83154296875 0.08723958333333333 0.0185546875
0 0.4143880208333333 0.834228515625 0.06966145833333333 0.01904296875
2 0.9049479166666666 0.832763671875 0.040364583333333336 0.01611328125
2 0.6461588541666666 0.834228515625 0.041015625 0.01611328125
0 0.439453125 0.854736328125 0.12239583333333333 0.02197265625
2 0.6461588541666666 0.853759765625 0.041015625 0.01611328125
0 0.439453125 0.875 0.12109375 0.0205078125
2 0.6468098958333334 0.875244140625 0.042317708333333336 0.01708984375
0 0.455078125 0.8955078125 0.15234375 0.0224609375
2 0.6201171875 0.894775390625 0.09309895833333333 0.01513671875
0 0.41796875 0.9150390625 0.07682291666666667 0.0185546875
2 0.6201171875 0.914794921875 0.09309895833333333 0.01611328125
2 0.8981119791666666 0.272705078125 0.09830729166666667 0.01904296875
2 0.3001302083333333 0.299072265625 0.0625 0.01904296875
1 0.1982421875 0.197998046875 0.2662760416666667 0.02099609375
1 0.1904296875 0.219970703125 0.2662760416666667 0.02099609375
1 0.1953125 0.219970703125 0.2669270833333333 0.02099609375
1 0.19498697916666666 0.259521484375 0.2662760416666667 0.02099609375
1 0.19466145833333334 0.321044921875 0.2682291666666667 0.01806640625
1 0.197265625 0.339111328125 0.2682291666666667 0.02001953125
1 0.1962890625 0.300048828125 0.2662760416666667 0.02099609375
1 0.19694010416666666 0.27978515625 0.267578125 0.017578125
1 0.197265625 0.35888671875 0.2669270833333333 0.0166015625
1 0.1962890625 0.38037109375 0.2662760416666667 0.0205078125
1 0.2001953125 0.4013671875 0.2662760416666667 0.0205078125
1 0.19889322916666666 0.4228515625 0.2662760416666667 0.0205078125
1 0.19791666666666666 0.441650390625 0.26953125 0.01904296875
1 0.1962890625 0.460693359375 0.2662760416666667 0.01904296875
1 0.1962890625 0.482666015625 0.2662760416666667 0.01904296875
1 0.197265625 0.501953125 0.2708333333333333 0.0185546875
1 0.4876302083333333 0.19873046875 0.19270833333333334 0.01953125
1 0.4856770833333333 0.21923828125 0.19270833333333334 0.01953125
1 0.4869791666666667 0.23876953125 0.19270833333333334 0.01953125
1 0.4876302083333333 0.25927734375 0.19270833333333334 0.01953125
1 0.486328125 0.27978515625 0.19270833333333334 0.01953125
1 0.4850260416666667 0.29931640625 0.19270833333333334 0.01953125
1 0.486328125 0.3193359375 0.19270833333333334 0.01953125
1 0.4856770833333333 0.3408203125 0.19270833333333334 0.01953125
1 0.4869791666666667 0.3603515625 0.19270833333333334 0.01953125
1 0.4860026041666667 0.37939453125 0.193359375 0.0185546875
1 0.4860026041666667 0.39990234375 0.193359375 0.0224609375
1 0.7841796875 0.213134765625 0.3287760416666667 0.02197265625
1 0.7841796875 0.191162109375 0.3274739583333333 0.02197265625
1 0.7838541666666666 0.231689453125 0.3255208333333333 0.01904296875
1 0.7867838541666666 0.251953125 0.3326822916666667 0.01953125
1 0.7854817708333334 0.27294921875 0.330078125 0.0185546875
1 0.7828776041666666 0.29345703125 0.3287760416666667 0.01953125
1 0.7858072916666666 0.31298828125 0.33203125 0.0185546875
1 0.783203125 0.332763671875 0.3268229166666667 0.01904296875
1 0.7845052083333334 0.352294921875 0.3268229166666667 0.01904296875
1 0.783203125 0.413330078125 0.3268229166666667 0.01904296875
1 0.7858072916666666 0.372314453125 0.3268229166666667 0.01904296875
1 0.7845052083333334 0.3935546875 0.32421875 0.0185546875
1 0.78515625 0.43359375 0.3268229166666667 0.01953125
1 0.7845052083333334 0.456298828125 0.3268229166666667 0.01904296875
1 0.7854817708333334 0.474365234375 0.326171875 0.02197265625
1 0.7848307291666666 0.495361328125 0.3274739583333333 0.01708984375
1 0.7835286458333334 0.513427734375 0.3274739583333333 0.01806640625
1 0.783203125 0.533447265625 0.3268229166666667 0.02197265625
1 0.783203125 0.555419921875 0.3268229166666667 0.01904296875
2 0.6468098958333334 0.773681640625 0.043619791666666664 0.01708984375
2 0.6474609375 0.814208984375 0.043619791666666664 0.01708984375
2 0.6474609375 0.793212890625 0.043619791666666664 0.01708984375
1 0.1962890625 0.61083984375 0.2701822916666667 0.017578125
1 0.197265625 0.63232421875 0.2682291666666667 0.01953125
1 0.19661458333333334 0.65234375 0.2682291666666667 0.01953125
1 0.19791666666666666 0.67236328125 0.2682291666666667 0.01953125
1 0.19791666666666666 0.748779296875 0.2669270833333333 0.02099609375
1 0.19694010416666666 0.770263671875 0.2662760416666667 0.02001953125
1 0.197265625 0.792236328125 0.2669270833333333 0.02099609375
1 0.5240885416666666 0.6103515625 0.2903645833333333 0.017578125
1 0.5227864583333334 0.6298828125 0.2890625 0.01953125
1 0.5227864583333334 0.65185546875 0.2877604166666667 0.0234375
1 0.8079427083333334 0.60986328125 0.23046875 0.01953125
1 0.8072916666666666 0.63037109375 0.23046875 0.01953125
1 0.8082682291666666 0.650390625 0.23372395833333334 0.0205078125
1 0.8076171875 0.67041015625 0.23372395833333334 0.0205078125
1 0.8076171875 0.73291015625 0.23372395833333334 0.0205078125
1 0.8079427083333334 0.6904296875 0.23177083333333334 0.0166015625
1 0.8072916666666666 0.71142578125 0.23177083333333334 0.0166015625
1 0.8076171875 0.75244140625 0.232421875 0.017578125
1 0.8076171875 0.77099609375 0.232421875 0.017578125
1 0.8082682291666666 0.83154296875 0.232421875 0.017578125
1 0.8076171875 0.8115234375 0.23372395833333334 0.0205078125
1 0.8089192708333334 0.791259765625 0.232421875 0.02001953125
1 0.5227864583333334 0.75341796875 0.2890625 0.01953125
1 0.5240885416666666 0.77294921875 0.2890625 0.01953125
1 0.5227864583333334 0.79296875 0.2890625 0.01953125
1 0.5227864583333334 0.81298828125 0.2890625 0.01953125
1 0.5227864583333334 0.83447265625 0.2890625 0.01953125
1 0.5234375 0.91552734375 0.2890625 0.01953125
1 0.521484375 0.87451171875 0.2890625 0.01953125
1 0.521484375 0.85498046875 0.2890625 0.021484375
1 0.5227864583333334 0.89501953125 0.2890625 0.021484375
0 0.15852864583333334 0.19921875 0.037109375 0.017578125
0 0.17447916666666666 0.219970703125 0.03125 0.01611328125
0 0.125 0.198486328125 0.03125 0.02001953125
0 0.14388020833333334 0.216064453125 0.03125 0.02001953125
0 0.17936197916666666 0.23779296875 0.033203125 0.01953125
0 0.1416015625 0.240234375 0.041015625 0.017578125
0 0.17936197916666666 0.34033203125 0.051432291666666664 0.0166015625
0 0.15397135416666666 0.361083984375 0.059244791666666664 0.01708984375
0 0.23828125 0.400634765625 0.028645833333333332 0.01806640625
0 0.1220703125 0.400634765625 0.052734375 0.01708984375
0 0.18717447916666666 0.401123046875 0.06705729166666667 0.01806640625
0 0.16080729166666666 0.4208984375 0.06640625 0.0185546875
0 0.20084635416666666 0.441162109375 0.059244791666666664 0.02001953125
0 0.4860026041666667 0.650634765625 0.041015625 0.01904296875
0 0.4482421875 0.651123046875 0.031901041666666664 0.01611328125
0 0.1708984375 0.74951171875 0.042317708333333336 0.0205078125
0 0.22428385416666666 0.749755859375 0.057942708333333336 0.01806640625
0 0.2669270833333333 0.750732421875 0.029947916666666668 0.01708984375
0 0.7076822916666666 0.514892578125 0.05078125 0.01708984375
0 0.748046875 0.514404296875 0.032552083333333336 0.01416015625
0 0.7076822916666666 0.455322265625 0.040364583333333336 0.01806640625
0 0.74609375 0.4326171875 0.061197916666666664 0.0185546875
0 0.8141276041666666 0.43359375 0.07096354166666667 0.017578125
0 0.7265625 0.39501953125 0.052083333333333336 0.0166015625
0 0.7708333333333334 0.393798828125 0.040364583333333336 0.01708984375
0 0.7132161458333334 0.312744140625 0.048828125 0.01806640625
0 0.7532552083333334 0.313232421875 0.032552083333333336 0.01806640625
0 0.6940104166666666 0.292724609375 0.032552083333333336 0.01806640625
0 0.689453125 0.394287109375 0.0234375 0.01611328125
0 0.7428385416666666 0.293212890625 0.06640625 0.01708984375
0 0.7369791666666666 0.272216796875 0.06510416666666667 0.01708984375
0 0.8040364583333334 0.273193359375 0.06510416666666667 0.01708984375
0 0.7584635416666666 0.23291015625 0.048177083333333336 0.017578125
0 0.7991536458333334 0.233154296875 0.033203125 0.01611328125
0 0.7145182291666666 0.232421875 0.033203125 0.017578125
0 0.6748046875 0.2119140625 0.033203125 0.017578125
0 0.7141927083333334 0.21240234375 0.048177083333333336 0.017578125
0 0.7581380208333334 0.212646484375 0.033203125 0.01611328125
0 0.7067057291666666 0.19287109375 0.033203125 0.017578125
0 0.74609375 0.19287109375 0.048177083333333336 0.017578125
0 0.7880859375 0.192138671875 0.033203125 0.01611328125
