0 0.7018229166666666 0.19873046875 0.05078125 0.0185546875
0 0.11979166666666667 0.199462890625 0.11067708333333333 0.02001953125
2 0.2861328125 0.199462890625 0.042317708333333336 0.01708984375
0 0.4212239583333333 0.199462890625 0.13671875 0.02294921875
2 0.619140625 0.198974609375 0.0390625 0.01611328125
2 0.8763020833333334 0.198974609375 0.14322916666666666 0.01611328125
0 0.11067708333333333 0.2197265625 0.09114583333333333 0.0185546875
0 0.7044270833333334 0.2197265625 0.055989583333333336 0.0185546875
2 0.2858072916666667 0.219482421875 0.0390625 0.01611328125
0 0.40234375 0.219482421875 0.09765625 0.01611328125
2 0.619140625 0.218994140625 0.0390625 0.01513671875
2 0.9029947916666666 0.22021484375 0.09244791666666667 0.017578125
0 0.4143880208333333 0.238037109375 0.123046875 0.02099609375
0 0.10611979166666667 0.23974609375 0.08203125 0.017578125
2 0.2903645833333333 0.239013671875 0.029947916666666668 0.01611328125
2 0.619140625 0.239013671875 0.0390625 0.01611328125
0 0.7122395833333334 0.2392578125 0.07291666666666667 0.0185546875
2 0.9029947916666666 0.23974609375 0.09244791666666667 0.017578125
0 0.4222005208333333 0.259765625 0.138671875 0.021484375
0 0.7216796875 0.259765625 0.091796875 0.01953125
0 0.12630208333333334 0.260498046875 0.12630208333333334 0.02001953125
2 0.2903645833333333 0.25927734375 0.029947916666666668 0.0146484375
2 0.619140625 0.260009765625 0.0390625 0.01611328125
2 0.9319661458333334 0.260009765625 0.031901041666666664 0.01611328125
0 0.14778645833333334 0.279541015625 0.16536458333333334 0.01904296875
0 0.4169921875 0.279541015625 0.126953125 0.01904296875
2 0.619140625 0.279541015625 0.0390625 0.01611328125
0 0.7252604166666666 0.2802734375 0.09765625 0.017578125
2 0.9029947916666666 0.2802734375 0.09244791666666667 0.017578125
2 0.2903645833333333 0.2802734375 0.029947916666666668 0.0146484375
0 0.13053385416666666 0.29931640625 0.13216145833333334 0.0205078125
0 0.41015625 0.2998046875 0.11458333333333333 0.0224609375
0 0.7184244791666666 0.299072265625 0.083984375 0.01611328125
2 0.90234375 0.299072265625 0.09114583333333333 0.01611328125
2 0.2685546875 0.2998046875 0.07356770833333333 0.0146484375
2 0.619140625 0.2998046875 0.0390625 0.0146484375
0 0.14192708333333334 0.31982421875 0.15755208333333334 0.0185546875
0 0.3955078125 0.319091796875 0.083984375 0.02001953125
0 0.7262369791666666 0.31982421875 0.099609375 0.0185546875
2 0.2858072916666667 0.320068359375 0.0390625 0.01611328125
2 0.619140625 0.320068359375 0.0390625 0.01611328125
2 0.9029947916666666 0.320556640625 0.09244791666666667 0.01708984375
0 0.7431640625 0.34033203125 0.134765625 0.021484375
0 0.14192708333333334 0.3408203125 0.15364583333333334 0.0185546875
0 0.4013671875 0.3408203125 0.095703125 0.0185546875
2 0.9029947916666666 0.3408203125 0.09244791666666667 0.0185546875
2 0.2893880208333333 0.340087890625 0.031901041666666664 0.01513671875
2 0.619140625 0.340087890625 0.0390625 0.01513671875
0 0.11848958333333333 0.361572265625 0.10677083333333333 0.01904296875
2 0.2893880208333333 0.360107421875 0.031901041666666664 0.01611328125
0 0.4150390625 0.361083984375 0.12434895833333333 0.02001953125
2 0.619140625 0.360107421875 0.0390625 0.01611328125
0 0.7249348958333334 0.361083984375 0.09830729166666667 0.02001953125
2 0.9029947916666666 0.36083984375 0.09244791666666667 0.017578125
0 0.14876302083333334 0.381103515625 0.16731770833333334 0.01904296875
2 0.619140625 0.379638671875 0.0390625 0.01611328125
0 0.7493489583333334 0.380615234375 0.15104166666666666 0.02001953125
2 0.9020182291666666 0.380615234375 0.091796875 0.01904296875
2 0.28515625 0.38037109375 0.040364583333333336 0.0146484375
0 0.3815104166666667 0.38037109375 0.055989583333333336 0.0146484375
0 0.4111328125 0.400634765625 0.115234375 0.01904296875
0 0.7268880208333334 0.401123046875 0.10221354166666667 0.02099609375
0 0.11848958333333333 0.4013671875 0.10677083333333333 0.017578125
2 0.28515625 0.400634765625 0.040364583333333336 0.01611328125
2 0.6236979166666666 0.400634765625 0.029947916666666668 0.01611328125
2 0.9274088541666666 0.400634765625 0.041015625 0.01611328125
0 0.13899739583333334 0.421142578125 0.14908854166666666 0.02099609375
0 0.4222005208333333 0.42138671875 0.13736979166666666 0.0185546875
0 0.74609375 0.420654296875 0.14322916666666666 0.02001953125
2 0.2893880208333333 0.4208984375 0.031901041666666664 0.0146484375
2 0.6236979166666666 0.4208984375 0.029947916666666668 0.0146484375
2 0.9280598958333334 0.421630859375 0.042317708333333336 0.01611328125
0 0.13997395833333334 0.44140625 0.15104166666666666 0.0224609375
0 0.4085286458333333 0.44091796875 0.11002604166666667 0.0185546875
0 0.7373046875 0.441650390625 0.12174479166666667 0.02001953125
2 0.2903645833333333 0.441650390625 0.033854166666666664 0.01708984375
2 0.6236979166666666 0.441162109375 0.029947916666666668 0.01611328125
2 0.9029947916666666 0.441650390625 0.09244791666666667 0.01708984375
0 0.13736979166666666 0.461181640625 0.1484375 0.02001953125
0 0.4195963541666667 0.461181640625 0.13346354166666666 0.02294921875
0 0.728515625 0.460693359375 0.10546875 0.01806640625
2 0.90234375 0.460693359375 0.09114583333333333 0.01611328125
2 0.2858072916666667 0.461181640625 0.0390625 0.01513671875
2 0.6236979166666666 0.461181640625 0.029947916666666668 0.01513671875
0 0.1650390625 0.4814453125 0.201171875 0.0224609375
0 0.39453125 0.48193359375 0.08203125 0.017578125
2 0.6236979166666666 0.481201171875 0.029947916666666668 0.01611328125
0 0.7190755208333334 0.48193359375 0.08528645833333333 0.017578125
2 0.9029947916666666 0.48193359375 0.09244791666666667 0.017578125
0 0.423828125 0.501708984375 0.14192708333333334 0.02099609375
0 0.103515625 0.502685546875 0.07682291666666667 0.02001953125
2 0.2893880208333333 0.50146484375 0.031901041666666664 0.0146484375
2 0.6227213541666666 0.50146484375 0.031901041666666664 0.0146484375
0 0.423828125 0.52197265625 0.14192708333333334 0.0224609375
2 0.6227213541666666 0.521728515625 0.031901041666666664 0.01611328125
0 0.4498697916666667 0.542236328125 0.19401041666666666 0.02197265625
2 0.6184895833333334 0.5419921875 0.040364583333333336 0.0146484375
0 0.7415364583333334 0.566650390625 0.0546875 0.01708984375
2 0.9029947916666666 0.56787109375 0.09244791666666667 0.017578125
0 0.7649739583333334 0.586669921875 0.1015625 0.01611328125
2 0.9274088541666666 0.586669921875 0.041015625 0.01611328125
0 0.7425130208333334 0.607666015625 0.056640625 0.01611328125
2 0.9274088541666666 0.607666015625 0.041015625 0.01611328125
0 0.12076822916666667 0.623779296875 0.115234375 0.02001953125
0 0.4046223958333333 0.623779296875 0.064453125 0.02001953125
2 0.3024088541666667 0.624755859375 0.041015625 0.01611328125
2 0.64453125 0.624755859375 0.0546875 0.01611328125
0 0.7415364583333334 0.627197265625 0.0546875 0.01611328125
2 0.9274088541666666 0.6279296875 0.041015625 0.0146484375
0 0.40625 0.64501953125 0.06510416666666667 0.021484375
0 0.11393229166666667 0.644775390625 0.1015625 0.01708984375
2 0.3030598958333333 0.64599609375 0.042317708333333336 0.017578125
2 0.64453125 0.644775390625 0.0546875 0.01513671875
0 0.7415364583333334 0.648193359375 0.0546875 0.01611328125
2 0.9280598958333334 0.648681640625 0.042317708333333336 0.01708984375
0 0.4026692708333333 0.66552734375 0.060546875 0.0185546875
0 0.0966796875 0.664794921875 0.06705729166666667 0.01611328125
2 0.3024088541666667 0.664794921875 0.041015625 0.01611328125
0 0.150390625 0.685302734375 0.17447916666666666 0.02001953125
0 0.4046223958333333 0.68603515625 0.064453125 0.0185546875
2 0.3024088541666667 0.685791015625 0.041015625 0.01611328125
2 0.6565755208333334 0.68505859375 0.030598958333333332 0.0146484375
0 0.13313802083333334 0.70556640625 0.13997395833333334 0.0205078125
2 0.3024088541666667 0.705322265625 0.041015625 0.01611328125
0 0.4036458333333333 0.70703125 0.0625 0.017578125
2 0.6565755208333334 0.705322265625 0.030598958333333332 0.01611328125
2 0.6331380208333334 0.725341796875 0.080078125 0.02001953125
0 0.4300130208333333 0.72607421875 0.115234375 0.0185546875
0 0.7265625 0.726806640625 0.024739583333333332 0.01806640625
2 0.9274088541666666 0.727294921875 0.041015625 0.01611328125
2 0.6331380208333334 0.74560546875 0.080078125 0.0185546875
0 0.7405598958333334 0.74755859375 0.052734375 0.017578125
2 0.9319661458333334 0.74755859375 0.031901041666666664 0.0146484375
0 0.4436848958333333 0.76513671875 0.14388020833333334 0.021484375
2 0.6565755208333334 0.765869140625 0.030598958333333332 0.01513671875
0 0.7633463541666666 0.767822265625 0.09830729166666667 0.01904296875
2 0.9319661458333334 0.7685546875 0.031901041666666664 0.0146484375
0 0.4557291666666667 0.78662109375 0.16796875 0.0205078125
2 0.6572265625 0.78662109375 0.031901041666666664 0.017578125
0 0.11751302083333333 0.789306640625 0.10481770833333333 0.02001953125
2 0.2893880208333333 0.79052734375 0.031901041666666664 0.0146484375
0 0.10611979166666667 0.810791015625 0.08333333333333333 0.02197265625
2 0.2903645833333333 0.81005859375 0.029947916666666668 0.0146484375
0 0.15299479166666666 0.829833984375 0.17578125 0.02001953125
2 0.2903645833333333 0.8310546875 0.029947916666666668 0.0146484375
0 0.11588541666666667 0.850341796875 0.1015625 0.02001953125
2 0.2893880208333333 0.851318359375 0.031901041666666664 0.01611328125
0 0.4508463541666667 0.861083984375 0.15690104166666666 0.02001953125
0 0.7643229166666666 0.86181640625 0.10416666666666667 0.021484375
2 0.6451822916666666 0.8623046875 0.055989583333333336 0.017578125
2 0.9319661458333334 0.861572265625 0.031901041666666664 0.01611328125
0 0.12369791666666667 0.869873046875 0.1171875 0.02001953125
2 0.2903645833333333 0.871826171875 0.033854166666666664 0.01611328125
2 0.6451822916666666 0.88232421875 0.055989583333333336 0.0185546875
0 0.7711588541666666 0.88232421875 0.11653645833333333 0.0185546875
0 0.4420572916666667 0.8837890625 0.13932291666666666 0.0185546875
2 0.9319661458333334 0.8818359375 0.031901041666666664 0.0146484375
0 0.12174479166666667 0.890869140625 0.11328125 0.02001953125
2 0.2893880208333333 0.891357421875 0.031901041666666664 0.01611328125
0 0.7705078125 0.90185546875 0.115234375 0.0185546875
0 0.4332682291666667 0.902587890625 0.123046875 0.02001953125
2 0.6451822916666666 0.902587890625 0.055989583333333336 0.01708984375
2 0.9319661458333334 0.902099609375 0.031901041666666664 0.01611328125
0 0.12955729166666666 0.9111328125 0.13020833333333334 0.021484375
2 0.2893880208333333 0.91162109375 0.031901041666666664 0.0146484375
0 0.767578125 0.922119140625 0.11067708333333333 0.02197265625
0 0.4290364583333333 0.92333984375 0.11458333333333333 0.021484375
2 0.9319661458333334 0.921630859375 0.031901041666666664 0.01611328125
2 0.6565755208333334 0.922607421875 0.030598958333333332 0.01611328125
0 0.13053385416666666 0.931396484375 0.130859375 0.02001953125
2 0.2893880208333333 0.931884765625 0.031901041666666664 0.01611328125
2 0.2864583333333333 0.482177734375 0.0390625 0.01513671875
1 0.18522135416666666 0.19921875 0.24153645833333334 0.01953125
1 0.18587239583333334 0.21923828125 0.24153645833333334 0.01953125
1 0.18522135416666666 0.23876953125 0.24153645833333334 0.01953125
1 0.18391927083333334 0.26025390625 0.24153645833333334 0.01953125
1 0.18424479166666666 0.279296875 0.24088541666666666 0.0185546875
1 0.18489583333333334 0.29931640625 0.24088541666666666 0.0185546875
1 0.18294270833333334 0.3388671875 0.24088541666666666 0.0185546875
1 0.18489583333333334 0.31982421875 0.24088541666666666 0.0185546875
1 0.18489583333333334 0.361328125 0.24088541666666666 0.0185546875
1 0.18489583333333334 0.38134765625 0.24088541666666666 0.0185546875
1 0.185546875 0.40087890625 0.24088541666666666 0.0185546875
1 0.185546875 0.41943359375 0.24088541666666666 0.0185546875
1 0.18522135416666666 0.440673828125 0.244140625 0.02197265625
1 0.18424479166666666 0.46044921875 0.24088541666666666 0.0185546875
1 0.18522135416666666 0.48095703125 0.24153645833333334 0.0205078125
1 0.185546875 0.50146484375 0.24088541666666666 0.0185546875
1 0.4954427083333333 0.19873046875 0.2838541666666667 0.0244140625
1 0.49609375 0.21875 0.2838541666666667 0.0166015625
1 0.4967447916666667 0.2587890625 0.2890625 0.0205078125
1 0.498046875 0.23828125 0.2890625 0.0205078125
1 0.49609375 0.2783203125 0.2864583333333333 0.0205078125
1 0.4967447916666667 0.29833984375 0.2890625 0.0205078125
1 0.4967447916666667 0.31982421875 0.2864583333333333 0.01953125
1 0.4954427083333333 0.33984375 0.2864583333333333 0.01953125
1 0.4954427083333333 0.359375 0.2864583333333333 0.01953125
1 0.49609375 0.379638671875 0.28515625 0.01708984375
1 0.49609375 0.400146484375 0.2864583333333333 0.02001953125
1 0.49609375 0.420654296875 0.28515625 0.01708984375
1 0.4954427083333333 0.439697265625 0.2838541666666667 0.01806640625
1 0.4964192708333333 0.460693359375 0.2884114583333333 0.02294921875
1 0.4951171875 0.482421875 0.287109375 0.0185546875
1 0.4957682291666667 0.500732421875 0.287109375 0.02099609375
1 0.4951171875 0.520751953125 0.2884114583333333 0.01904296875
1 0.49609375 0.5419921875 0.2877604166666667 0.0224609375
1 0.8118489583333334 0.19775390625 0.2708333333333333 0.01953125
1 0.8138020833333334 0.21875 0.2708333333333333 0.01953125
1 0.8118489583333334 0.2392578125 0.2708333333333333 0.01953125
1 0.8125 0.26025390625 0.2708333333333333 0.01953125
1 0.8131510416666666 0.2802734375 0.2708333333333333 0.01953125
1 0.8125 0.2998046875 0.2708333333333333 0.01953125
1 0.8131510416666666 0.31884765625 0.2708333333333333 0.01953125
1 0.8131510416666666 0.339111328125 0.2760416666666667 0.02001953125
1 0.8131510416666666 0.361083984375 0.2760416666666667 0.02001953125
1 0.810546875 0.380615234375 0.2760416666666667 0.02001953125
1 0.8125 0.401123046875 0.2760416666666667 0.02001953125
1 0.8125 0.420166015625 0.2760416666666667 0.02001953125
1 0.8118489583333334 0.440185546875 0.2760416666666667 0.02001953125
1 0.8125 0.460693359375 0.2760416666666667 0.02001953125
1 0.8138020833333334 0.480712890625 0.2760416666666667 0.02001953125
2 0.6578776041666666 0.66552734375 0.030598958333333332 0.0146484375
0 0.4306640625 0.7451171875 0.115234375 0.0185546875
1 0.193359375 0.623046875 0.2604166666666667 0.021484375
1 0.19303385416666666 0.64453125 0.2623697916666667 0.0185546875
1 0.19303385416666666 0.6650390625 0.2610677083333333 0.0166015625
1 0.19205729166666666 0.68408203125 0.2604166666666667 0.021484375
1 0.19205729166666666 0.705078125 0.2604166666666667 0.021484375
1 0.185546875 0.78857421875 0.24088541666666666 0.01953125
1 0.18424479166666666 0.808837890625 0.24088541666666666 0.02294921875
1 0.18489583333333334 0.8310546875 0.24088541666666666 0.01953125
1 0.18489583333333334 0.84912109375 0.24088541666666666 0.01953125
1 0.185546875 0.869140625 0.24088541666666666 0.01953125
1 0.18424479166666666 0.8896484375 0.24088541666666666 0.01953125
1 0.18489583333333334 0.90966796875 0.24088541666666666 0.01953125
1 0.18359375 0.931640625 0.24088541666666666 0.01953125
1 0.521484375 0.62451171875 0.30078125 0.0205078125
1 0.5234375 0.66455078125 0.30078125 0.0205078125
1 0.5247395833333334 0.64306640625 0.30078125 0.0205078125
1 0.5227864583333334 0.68359375 0.30078125 0.0205078125
1 0.5234375 0.70458984375 0.30078125 0.0205078125
1 0.521484375 0.72509765625 0.30078125 0.0205078125
1 0.5218098958333334 0.74462890625 0.3014322916666667 0.01953125
1 0.521484375 0.76513671875 0.30078125 0.0205078125
1 0.5221354166666666 0.78564453125 0.30078125 0.0205078125
1 0.5234375 0.860107421875 0.3020833333333333 0.02099609375
1 0.5221354166666666 0.882568359375 0.3020833333333333 0.02099609375
1 0.5221354166666666 0.902099609375 0.3020833333333333 0.02099609375
1 0.5221354166666666 0.922607421875 0.3020833333333333 0.02099609375
1 0.8307291666666666 0.72607421875 0.23307291666666666 0.01953125
1 0.830078125 0.74658203125 0.23307291666666666 0.01953125
1 0.8294270833333334 0.767578125 0.23307291666666666 0.01953125
1 0.8297526041666666 0.861572265625 0.23763020833333334 0.02294921875
1 0.830078125 0.881591796875 0.23828125 0.02001953125
1 0.8307291666666666 0.90185546875 0.23697916666666666 0.01953125
1 0.8304036458333334 0.922119140625 0.23763020833333334 0.02197265625
1 0.83203125 0.568115234375 0.23697916666666666 0.01904296875
1 0.8310546875 0.586181640625 0.236328125 0.01806640625
1 0.8307291666666666 0.607666015625 0.23697916666666666 0.01708984375
1 0.8310546875 0.627197265625 0.236328125 0.01806640625
1 0.8313802083333334 0.64892578125 0.23697916666666666 0.01953125
0 0.4798177083333333 0.624267578125 0.08072916666666667 0.02001953125
0 0.5615234375 0.624755859375 0.072265625 0.01806640625
0 0.4798177083333333 0.643310546875 0.08072916666666667 0.02001953125
0 0.5615234375 0.644775390625 0.072265625 0.01806640625
0 0.15657552083333334 0.502197265625 0.027994791666666668 0.01904296875
0 0.18912760416666666 0.500244140625 0.027994791666666668 0.01904296875
0 0.58203125 0.665771484375 0.09895833333333333 0.01806640625
0 0.4837239583333333 0.666259765625 0.09895833333333333 0.01806640625
0 0.4720052083333333 0.684326171875 0.07421875 0.01611328125
0 0.5452473958333334 0.685791015625 0.072265625 0.01708984375
0 0.4729817708333333 0.705810546875 0.07747395833333333 0.01904296875
0 0.5686848958333334 0.705810546875 0.111328125 0.01611328125
0 0.763671875 0.72802734375 0.05078125 0.015625
0 0.8076171875 0.72705078125 0.038411458333333336 0.015625
