0 0.5685358255451713 0.29427942794279427 0.11993769470404984 0.0297029702970297
0 0.838006230529595 0.29427942794279427 0.06074766355140187 0.025302530253025302
2 0.7628504672897196 0.2948294829482948 0.03348909657320872 0.019801980198019802
2 0.9353582554517134 0.2948294829482948 0.0264797507788162 0.019801980198019802
0 0.8341121495327103 0.32893289328932895 0.0529595015576324 0.0242024202420242
2 0.9353582554517134 0.33003300330033003 0.0264797507788162 0.019801980198019802
0 0.5860591900311527 0.35973597359735976 0.15342679127725856 0.030803080308030802
2 0.7632398753894081 0.35753575357535755 0.028037383177570093 0.022002200220022004
0 0.8411214953271028 0.36688668866886687 0.06853582554517133 0.0319031903190319
2 0.9353582554517134 0.36633663366336633 0.0264797507788162 0.0176017601760176
0 0.8383956386292835 0.4004400440044004 0.0630841121495327 0.028602860286028604
2 0.9353582554517134 0.4004400440044004 0.0264797507788162 0.0176017601760176
0 0.5697040498442367 0.4152915291529153 0.12071651090342679 0.027502750275027504
2 0.7628504672897196 0.4141914191419142 0.027258566978193146 0.020902090209020903
0 0.8364485981308412 0.43564356435643564 0.05763239875389408 0.0242024202420242
2 0.9353582554517134 0.4367436743674367 0.0264797507788162 0.019801980198019802
0 0.5552959501557633 0.4691969196919692 0.09190031152647975 0.025302530253025302
0 0.8391744548286605 0.47029702970297027 0.0630841121495327 0.025302530253025302
2 0.7632398753894081 0.46864686468646866 0.028037383177570093 0.0176017601760176
2 0.9353582554517134 0.47194719471947194 0.0264797507788162 0.019801980198019802
0 0.8399532710280374 0.5055005500550055 0.0646417445482866 0.025302530253025302
0 0.5774922118380063 0.5115511551155115 0.13629283489096572 0.028602860286028604
2 0.9361370716510904 0.5082508250825083 0.0264797507788162 0.0176017601760176
0 0.860981308411215 0.5401540154015402 0.10825545171339564 0.026402640264026403
0 0.5716510903426791 0.5478547854785478 0.12461059190031153 0.026402640264026403
2 0.7632398753894081 0.5500550055005501 0.028037383177570093 0.0176017601760176
0 0.8438473520249221 0.577007700770077 0.07242990654205607 0.025302530253025302
2 0.9353582554517134 0.5786578657865786 0.0264797507788162 0.019801980198019802
0 0.5919003115264797 0.5891089108910891 0.16510903426791276 0.027502750275027504
2 0.7632398753894081 0.5896589658965896 0.028037383177570093 0.019801980198019802
0 0.8235981308411215 0.6111111111111112 0.03348909657320872 0.025302530253025302
2 0.9353582554517134 0.6133113311331133 0.0264797507788162 0.0187018701870187
0 0.5856697819314641 0.6309130913091309 0.1526479750778816 0.025302530253025302
2 0.7632398753894081 0.6314631463146315 0.028037383177570093 0.019801980198019802
0 0.5782710280373832 0.6892189218921893 0.1378504672897196 0.0319031903190319
2 0.7636292834890965 0.6875687568756875 0.027258566978193146 0.0176017601760176
0 0.10825545171339564 0.7706270627062707 0.11526479750778816 0.0671067106710671
0 0.8465732087227414 0.801980198019802 0.07476635514018691 0.030803080308030802
2 0.9349688473520249 0.8008800880088008 0.02570093457943925 0.019801980198019802
0 0.5424454828660437 0.8322332233223322 0.06619937694704049 0.027502750275027504
0 0.6927570093457944 0.8322332233223322 0.07242990654205607 0.027502750275027504
0 0.8629283489096573 0.8355335533553355 0.1059190031152648 0.025302530253025302
2 0.6125389408099688 0.8338833883388339 0.027258566978193146 0.019801980198019802
2 0.764797507788162 0.8338833883388339 0.0264797507788162 0.019801980198019802
0 0.830607476635514 0.8641364136413642 0.04127725856697819 0.025302530253025302
0 0.5412772585669782 0.8663366336633663 0.06542056074766354 0.025302530253025302
0 0.6830218068535826 0.8663366336633663 0.0529595015576324 0.025302530253025302
2 0.6098130841121495 0.8668866886688669 0.029595015576323987 0.019801980198019802
2 0.764797507788162 0.8679867986798679 0.0264797507788162 0.0176017601760176
2 0.9376947040498442 0.8707370737073707 0.020249221183800622 0.0187018701870187
2 0.10475077881619937 0.9147414741474147 0.0630841121495327 0.0297029702970297
1 0.10942367601246106 0.8338833883388339 0.12071651090342679 0.19581958195819582
2 0.9349688473520249 0.8371837183718371 0.02570093457943925 0.019801980198019802
1 0.5669781931464174 0.8305830583058306 0.11682242990654206 0.028602860286028604
1 0.5650311526479751 0.8657865786578658 0.11292834890965732 0.0242024202420242
1 0.7165109034267912 0.8305830583058306 0.12305295950155763 0.030803080308030802
1 0.7169003115264797 0.8652365236523653 0.12071651090342679 0.0231023102310231
1 0.8781152647975078 0.8008800880088008 0.1378504672897196 0.033003300330033
1 0.8792834890965732 0.8657865786578658 0.13862928348909656 0.028602860286028604
1 0.8792834890965732 0.8344334433443344 0.14018691588785046 0.027502750275027504
2 0.9361370716510904 0.5434543454345434 0.0264797507788162 0.0176017601760176
2 0.7655763239875389 0.5115511551155115 0.028037383177570093 0.0176017601760176
1 0.6452492211838006 0.2931793179317932 0.2733644859813084 0.0319031903190319
1 0.6436915887850467 0.3580858085808581 0.26869158878504673 0.0297029702970297
1 0.6444704049844237 0.4136413641364136 0.26557632398753894 0.030803080308030802
1 0.6425233644859814 0.4675467546754675 0.26791277258566976 0.028602860286028604
1 0.6429127725856698 0.5115511551155115 0.2718068535825545 0.030803080308030802
1 0.6425233644859814 0.5473047304730473 0.26947040498442365 0.0297029702970297
1 0.6429127725856698 0.6435643564356436 0.26869158878504673 0.050605060506050605
1 0.6421339563862928 0.5902090209020903 0.26869158878504673 0.0297029702970297
1 0.6429127725856698 0.6881188118811881 0.26713395638629284 0.0297029702970297
1 0.8773364485981309 0.29372937293729373 0.1409657320872274 0.026402640264026403
1 0.8765576323987538 0.3278327832783278 0.1409657320872274 0.0242024202420242
1 0.8777258566978193 0.36523652365236525 0.14174454828660435 0.030803080308030802
1 0.8773364485981309 0.4004400440044004 0.1409657320872274 0.026402640264026403
1 0.8765576323987538 0.4361936193619362 0.1394080996884735 0.025302530253025302
1 0.8773364485981309 0.47029702970297027 0.1394080996884735 0.025302530253025302
1 0.8765576323987538 0.5055005500550055 0.1394080996884735 0.025302530253025302
1 0.8765576323987538 0.5396039603960396 0.1394080996884735 0.025302530253025302
1 0.8765576323987538 0.577007700770077 0.1394080996884735 0.025302530253025302
1 0.8757788161993769 0.6089108910891089 0.1394080996884735 0.025302530253025302
0 0.5619158878504673 0.6567656765676567 0.10669781931464174 0.0242024202420242
