0 0.2455546147332769 0.32900677200902934 0.23200677392040644 0.03724604966139955
2 0.8530906011854361 0.3275959367945824 0.06689246401354784 0.02652370203160271
0 0.26333615580016934 0.4224040632054176 0.26756985605419137 0.03893905191873589
2 0.8526672311600338 0.4229683972911964 0.07112616426756986 0.03329571106094808
0 0.5723962743437765 0.5976297968397292 0.10838272650296359 0.028216704288939052
0 0.16045723962743438 0.5979119638826185 0.06519898391193904 0.025395033860045147
2 0.4500423370025402 0.5984762979683973 0.05165114309906858 0.024266365688487584
2 0.8433530906011855 0.5984762979683973 0.05927180355630821 0.024266365688487584
0 0.5834038950042337 0.6303611738148984 0.13209144792548688 0.028216704288939052
0 0.15918712955122777 0.631489841986456 0.06773920406435224 0.028216704288939052
2 0.44072819644369177 0.631489841986456 0.07535986452159187 0.022573363431151242
2 0.8391193903471634 0.6317720090293454 0.05927180355630821 0.025395033860045147
0 0.544030482641829 0.6633747178329571 0.05165114309906858 0.02652370203160271
0 0.1943268416596105 0.6639390519187359 0.1380186282811177 0.025395033860045147
2 0.4377646062658764 0.6642212189616253 0.06943268416596104 0.022573363431151242
2 0.8412362404741744 0.6639390519187359 0.060118543607112614 0.025395033860045147
0 0.1994072819644369 0.6966704288939052 0.14817950889077053 0.029909706546275394
2 0.4394580863674852 0.697234762979684 0.07281964436917866 0.024266365688487584
0 0.5558848433530906 0.6966704288939052 0.07535986452159187 0.025395033860045147
2 0.838272650296359 0.697234762979684 0.06096528365791702 0.024266365688487584
0 0.6058425063505504 0.8244920993227991 0.17527519051651144 0.030474040632054177
0 0.17146486028789162 0.8259029345372461 0.13124470787468248 0.03216704288939052
2 0.4242167654530059 0.8244920993227991 0.07281964436917866 0.022573363431151242
2 0.8454699407281965 0.8259029345372461 0.08044030482641829 0.025395033860045147
0 0.22565622353937342 0.8625846501128668 0.23962743437764605 0.031038374717832957
0 0.6397121083827265 0.8625846501128668 0.23454699407281965 0.031038374717832957
0 0.21337849280270957 0.8972911963882618 0.20491109229466553 0.028216704288939052
0 0.5745131244707875 0.8987020316027088 0.10414902624894158 0.025395033860045147
2 0.8471634208298052 0.8987020316027088 0.07874682472480948 0.025395033860045147
0 0.4005080440304826 0.9319977426636569 0.2286198137171888 0.03216704288939052
2 0.42379339542760375 0.8617381489841986 0.08044030482641829 0.02708803611738149
2 0.42337002540220153 0.8978555304740407 0.07112616426756986 0.02708803611738149
2 0.8454699407281965 0.8975733634311512 0.07874682472480948 0.025395033860045147
2 0.8497036409822185 0.8631489841986456 0.08044030482641829 0.025395033860045147
1 0.7015241320914479 0.823645598194131 0.37171888230313294 0.02878103837471783
1 0.7049110922946655 0.8608916478555305 0.37002540220152413 0.029909706546275394
1 0.7032176121930568 0.8975733634311512 0.37002540220152413 0.029909706546275394
1 0.2819644369178662 0.8261851015801355 0.3590177815410669 0.0327313769751693
2 0.6278577476714648 0.9308690744920993 0.1380186282811177 0.027652370203160272
1 0.283657917019475 0.8606094808126411 0.3590177815410669 0.0327313769751693
1 0.2853513971210838 0.8975733634311512 0.3556308213378493 0.029909706546275394
1 0.5131244707874683 0.32844243792325056 0.7671464860287892 0.03611738148984198
1 0.5097375105842507 0.4195823927765237 0.7637595258255715 0.03893905191873589
1 0.3018628281117697 0.5984762979683973 0.35309060118543606 0.025395033860045147
1 0.3010160880609653 0.6326185101580135 0.34970364098221846 0.02708803611738149
1 0.2984758679085521 0.6650677200902935 0.35139712108382726 0.029909706546275394
1 0.2984758679085521 0.6944130925507901 0.35309060118543606 0.03329571106094808
1 0.6939034716342083 0.6963882618510158 0.3598645215918713 0.028216704288939052
1 0.6939034716342083 0.6619638826185101 0.3598645215918713 0.028216704288939052
1 0.6972904318374259 0.628668171557562 0.3598645215918713 0.028216704288939052
1 0.6955969517358171 0.5981941309255079 0.3598645215918713 0.028216704288939052
1 0.4911092294665538 0.9314334085778782 0.40474174428450466 0.03216704288939052
