0 0.2884114583333333 0.256591796875 0.2565104166666667 0.03173828125
2 0.8450520833333334 0.25537109375 0.055989583333333336 0.025390625
0 0.2998046875 0.29833984375 0.2819010416666667 0.033203125
2 0.8460286458333334 0.2978515625 0.057942708333333336 0.0263671875
0 0.2952473958333333 0.336181640625 0.2740885416666667 0.03271484375
2 0.8473307291666666 0.3369140625 0.057942708333333336 0.0263671875
0 0.2994791666666667 0.37548828125 0.2864583333333333 0.0322265625
2 0.8483072916666666 0.373291015625 0.059895833333333336 0.02685546875
0 0.2757161458333333 0.4453125 0.24283854166666666 0.037109375
2 0.8440755208333334 0.4423828125 0.07486979166666667 0.0263671875
0 0.5081380208333334 0.597412109375 0.059244791666666664 0.03173828125
2 0.8577473958333334 0.604248046875 0.057942708333333336 0.02783203125
0 0.2815755208333333 0.61572265625 0.263671875 0.03125
0 0.5091145833333334 0.6376953125 0.0859375 0.029296875
0 0.3502604166666667 0.680419921875 0.4036458333333333 0.03564453125
2 0.8606770833333334 0.679931640625 0.059895833333333336 0.02783203125
2 0.853515625 0.722900390625 0.07682291666666667 0.02783203125
0 0.291015625 0.724853515625 0.2890625 0.03173828125
2 0.85546875 0.764404296875 0.07682291666666667 0.02783203125
0 0.296875 0.767822265625 0.3046875 0.03173828125
1 0.5149739583333334 0.25537109375 0.7135416666666666 0.0302734375
1 0.5139973958333334 0.37255859375 0.724609375 0.0380859375
1 0.5224609375 0.444580078125 0.7350260416666666 0.04248046875
1 0.51953125 0.298095703125 0.71875 0.03271484375
1 0.5143229166666666 0.33544921875 0.7135416666666666 0.0302734375
1 0.51953125 0.615234375 0.7395833333333334 0.0712890625
1 0.5211588541666666 0.681884765625 0.7428385416666666 0.03564453125
1 0.5205078125 0.722900390625 0.7428385416666666 0.03564453125
1 0.5211588541666666 0.764892578125 0.7545572916666666 0.03271484375
