0 0.55322265625 0.16631799163179917 0.2021484375 0.03138075313807531
0 0.062744140625 0.16387726638772665 0.06201171875 0.02092050209205021
0 0.797607421875 0.16875871687587168 0.10498046875 0.02789400278940028
2 0.96044921875 0.16213389121338911 0.0185546875 0.017433751743375175
0 0.271484375 0.16562064156206416 0.0654296875 0.021617852161785217
2 0.18505859375 0.16875871687587168 0.017578125 0.019525801952580194
2 0.4072265625 0.1701534170153417 0.0185546875 0.019525801952580194
2 0.703369140625 0.1701534170153417 0.01708984375 0.019525801952580194
0 0.072998046875 0.20502092050209206 0.08251953125 0.02510460251046025
0 0.4755859375 0.20676429567642957 0.044921875 0.03417015341701534
0 0.796630859375 0.20711297071129708 0.10205078125 0.026499302649930265
2 0.96044921875 0.20223152022315202 0.0185546875 0.019525801952580194
0 0.276123046875 0.20676429567642957 0.07470703125 0.021617852161785217
2 0.18408203125 0.20781032078103207 0.0185546875 0.019525801952580194
2 0.703369140625 0.2095536959553696 0.01708984375 0.01882845188284519
2 0.4072265625 0.2112970711297071 0.0185546875 0.019525801952580194
0 0.061279296875 0.24511854951185494 0.05908203125 0.02301255230125523
0 0.273681640625 0.24511854951185494 0.06982421875 0.02301255230125523
0 0.558837890625 0.24860529986052998 0.21044921875 0.0299860529986053
0 0.8232421875 0.24755927475592748 0.1552734375 0.026499302649930265
2 0.96044921875 0.24302649930264994 0.0185546875 0.01882845188284519
2 0.70263671875 0.24755927475592748 0.0185546875 0.02092050209205021
2 0.185302734375 0.24860529986052998 0.01611328125 0.01882845188284519
2 0.4072265625 0.25139470013947 0.0185546875 0.021617852161785217
0 0.071044921875 0.28417015341701535 0.07861328125 0.02301255230125523
0 0.563720703125 0.28870292887029286 0.22021484375 0.029288702928870293
0 0.818115234375 0.2869595536959554 0.14501953125 0.028591352859135284
2 0.96044921875 0.28312412831241285 0.0185546875 0.02092050209205021
0 0.274169921875 0.28417015341701535 0.07080078125 0.021617852161785217
2 0.70263671875 0.28661087866108786 0.0185546875 0.02092050209205021
2 0.183837890625 0.2894002789400279 0.01708984375 0.019525801952580194
2 0.408447265625 0.2914923291492329 0.01904296875 0.019525801952580194
0 0.777099609375 0.32322175732217573 0.06298828125 0.02301255230125523
0 0.06591796875 0.32566248256624825 0.0693359375 0.026499302649930265
0 0.27880859375 0.32461645746164575 0.0771484375 0.02301255230125523
2 0.96044921875 0.3228730822873082 0.0185546875 0.019525801952580194
2 0.184814453125 0.3294979079497908 0.01708984375 0.017433751743375175
2 0.4072265625 0.33158995815899583 0.0185546875 0.017433751743375175
0 0.072509765625 0.36610878661087864 0.08154296875 0.026499302649930265
2 0.1845703125 0.3702928870292887 0.0185546875 0.02092050209205021
0 0.304931640625 0.4180613668061367 0.13232421875 0.02301255230125523
2 0.408447265625 0.4198047419804742 0.01904296875 0.019525801952580194
2 0.965576171875 0.42329149232914925 0.00830078125 0.019525801952580194
0 0.781494140625 0.42503486750348674 0.07177734375 0.02301255230125523
0 0.52880859375 0.4302649930264993 0.158203125 0.029288702928870293
2 0.703369140625 0.42887029288702927 0.01708984375 0.019525801952580194
0 0.306884765625 0.4585076708507671 0.13623046875 0.02301255230125523
2 0.408447265625 0.4595536959553696 0.01904296875 0.02092050209205021
0 0.779541015625 0.4665271966527197 0.06591796875 0.02789400278940028
0 0.549072265625 0.4696652719665272 0.19873046875 0.0299860529986053
2 0.96044921875 0.46338912133891214 0.0185546875 0.017433751743375175
2 0.703369140625 0.46722454672245467 0.01708984375 0.02092050209205021
0 0.061767578125 0.48535564853556484 0.06201171875 0.030683403068340307
2 0.187744140625 0.4874476987447699 0.01708984375 0.02092050209205021
0 0.30224609375 0.5 0.126953125 0.02510460251046025
2 0.408447265625 0.500697350069735 0.01904296875 0.02092050209205021
0 0.783447265625 0.5038354253835425 0.07763671875 0.03417015341701534
0 0.53271484375 0.5090655509065551 0.1630859375 0.030683403068340307
2 0.96044921875 0.5034867503486751 0.0185546875 0.019525801952580194
2 0.703369140625 0.5052301255230126 0.01708984375 0.01882845188284519
0 0.0751953125 0.5233612273361228 0.0869140625 0.027196652719665274
2 0.18701171875 0.5275453277545328 0.0185546875 0.01882845188284519
0 0.299560546875 0.5387029288702929 0.12158203125 0.02301255230125523
2 0.408447265625 0.5404463040446305 0.01904296875 0.019525801952580194
0 0.533935546875 0.544281729428173 0.16552734375 0.02301255230125523
2 0.703369140625 0.544281729428173 0.01708984375 0.01882845188284519
0 0.073486328125 0.5627615062761506 0.08447265625 0.030683403068340307
2 0.18701171875 0.5683403068340307 0.0185546875 0.019525801952580194
0 0.293212890625 0.5805439330543933 0.10986328125 0.03556485355648536
2 0.408447265625 0.5794979079497908 0.01904296875 0.019525801952580194
0 0.541748046875 0.5833333333333334 0.18408203125 0.028591352859135284
2 0.70263671875 0.5833333333333334 0.0185546875 0.01882845188284519
0 0.279541015625 0.6827057182705718 0.08642578125 0.02092050209205021
0 0.0732421875 0.6865411436541143 0.083984375 0.03417015341701534
2 0.408447265625 0.6865411436541143 0.01904296875 0.021617852161785217
2 0.18701171875 0.6875871687587168 0.0185546875 0.019525801952580194
2 0.705322265625 0.7182705718270572 0.01904296875 0.02092050209205021
0 0.291259765625 0.7217573221757322 0.11083984375 0.03347280334728033
0 0.55224609375 0.7228033472803347 0.2001953125 0.03695955369595537
0 0.078369140625 0.7259414225941423 0.09423828125 0.03207810320781032
2 0.18701171875 0.7245467224546722 0.0185546875 0.019525801952580194
2 0.408447265625 0.7245467224546722 0.01904296875 0.019525801952580194
0 0.2900390625 0.7597629009762901 0.107421875 0.02301255230125523
0 0.5654296875 0.7635983263598326 0.2255859375 0.030683403068340307
2 0.705322265625 0.7580195258019525 0.01904296875 0.019525801952580194
0 0.07568359375 0.7639470013947002 0.087890625 0.02301255230125523
2 0.18701171875 0.7635983263598326 0.0185546875 0.019525801952580194
2 0.408447265625 0.7635983263598326 0.01904296875 0.019525801952580194
0 0.30615234375 0.8016039051603905 0.1396484375 0.028591352859135284
0 0.554931640625 0.802649930264993 0.20458984375 0.030683403068340307
0 0.092041015625 0.8016039051603905 0.12060546875 0.02580195258019526
2 0.705322265625 0.799163179916318 0.01904296875 0.019525801952580194
2 0.18701171875 0.8019525801952581 0.0185546875 0.02092050209205021
2 0.407958984375 0.802649930264993 0.02001953125 0.019525801952580194
1 0.1123046875 0.16527196652719664 0.1630859375 0.026499302649930265
1 0.1123046875 0.20432357043235705 0.1630859375 0.026499302649930265
1 0.111328125 0.24476987447698745 0.1630859375 0.026499302649930265
1 0.11181640625 0.28451882845188287 0.1630859375 0.026499302649930265
1 0.11181640625 0.32566248256624825 0.1630859375 0.026499302649930265
1 0.11279296875 0.36610878661087864 0.1630859375 0.026499302649930265
1 0.327392578125 0.16736401673640167 0.17724609375 0.026499302649930265
1 0.32763671875 0.2102510460251046 0.1796875 0.028591352859135284
1 0.327392578125 0.24860529986052998 0.18115234375 0.0299860529986053
1 0.327880859375 0.28730822873082285 0.18017578125 0.029288702928870293
1 0.328857421875 0.3263598326359833 0.17724609375 0.026499302649930265
1 0.11328125 0.4860529986052999 0.16796875 0.030683403068340307
1 0.11376953125 0.5240585774058577 0.1650390625 0.0299860529986053
1 0.11376953125 0.5634588563458857 0.16796875 0.030683403068340307
1 0.11279296875 0.6861924686192469 0.166015625 0.03486750348675035
1 0.11376953125 0.7252440725244073 0.166015625 0.03486750348675035
1 0.11376953125 0.7639470013947002 0.1650390625 0.02301255230125523
1 0.11328125 0.8023012552301255 0.1640625 0.027196652719665274
1 0.326904296875 0.6847977684797768 0.18310546875 0.026499302649930265
1 0.327392578125 0.7608089260808926 0.18310546875 0.026499302649930265
1 0.3271484375 0.7221059972105998 0.18359375 0.03277545327754533
1 0.327392578125 0.8009065550906556 0.18408203125 0.03277545327754533
1 0.583740234375 0.7231520223152023 0.26318359375 0.03626220362622036
1 0.5830078125 0.7639470013947002 0.2626953125 0.03277545327754533
1 0.583740234375 0.8036959553695955 0.26318359375 0.03277545327754533
1 0.857177734375 0.42573221757322177 0.22412109375 0.024407252440725245
1 0.858642578125 0.4665271966527197 0.22509765625 0.029288702928870293
1 0.857666015625 0.5031380753138075 0.22705078125 0.03556485355648536
1 0.328369140625 0.4166666666666667 0.17919921875 0.024407252440725245
1 0.327880859375 0.5805439330543933 0.18017578125 0.03695955369595537
1 0.327880859375 0.5387029288702929 0.17919921875 0.024407252440725245
1 0.327880859375 0.4996513249651325 0.17919921875 0.024407252440725245
1 0.327392578125 0.4592050209205021 0.17919921875 0.024407252440725245
1 0.581298828125 0.4302649930264993 0.26318359375 0.029288702928870293
1 0.580810546875 0.4686192468619247 0.26318359375 0.029288702928870293
1 0.581298828125 0.5090655509065551 0.26318359375 0.029288702928870293
1 0.5810546875 0.5439330543933054 0.2626953125 0.023709902370990237
1 0.580810546875 0.5829846582984658 0.26318359375 0.029288702928870293
1 0.58154296875 0.2099023709902371 0.2607421875 0.03905160390516039
1 0.581787109375 0.16596931659693165 0.26123046875 0.030683403068340307
1 0.583740234375 0.2482566248256625 0.26123046875 0.030683403068340307
1 0.583251953125 0.2880055788005579 0.26123046875 0.030683403068340307
1 0.856201171875 0.1691073919107392 0.22509765625 0.028591352859135284
1 0.857177734375 0.20746164574616457 0.22509765625 0.028591352859135284
1 0.857177734375 0.24860529986052998 0.22509765625 0.028591352859135284
1 0.857666015625 0.2869595536959554 0.22509765625 0.028591352859135284
1 0.858154296875 0.32426778242677823 0.22705078125 0.023709902370990237
0 0.51611328125 0.20571827057182707 0.025390625 0.030683403068340307
0 0.546875 0.20746164574616457 0.0380859375 0.024407252440725245
0 0.864501953125 0.46548117154811713 0.09814453125 0.027196652719665274
