0 0.08447265625 0.17023411371237457 0.099609375 0.02073578595317726
0 0.419189453125 0.17157190635451505 0.08740234375 0.02608695652173913
2 0.57568359375 0.1688963210702341 0.037109375 0.02073578595317726
0 0.78076171875 0.23578595317725753 0.0791015625 0.024749163879598662
2 0.896728515625 0.23411371237458195 0.03564453125 0.020066889632107024
0 0.079833984375 0.23979933110367893 0.09033203125 0.023411371237458192
0 0.452880859375 0.24013377926421406 0.15185546875 0.025418060200668897
2 0.575927734375 0.23678929765886286 0.03564453125 0.018729096989966554
0 0.082275390625 0.2973244147157191 0.09521484375 0.016722408026755852
0 0.42041015625 0.3096989966555184 0.08984375 0.024080267558528427
0 0.788330078125 0.30535117056856187 0.09423828125 0.016722408026755852
2 0.575927734375 0.30535117056856187 0.03564453125 0.016722408026755852
2 0.896728515625 0.30535117056856187 0.03466796875 0.016722408026755852
0 0.083740234375 0.3394648829431438 0.09814453125 0.016722408026755852
0 0.79638671875 0.34548494983277594 0.1103515625 0.01939799331103679
2 0.896728515625 0.34548494983277594 0.03466796875 0.015384615384615385
0 0.09130859375 0.3795986622073579 0.1142578125 0.023411371237458192
0 0.76708984375 0.38461538461538464 0.048828125 0.018729096989966554
2 0.896728515625 0.38561872909698997 0.03466796875 0.016722408026755852
0 0.801025390625 0.42642140468227424 0.11669921875 0.016722408026755852
2 0.896728515625 0.42642140468227424 0.03466796875 0.016722408026755852
0 0.7822265625 0.4668896321070234 0.0810546875 0.018729096989966554
2 0.896728515625 0.4678929765886288 0.03466796875 0.016722408026755852
0 0.522705078125 0.48127090301003345 0.10498046875 0.023411371237458192
0 0.785400390625 0.5066889632107023 0.08544921875 0.016722408026755852
2 0.896728515625 0.5066889632107023 0.03466796875 0.016722408026755852
2 0.345458984375 0.5224080267558529 0.03369140625 0.013377926421404682
2 0.398681640625 0.5214046822742475 0.03564453125 0.016722408026755852
0 0.253173828125 0.5237458193979934 0.12841796875 0.02274247491638796
0 0.501708984375 0.5622073578595318 0.06494140625 0.02073578595317726
0 0.225830078125 0.585953177257525 0.07763671875 0.02140468227424749
2 0.345947265625 0.5836120401337793 0.03466796875 0.016722408026755852
0 0.841552734375 0.5916387959866221 0.07470703125 0.018060200668896322
2 0.963623046875 0.5923076923076923 0.02783203125 0.016722408026755852
0 0.858154296875 0.6344481605351171 0.10595703125 0.022073578595317726
2 0.963623046875 0.6331103678929766 0.02783203125 0.016722408026755852
0 0.523681640625 0.6444816053511706 0.10595703125 0.022073578595317726
0 0.84130859375 0.6719063545150502 0.072265625 0.018060200668896322
2 0.963623046875 0.6732441471571906 0.02783203125 0.016722408026755852
0 0.82958984375 0.7130434782608696 0.048828125 0.018729096989966554
2 0.963623046875 0.7140468227424749 0.02783203125 0.016722408026755852
0 0.5126953125 0.7244147157190636 0.0869140625 0.020066889632107024
0 0.08203125 0.754180602006689 0.0947265625 0.022073578595317726
2 0.2353515625 0.751505016722408 0.0341796875 0.016722408026755852
0 0.8349609375 0.7548494983277592 0.0615234375 0.016722408026755852
2 0.963623046875 0.7548494983277592 0.02783203125 0.016722408026755852
0 0.816650390625 0.794314381270903 0.02294921875 0.016722408026755852
2 0.963623046875 0.794314381270903 0.02783203125 0.016722408026755852
0 0.531005859375 0.8056856187290969 0.12353515625 0.023411371237458192
0 0.09912109375 0.820066889632107 0.12890625 0.02274247491638796
2 0.2353515625 0.8190635451505017 0.0341796875 0.016722408026755852
0 0.826416015625 0.8361204013377926 0.04248046875 0.018729096989966554
2 0.963623046875 0.8351170568561873 0.02783203125 0.016722408026755852
0 0.829833984375 0.8779264214046822 0.05126953125 0.02073578595317726
2 0.963623046875 0.8759197324414716 0.02783203125 0.016722408026755852
0 0.10888671875 0.8849498327759198 0.1484375 0.018729096989966554
0 0.517578125 0.8852842809364548 0.0947265625 0.022073578595317726
2 0.2353515625 0.8852842809364548 0.0341796875 0.016722408026755852
0 0.839599609375 0.9170568561872909 0.07080078125 0.020066889632107024
2 0.963623046875 0.9153846153846154 0.02783203125 0.016722408026755852
0 0.088623046875 0.9525083612040134 0.10791015625 0.020066889632107024
2 0.2353515625 0.9528428093645485 0.0341796875 0.016722408026755852
2 0.181396484375 0.37892976588628763 0.03564453125 0.016722408026755852
2 0.229248046875 0.37892976588628763 0.03564453125 0.016722408026755852
1 0.303955078125 0.5227424749163879 0.22998046875 0.02608695652173913
1 0.274658203125 0.5852842809364549 0.17626953125 0.020066889632107024
2 0.182373046875 0.16856187290969898 0.03564453125 0.017391304347826087
2 0.228271484375 0.16856187290969898 0.03564453125 0.017391304347826087
2 0.229736328125 0.2983277591973244 0.03564453125 0.017391304347826087
2 0.180908203125 0.34080267558528426 0.03564453125 0.016722408026755852
2 0.229248046875 0.33979933110367894 0.03564453125 0.017391304347826087
2 0.180419921875 0.3 0.03564453125 0.016722408026755852
2 0.181884765625 0.237123745819398 0.03564453125 0.016722408026755852
2 0.228271484375 0.23578595317725753 0.03564453125 0.016722408026755852
1 0.140625 0.16989966555183947 0.2119140625 0.02140468227424749
1 0.140380859375 0.23879598662207357 0.21240234375 0.02140468227424749
1 0.140380859375 0.2979933110367893 0.21337890625 0.01939799331103679
1 0.14111328125 0.3394648829431438 0.212890625 0.01939799331103679
1 0.140869140625 0.3795986622073579 0.21240234375 0.024749163879598662
2 0.648681640625 0.4806020066889632 0.03564453125 0.016722408026755852
0 0.48876953125 0.23645484949832776 0.068359375 0.018060200668896322
1 0.48681640625 0.16989966555183947 0.2216796875 0.025418060200668897
1 0.485595703125 0.23879598662207357 0.21533203125 0.02140468227424749
1 0.487060546875 0.3083612040133779 0.22119140625 0.024080267558528427
1 0.828857421875 0.23511705685618728 0.17626953125 0.02608695652173913
1 0.82763671875 0.3063545150501672 0.1728515625 0.016053511705685617
1 0.827880859375 0.345819397993311 0.17529296875 0.017391304347826087
1 0.82861328125 0.3842809364548495 0.171875 0.018060200668896322
1 0.828369140625 0.42642140468227424 0.17333984375 0.018060200668896322
1 0.828857421875 0.5070234113712374 0.17333984375 0.017391304347826087
1 0.828369140625 0.4662207357859532 0.17626953125 0.020066889632107024
0 0.1630859375 0.9528428093645485 0.0400390625 0.016722408026755852
1 0.1455078125 0.7535117056856188 0.2197265625 0.022073578595317726
1 0.14453125 0.8204013377926421 0.2197265625 0.02073578595317726
1 0.14404296875 0.8839464882943144 0.21875 0.022073578595317726
1 0.14306640625 0.9515050167224081 0.2177734375 0.022073578595317726
2 0.694091796875 0.4806020066889632 0.03564453125 0.016722408026755852
2 0.649169921875 0.5635451505016722 0.03564453125 0.016722408026755852
2 0.695068359375 0.6444816053511706 0.03564453125 0.016722408026755852
2 0.648193359375 0.6431438127090301 0.03564453125 0.016722408026755852
2 0.696044921875 0.562876254180602 0.03564453125 0.016722408026755852
1 0.591552734375 0.4806020066889632 0.24462890625 0.023411371237458192
1 0.591796875 0.5618729096989966 0.2470703125 0.02274247491638796
2 0.695556640625 0.7240802675585284 0.03564453125 0.016722408026755852
2 0.648193359375 0.7247491638795986 0.03564453125 0.016722408026755852
2 0.648193359375 0.8866220735785953 0.03564453125 0.016722408026755852
2 0.647705078125 0.8056856187290969 0.03564453125 0.016722408026755852
2 0.695068359375 0.8872909698996656 0.03564453125 0.016722408026755852
2 0.695556640625 0.8050167224080268 0.03564453125 0.016722408026755852
1 0.591064453125 0.7234113712374582 0.24365234375 0.02073578595317726
1 0.592041015625 0.6438127090301003 0.24365234375 0.023411371237458192
1 0.59130859375 0.8852842809364548 0.2431640625 0.023411371237458192
1 0.591796875 0.8053511705685619 0.2470703125 0.02140468227424749
1 0.890625 0.5926421404682274 0.1728515625 0.018729096989966554
1 0.89013671875 0.6722408026755853 0.1728515625 0.018729096989966554
1 0.89208984375 0.6354515050167224 0.173828125 0.02274247491638796
1 0.8916015625 0.7133779264214046 0.173828125 0.02073578595317726
1 0.890625 0.7561872909698997 0.173828125 0.02073578595317726
1 0.89111328125 0.794314381270903 0.173828125 0.02073578595317726
1 0.890625 0.8364548494983277 0.173828125 0.02073578595317726
1 0.8896484375 0.8785953177257525 0.173828125 0.02073578595317726
1 0.89013671875 0.9160535117056856 0.173828125 0.02073578595317726
