0 0.0911072362685266 0.27953296703296704 0.1037489102005231 0.034340659340659344
0 0.6364428945074107 0.28365384615384615 0.13600697471665213 0.03159340659340659
2 0.7545771578029643 0.28365384615384615 0.02702702702702703 0.023351648351648352
0 0.33478639930252835 0.29120879120879123 0.07149084568439407 0.027472527472527472
0 0.8360941586748039 0.3021978021978022 0.06800348735832606 0.03021978021978022
2 0.9725370531822145 0.3008241758241758 0.02877070619006103 0.02197802197802198
0 0.5850043591979076 0.33791208791208793 0.03138622493461203 0.027472527472527472
2 0.7545771578029643 0.33516483516483514 0.02702702702702703 0.02197802197802198
0 0.08805579773321709 0.35302197802197804 0.0993897122929381 0.038461538461538464
0 0.34306887532693986 0.35233516483516486 0.08631211857018309 0.03159340659340659
2 0.47515257192676547 0.35302197802197804 0.02789886660854403 0.02197802197802198
2 0.515693112467306 0.3543956043956044 0.02702702702702703 0.024725274725274724
0 0.8718395815170009 0.3701923076923077 0.13949433304272013 0.03159340659340659
2 0.9742807323452485 0.36813186813186816 0.02702702702702703 0.02197802197802198
0 0.37271142109851785 0.41552197802197804 0.14385353095030515 0.03159340659340659
2 0.516564952048823 0.41620879120879123 0.025283347863993024 0.024725274725274724
0 0.07454228421970358 0.4217032967032967 0.07061900610287707 0.03021978021978022
2 0.47515257192676547 0.4175824175824176 0.02789886660854403 0.02197802197802198
0 0.6037489102005231 0.4498626373626374 0.06887532693984307 0.028846153846153848
2 0.7545771578029643 0.45054945054945056 0.02702702702702703 0.02197802197802198
0 0.35876198779424584 0.47733516483516486 0.11595466434176112 0.0260989010989011
0 0.1002615518744551 0.49038461538461536 0.12554489973844812 0.038461538461538464
2 0.21665213600697472 0.49244505494505497 0.03225806451612903 0.023351648351648352
0 0.8609415867480383 0.4945054945054945 0.11769834350479512 0.03021978021978022
2 0.976460331299041 0.4993131868131868 0.01918047079337402 0.023351648351648352
0 0.6325196163905842 0.5082417582417582 0.12641673931996514 0.03021978021978022
2 0.7554489973844812 0.5089285714285714 0.02702702702702703 0.023351648351648352
0 0.3400174367916303 0.5412087912087912 0.08020924149956409 0.03021978021978022
0 0.8696599825632084 0.5439560439560439 0.13339145597210114 0.03296703296703297
0 0.5985178727114211 0.5460164835164835 0.05492589363557106 0.023351648351648352
2 0.7545771578029643 0.5467032967032966 0.02702702702702703 0.02197802197802198
0 0.6203138622493461 0.5831043956043956 0.1037489102005231 0.034340659340659344
2 0.7537053182214473 0.5837912087912088 0.02877070619006103 0.02197802197802198
0 0.8609415867480383 0.5906593406593407 0.11769834350479512 0.03296703296703297
0 0.35527462946817784 0.5940934065934066 0.11072362685265912 0.028846153846153848
0 0.1059285091543156 0.6188186813186813 0.13862249346120314 0.03159340659340659
0 0.8735832606800349 0.6346153846153846 0.14298169136878813 0.03021978021978022
2 0.976460331299041 0.6353021978021978 0.020924149956408022 0.0260989010989011
0 0.37271142109851785 0.6565934065934066 0.14734088927637315 0.03021978021978022
2 0.474716652136007 0.657967032967033 0.02702702702702703 0.02197802197802198
2 0.5174367916303401 0.657967032967033 0.025283347863993024 0.02197802197802198
0 0.8382737576285963 0.6792582417582418 0.07236268526591107 0.0260989010989011
0 0.6137750653879687 0.7142857142857143 0.08892763731473409 0.03296703296703297
0 0.11551874455100261 0.6881868131868132 0.16129032258064516 0.03296703296703297
2 0.7545771578029643 0.7156593406593407 0.02702702702702703 0.02197802197802198
0 0.8435047951176984 0.728021978021978 0.08282476024411509 0.03296703296703297
0 0.10897994768962511 0.7568681318681318 0.14646904969485613 0.03571428571428571
0 0.8304272013949433 0.7726648351648352 0.05666957279860506 0.0260989010989011
0 0.36094158674803833 0.7774725274725275 0.12031386224934612 0.03021978021978022
0 0.6508282476024412 0.7781593406593407 0.16303400174367916 0.034340659340659344
0 0.8395815170008718 0.8221153846153846 0.07323452484742807 0.03708791208791209
0 0.1011333914559721 0.8241758241758241 0.12903225806451613 0.027472527472527472
0 0.37314734088927637 0.8406593406593407 0.14123801220575413 0.03296703296703297
2 0.47515257192676547 0.8434065934065934 0.02789886660854403 0.02197802197802198
2 0.519180470793374 0.842032967032967 0.02877070619006103 0.024725274725274724
0 0.6403661726242371 0.8468406593406593 0.14385353095030515 0.03159340659340659
2 0.7545771578029643 0.8461538461538461 0.02702702702702703 0.02197802197802198
0 0.8648648648648649 0.8667582417582418 0.12554489973844812 0.03021978021978022
0 0.1006974716652136 0.8949175824175825 0.12816041848299914 0.034340659340659344
0 0.38230165649520487 0.8990384615384616 0.16303400174367916 0.034340659340659344
0 0.6159546643417612 0.9120879120879121 0.09328683522231909 0.03021978021978022
2 0.7545771578029643 0.9120879120879121 0.02702702702702703 0.02197802197802198
0 0.8653007846556233 0.9114010989010989 0.12641673931996514 0.03159340659340659
2 0.9768962510897995 0.9134615384615384 0.018308631211857017 0.024725274725274724
2 0.21490845684394072 0.35027472527472525 0.03225806451612903 0.024725274725274724
2 0.25152571926765477 0.27884615384615385 0.03225806451612903 0.024725274725274724
2 0.2140366172624237 0.4223901098901099 0.03225806451612903 0.023351648351648352
2 0.21490845684394072 0.27953296703296704 0.03225806451612903 0.023351648351648352
2 0.25326939843068874 0.4223901098901099 0.03225806451612903 0.023351648351648352
2 0.2506538796861377 0.35096153846153844 0.03225806451612903 0.023351648351648352
2 0.25501307759372277 0.49381868131868134 0.03225806451612903 0.023351648351648352
2 0.5161290322580645 0.28983516483516486 0.02789886660854403 0.02197802197802198
2 0.47515257192676547 0.29120879120879123 0.02789886660854403 0.02197802197802198
2 0.21490845684394072 0.6215659340659341 0.03225806451612903 0.023351648351648352
1 0.15213600697471666 0.29120879120879123 0.22929380993897122 0.06043956043956044
1 0.15300784655623365 0.5006868131868132 0.23452484742807322 0.05631868131868132
1 0.15475152571926765 0.4333791208791209 0.23452484742807322 0.05631868131868132
1 0.15387968613775066 0.36195054945054944 0.23452484742807322 0.05631868131868132
2 0.21665213600697472 0.7589285714285714 0.03225806451612903 0.023351648351648352
2 0.25326939843068874 0.6916208791208791 0.03225806451612903 0.023351648351648352
2 0.25326939843068874 0.6229395604395604 0.03225806451612903 0.023351648351648352
2 0.2175239755884917 0.6902472527472527 0.03225806451612903 0.023351648351648352
2 0.25326939843068874 0.7589285714285714 0.03225806451612903 0.023351648351648352
2 0.2175239755884917 0.8276098901098901 0.03225806451612903 0.023351648351648352
2 0.25326939843068874 0.8276098901098901 0.03225806451612903 0.023351648351648352
2 0.21665213600697472 0.8949175824175825 0.03225806451612903 0.023351648351648352
2 0.25239755884917175 0.8962912087912088 0.03225806451612903 0.023351648351648352
1 0.15300784655623365 0.6311813186813187 0.23452484742807322 0.059065934065934064
1 0.15213600697471666 0.7012362637362637 0.23452484742807322 0.059065934065934064
1 0.15213600697471666 0.7685439560439561 0.23452484742807322 0.059065934065934064
1 0.15387968613775066 0.8372252747252747 0.23452484742807322 0.059065934065934064
1 0.15300784655623365 0.9059065934065934 0.23452484742807322 0.059065934065934064
2 0.475588491717524 0.7788461538461539 0.02877070619006103 0.024725274725274724
2 0.519180470793374 0.7802197802197802 0.02877070619006103 0.024725274725274724
1 0.4163034001743679 0.7891483516483516 0.23452484742807322 0.05357142857142857
1 0.4154315605928509 0.6730769230769231 0.23452484742807322 0.06318681318681318
1 0.4189189189189189 0.8482142857142857 0.23452484742807322 0.05357142857142857
2 0.475588491717524 0.5989010989010989 0.02702702702702703 0.02197802197802198
2 0.5174367916303401 0.5398351648351648 0.02877070619006103 0.024725274725274724
2 0.475588491717524 0.5398351648351648 0.02702702702702703 0.02197802197802198
2 0.515693112467306 0.5975274725274725 0.02702702702702703 0.02197802197802198
2 0.516564952048823 0.4807692307692308 0.02877070619006103 0.024725274725274724
2 0.476460331299041 0.4807692307692308 0.02877070619006103 0.024725274725274724
1 0.4163034001743679 0.29876373626373626 0.23278116826503922 0.050824175824175824
1 0.41368788142981694 0.3646978021978022 0.22929380993897122 0.05357142857142857
1 0.4149956408020924 0.426510989010989 0.23016564952048824 0.05357142857142857
1 0.4154315605928509 0.4883241758241758 0.23278116826503922 0.050824175824175824
1 0.4145597210113339 0.5487637362637363 0.23278116826503922 0.050824175824175824
1 0.4145597210113339 0.6078296703296703 0.23278116826503922 0.050824175824175824
1 0.6687009590235397 0.29464285714285715 0.2005231037489102 0.05357142857142857
1 0.6695727986050567 0.34958791208791207 0.2040104620749782 0.050824175824175824
1 0.6678291194420227 0.46016483516483514 0.1970357454228422 0.04945054945054945
1 0.6687009590235397 0.5082417582417582 0.2005231037489102 0.03021978021978022
1 0.6687009590235397 0.5460164835164835 0.1987794245858762 0.0260989010989011
1 0.6678291194420227 0.5940934065934066 0.2005231037489102 0.05631868131868132
2 0.7554489973844812 0.7802197802197802 0.02702702702702703 0.02197802197802198
1 0.6682650392327811 0.7259615384615384 0.1996512641673932 0.05631868131868132
1 0.6682650392327811 0.7850274725274725 0.1996512641673932 0.05631868131868132
1 0.6673931996512642 0.8523351648351648 0.1996512641673932 0.05631868131868132
1 0.6713164777680907 0.9230769230769231 0.2040104620749782 0.0521978021978022
2 0.9760244115082825 0.7293956043956044 0.018308631211857017 0.024725274725274724
2 0.9760244115082825 0.7760989010989011 0.018308631211857017 0.024725274725274724
2 0.9768962510897995 0.8214285714285714 0.018308631211857017 0.024725274725274724
2 0.9768962510897995 0.8681318681318682 0.018308631211857017 0.024725274725274724
2 0.9760244115082825 0.6840659340659341 0.018308631211857017 0.024725274725274724
2 0.9760244115082825 0.5927197802197802 0.016564952048823016 0.0260989010989011
2 0.977332170880558 0.5446428571428571 0.01918047079337402 0.023351648351648352
1 0.8949433304272014 0.4945054945054945 0.1857018308631212 0.03021978021978022
1 0.8949433304272014 0.5439560439560439 0.1857018308631212 0.03021978021978022
1 0.8940714908456844 0.5906593406593407 0.1857018308631212 0.03021978021978022
1 0.8949433304272014 0.635989010989011 0.1857018308631212 0.03021978021978022
1 0.8931996512641673 0.6826923076923077 0.1857018308631212 0.03021978021978022
1 0.8945074106364429 0.823489010989011 0.18308631211857018 0.03983516483516483
1 0.8940714908456844 0.7733516483516484 0.1857018308631212 0.03021978021978022
1 0.8949433304272014 0.7287087912087912 0.1857018308631212 0.034340659340659344
1 0.8949433304272014 0.8688186813186813 0.1857018308631212 0.03159340659340659
1 0.8958151700087184 0.9134615384615384 0.1857018308631212 0.03296703296703297
1 0.8949433304272014 0.31387362637362637 0.1857018308631212 0.050824175824175824
1 0.8940714908456844 0.38118131868131866 0.1857018308631212 0.050824175824175824
