0 0.6763285024154589 0.37447916666666664 0.13043478260869565 0.028125
2 0.8534621578099839 0.375 0.061191626409017714 0.022916666666666665
0 0.6815619967793881 0.4119791666666667 0.14251207729468598 0.034375
2 0.8542673107890499 0.41041666666666665 0.05958132045088567 0.022916666666666665
0 0.1215780998389694 0.4359375 0.17713365539452497 0.030208333333333334
2 0.26570048309178745 0.4354166666666667 0.05958132045088567 0.025
0 0.6823671497584541 0.44479166666666664 0.14251207729468598 0.029166666666666667
2 0.855877616747182 0.44583333333333336 0.06280193236714976 0.022916666666666665
0 0.08856682769726248 0.47552083333333334 0.1111111111111111 0.030208333333333334
2 0.26570048309178745 0.4739583333333333 0.05958132045088567 0.025
0 0.6690821256038647 0.48125 0.1143317230273752 0.03125
2 0.855877616747182 0.48072916666666665 0.06280193236714976 0.023958333333333335
0 0.08856682769726248 0.5140625 0.1111111111111111 0.028125
2 0.26610305958132047 0.5135416666666667 0.05877616747181964 0.025
0 0.6513687600644122 0.5166666666666667 0.07890499194847021 0.027083333333333334
2 0.855072463768116 0.5166666666666667 0.0644122383252818 0.022916666666666665
0 0.0853462157809984 0.5520833333333334 0.10466988727858294 0.029166666666666667
2 0.26570048309178745 0.5515625 0.05958132045088567 0.023958333333333335
0 0.10104669887278583 0.5911458333333334 0.1360708534621578 0.026041666666666668
2 0.26570048309178745 0.5916666666666667 0.05958132045088567 0.025
0 0.09500805152979067 0.6296875 0.12399355877616747 0.026041666666666668
2 0.26570048309178745 0.6307291666666667 0.05958132045088567 0.023958333333333335
0 0.11714975845410629 0.6713541666666667 0.1682769726247987 0.028125
2 0.26570048309178745 0.6692708333333334 0.05958132045088567 0.023958333333333335
0 0.6360708534621579 0.6880208333333333 0.20128824476650564 0.028125
0 0.11513687600644122 0.7078125 0.16264090177133655 0.028125
2 0.26610305958132047 0.709375 0.05877616747181964 0.022916666666666665
0 0.6264090177133655 0.7234375 0.1819645732689211 0.028125
2 0.7753623188405797 0.7234375 0.061191626409017714 0.023958333333333335
0 0.11714975845410629 0.7494791666666667 0.16666666666666666 0.030208333333333334
2 0.26570048309178745 0.7484375 0.05958132045088567 0.023958333333333335
0 0.8385668276972624 0.7729166666666667 0.036231884057971016 0.027083333333333334
2 0.9528985507246377 0.7744791666666667 0.05877616747181964 0.026041666666666668
0 0.06843800322061191 0.7859375 0.07085346215780998 0.028125
2 0.26610305958132047 0.7875 0.06038647342995169 0.025
0 0.8611111111111112 0.8166666666666667 0.08293075684380032 0.03125
2 0.9528985507246377 0.8151041666666666 0.05877616747181964 0.026041666666666668
0 0.08132045088566828 0.8255208333333334 0.09500805152979067 0.026041666666666668
2 0.26811594202898553 0.8260416666666667 0.0644122383252818 0.025
0 0.08574879227053141 0.8661458333333333 0.107085346215781 0.028125
2 0.26811594202898553 0.865625 0.06602254428341385 0.029166666666666667
0 0.855877616747182 0.9005208333333333 0.07085346215780998 0.028125
2 0.9528985507246377 0.8984375 0.05877616747181964 0.023958333333333335
0 0.08977455716586151 0.9067708333333333 0.11352657004830918 0.028125
2 0.26811594202898553 0.9052083333333333 0.0644122383252818 0.025
0 0.8655394524959742 0.9395833333333333 0.09822866344605476 0.03333333333333333
0 0.8651368760064412 0.8557291666666667 0.09259259259259259 0.030208333333333334
1 0.1642512077294686 0.4359375 0.2608695652173913 0.03229166666666667
1 0.16143317230273752 0.5901041666666667 0.2632850241545894 0.028125
1 0.16304347826086957 0.5140625 0.2665056360708535 0.030208333333333334
1 0.16465378421900162 0.5510416666666667 0.2648953301127214 0.03125
1 0.16344605475040258 0.4765625 0.26247987117552335 0.028125
1 0.1642512077294686 0.6286458333333333 0.2640901771336554 0.026041666666666668
1 0.16465378421900162 0.671875 0.2648953301127214 0.027083333333333334
1 0.1638486312399356 0.7083333333333334 0.2632850241545894 0.027083333333333334
1 0.16344605475040258 0.7489583333333333 0.26247987117552335 0.03333333333333333
1 0.16465378421900162 0.7854166666666667 0.2665056360708535 0.03125
1 0.16626409017713364 0.8265625 0.26811594202898553 0.026041666666666668
1 0.16666666666666666 0.8661458333333333 0.2721417069243156 0.028125
1 0.1682769726247987 0.9046875 0.27053140096618356 0.030208333333333334
2 0.7761674718196457 0.6869791666666667 0.061191626409017714 0.023958333333333335
1 0.6714975845410628 0.6864583333333333 0.2721417069243156 0.027083333333333334
1 0.6706924315619968 0.721875 0.2721417069243156 0.027083333333333334
2 0.9537037037037037 0.9390625 0.05877616747181964 0.026041666666666668
2 0.9528985507246377 0.8567708333333334 0.05877616747181964 0.026041666666666668
1 0.9005636070853462 0.7729166666666667 0.16183574879227053 0.027083333333333334
1 0.9005636070853462 0.8171875 0.16505636070853463 0.03229166666666667
1 0.9001610305958132 0.8572916666666667 0.1642512077294686 0.029166666666666667
1 0.8997584541062802 0.9 0.16183574879227053 0.027083333333333334
1 0.8989533011272142 0.9390625 0.1682769726247987 0.034375
1 0.7471819645732689 0.37447916666666664 0.2753623188405797 0.028125
1 0.7479871175523349 0.4453125 0.2753623188405797 0.028125
1 0.748792270531401 0.4786458333333333 0.27697262479871176 0.034375
1 0.749194847020934 0.5151041666666667 0.27616747181964574 0.03229166666666667
1 0.7479871175523349 0.40989583333333335 0.2753623188405797 0.036458333333333336
