0 0.21226415094339623 0.145263671875 0.12950257289879932 0.01416015625
0 0.6985420240137221 0.150390625 0.2770154373927959 0.0166015625
0 0.18696397941680962 0.16162109375 0.08404802744425385 0.015625
0 0.6312178387650086 0.165771484375 0.15780445969125215 0.01513671875
0 0.21012006861063465 0.178466796875 0.12521440823327615 0.01513671875
0 0.6007718696397941 0.181640625 0.08833619210977701 0.015625
0 0.21054888507718697 0.193603515625 0.1346483704974271 0.01318359375
0 0.5999142367066895 0.1982421875 0.08662092624356775 0.0146484375
0 0.18825042881646656 0.211181640625 0.09691252144082332 0.01416015625
0 0.6157804459691252 0.214599609375 0.1183533447684391 0.01611328125
0 0.25900514579759865 0.227783203125 0.25728987993138935 0.01611328125
0 0.5887650085763293 0.22998046875 0.06946826758147513 0.013671875
0 0.24056603773584906 0.242919921875 0.21869639794168097 0.01416015625
0 0.5879073756432247 0.246826171875 0.06946826758147513 0.01416015625
0 0.2307032590051458 0.260009765625 0.2058319039451115 0.01611328125
0 0.6316466552315609 0.263427734375 0.1569468267581475 0.01611328125
0 0.24099485420240138 0.276611328125 0.2281303602058319 0.01611328125
0 0.6003430531732419 0.280029296875 0.09433962264150944 0.01416015625
0 0.23542024013722126 0.292724609375 0.21526586620926244 0.01611328125
0 0.6084905660377359 0.29736328125 0.10891938250428816 0.0166015625
0 0.2611492281303602 0.309814453125 0.2667238421955403 0.01806640625
0 0.6029159519725558 0.314453125 0.09777015437392796 0.0185546875
0 0.6170668953687821 0.331787109375 0.12435677530017153 0.01416015625
0 0.6265008576329331 0.347900390625 0.1483704974271012 0.01513671875
0 0.6475128644939966 0.36572265625 0.19210977701543738 0.015625
0 0.1513722126929674 0.378173828125 0.10548885077186965 0.01611328125
0 0.6753859348198971 0.3837890625 0.24614065180102915 0.013671875
0 0.17667238421955403 0.39599609375 0.16123499142367068 0.015625
0 0.6483704974271012 0.400390625 0.19210977701543738 0.015625
0 0.15523156089193826 0.412109375 0.11663807890222985 0.0166015625
0 0.6007718696397941 0.41748046875 0.09862778730703259 0.0166015625
0 0.16037735849056603 0.430419921875 0.1269296740994854 0.01904296875
0 0.6410806174957119 0.435302734375 0.1843910806174957 0.01611328125
0 0.24871355060034306 0.44921875 0.313893653516295 0.017578125
0 0.6084905660377359 0.454833984375 0.120926243567753 0.01806640625
0 0.2658662092624357 0.468017578125 0.3481989708404803 0.01708984375
0 0.6132075471698113 0.470947265625 0.13036020583190394 0.01513671875
0 0.18524871355060035 0.486083984375 0.19039451114922812 0.02001953125
0 0.5986277873070326 0.48828125 0.09777015437392796 0.0146484375
0 0.18867924528301888 0.503662109375 0.20240137221269297 0.01708984375
0 0.6556603773584906 0.506591796875 0.21355060034305318 0.01416015625
0 0.19939965694682676 0.521728515625 0.22898799313893653 0.01806640625
0 0.14965694682675815 0.54052734375 0.13807890222984562 0.015625
0 0.16852487135506003 0.558837890625 0.17066895368782162 0.01708984375
0 0.5891938250428816 0.5771484375 0.07890222984562607 0.015625
0 0.5771869639794168 0.596435546875 0.06174957118353345 0.01416015625
0 0.5797598627787307 0.61279296875 0.06518010291595197 0.0166015625
0 0.17195540308747856 0.633056640625 0.19296740994854203 0.01708984375
0 0.5951972555746141 0.63232421875 0.09948542024013722 0.0166015625
0 0.21269296740994853 0.652587890625 0.2830188679245283 0.01708984375
0 0.6333619210977701 0.65283203125 0.17409948542024015 0.0185546875
0 0.17710120068610635 0.671142578125 0.20497427101200685 0.01806640625
0 0.6123499142367067 0.669921875 0.13379073756432247 0.0166015625
0 0.20797598627787306 0.68994140625 0.27530017152658665 0.017578125
0 0.5973413379073756 0.689697265625 0.10377358490566038 0.01611328125
0 0.11449399656946826 0.710693359375 0.09176672384219554 0.01708984375
0 0.5823327615780446 0.7109375 0.07375643224699828 0.017578125
0 0.1620926243567753 0.728759765625 0.19725557461406518 0.01708984375
0 0.6149228130360206 0.72998046875 0.1423670668953688 0.0185546875
0 0.24056603773584906 0.749755859375 0.3507718696397942 0.01708984375
0 0.7225557461406518 0.751220703125 0.36963979416809606 0.01611328125
0 0.15480274442538594 0.7685546875 0.18096054888507718 0.0185546875
0 0.6273584905660378 0.770751953125 0.1758147512864494 0.01806640625
0 0.6989708404802745 0.790283203125 0.31217838765008576 0.02001953125
2 0.30831903945111494 0.768798828125 0.12264150943396226 0.01708984375
2 0.4506861063464837 0.74853515625 0.054030874785591765 0.015625
2 0.2864493996569468 0.72900390625 0.05317324185248713 0.015625
2 0.1895368782161235 0.71044921875 0.05317324185248713 0.015625
2 0.37221269296740994 0.69091796875 0.05317324185248713 0.015625
2 0.3053173241852487 0.67041015625 0.05317324185248713 0.015625
2 0.29759862778730706 0.6328125 0.05317324185248713 0.015625
2 0.3816466552315609 0.65234375 0.05317324185248713 0.015625
1 0.21655231560891938 0.768798828125 0.30617495711835335 0.01904296875
1 0.20025728987993138 0.633056640625 0.25300171526586623 0.01904296875
1 0.24013722126929674 0.65283203125 0.33962264150943394 0.01953125
1 0.2036878216123499 0.670654296875 0.2564322469982847 0.01611328125
1 0.2332761578044597 0.689697265625 0.33104631217838765 0.01806640625
1 0.1427958833619211 0.70947265625 0.15180102915951973 0.017578125
1 0.18867924528301888 0.728271484375 0.2504288164665523 0.01708984375
1 0.2718696397941681 0.7490234375 0.41509433962264153 0.0185546875
2 0.2800171526586621 0.559814453125 0.04888507718696398 0.01611328125
2 0.31432246998284735 0.503173828125 0.04888507718696398 0.01611328125
2 0.338336192109777 0.522216796875 0.04888507718696398 0.01611328125
2 0.24313893653516294 0.540283203125 0.04888507718696398 0.01611328125
2 0.3027444253859348 0.4853515625 0.03945111492281304 0.015625
2 0.47041166380789023 0.469970703125 0.04888507718696398 0.01611328125
2 0.4318181818181818 0.449951171875 0.04888507718696398 0.01611328125
2 0.25514579759862777 0.43017578125 0.060891938250428816 0.0166015625
2 0.282590051457976 0.395751953125 0.04888507718696398 0.01611328125
2 0.24571183533447685 0.41162109375 0.060891938250428816 0.0166015625
2 0.2307032590051458 0.3779296875 0.044596912521440824 0.0146484375
1 0.22298456260720412 0.37841796875 0.2521440823327616 0.015625
1 0.2028301886792453 0.39599609375 0.21012006861063465 0.0166015625
1 0.18610634648370497 0.41162109375 0.18181818181818182 0.015625
1 0.1916809605488851 0.4306640625 0.19639794168096056 0.0185546875
1 0.27315608919382506 0.44970703125 0.362778730703259 0.0185546875
1 0.2928816466552316 0.468505859375 0.4039451114922813 0.01904296875
1 0.2585763293310463 0.48486328125 0.33704974271012006 0.0185546875
1 0.21355060034305318 0.50439453125 0.2555746140651801 0.0166015625
1 0.22427101200686106 0.5224609375 0.2804459691252144 0.0185546875
1 0.1753859348198971 0.541259765625 0.1895368782161235 0.01806640625
1 0.19296740994854203 0.559326171875 0.22126929674099485 0.01806640625
2 0.7817324185248714 0.506591796875 0.03516295025728988 0.01513671875
2 0.6916809605488851 0.45361328125 0.045454545454545456 0.015625
2 0.6968267581475128 0.471435546875 0.03516295025728988 0.01513671875
2 0.66852487135506 0.489013671875 0.03516295025728988 0.01513671875
2 0.6736706689536878 0.41845703125 0.045454545454545456 0.015625
2 0.7568610634648371 0.43603515625 0.045454545454545456 0.015625
2 0.8194682675814752 0.3837890625 0.045454545454545456 0.015625
2 0.766295025728988 0.400390625 0.045454545454545456 0.015625
2 0.7251286449399656 0.34765625 0.045454545454545456 0.015625
2 0.7671526586620926 0.36669921875 0.045454545454545456 0.015625
2 0.7002572898799314 0.33203125 0.045454545454545456 0.015625
2 0.6736706689536878 0.31494140625 0.045454545454545456 0.015625
2 0.6856775300171527 0.29736328125 0.045454545454545456 0.015625
2 0.6676672384219554 0.279296875 0.045454545454545456 0.015625
2 0.7319897084048027 0.26416015625 0.045454545454545456 0.015625
2 0.6445111492281304 0.248046875 0.045454545454545456 0.015625
2 0.6445111492281304 0.2294921875 0.045454545454545456 0.015625
2 0.41895368782161235 0.3095703125 0.045454545454545456 0.015625
1 0.6728130360205832 0.506103515625 0.25300171526586623 0.01513671875
1 0.6153516295025729 0.488525390625 0.13807890222984562 0.01611328125
1 0.6320754716981132 0.471923828125 0.16638078902229847 0.01611328125
1 0.6316466552315609 0.453369140625 0.16552315608919382 0.01708984375
1 0.6655231560891939 0.435546875 0.23156089193825044 0.0166015625
1 0.6247855917667239 0.41796875 0.1483704974271012 0.0205078125
1 0.6693825042881647 0.400390625 0.23927958833619212 0.017578125
1 0.6972555746140652 0.3837890625 0.2933104631217839 0.0146484375
1 0.6719554030874786 0.3662109375 0.24099485420240138 0.017578125
1 0.6500857632933105 0.34716796875 0.1955403087478559 0.0146484375
1 0.6393653516295026 0.3310546875 0.17238421955403088 0.0146484375
1 0.6252144082332761 0.314208984375 0.1423670668953688 0.01611328125
1 0.6307890222984562 0.297119140625 0.15866209262435677 0.01708984375
1 0.62221269296741 0.279541015625 0.14150943396226415 0.01416015625
1 0.6539451114922813 0.263427734375 0.20154373927958832 0.01806640625
1 0.611492281303602 0.2470703125 0.11149228130360206 0.015625
1 0.28430531732418524 0.310791015625 0.31475128644939965 0.01904296875
2 0.66852487135506 0.18212890625 0.045454545454545456 0.015625
2 0.6676672384219554 0.1982421875 0.045454545454545456 0.015625
2 0.7002572898799314 0.21533203125 0.045454545454545456 0.015625
2 0.7345626072041166 0.166015625 0.04716981132075472 0.0146484375
2 0.8589193825042881 0.15087890625 0.045454545454545456 0.015625
2 0.298885077186964 0.14501953125 0.045454545454545456 0.015625
2 0.29545454545454547 0.17822265625 0.045454545454545456 0.015625
2 0.2542881646655232 0.1611328125 0.045454545454545456 0.015625
2 0.29802744425385935 0.193359375 0.045454545454545456 0.015625
2 0.25943396226415094 0.2119140625 0.045454545454545456 0.015625
2 0.40866209262435677 0.2265625 0.045454545454545456 0.015625
2 0.3683533447684391 0.2431640625 0.045454545454545456 0.015625
2 0.3649228130360206 0.2919921875 0.045454545454545456 0.015625
2 0.3786449399656947 0.27685546875 0.045454545454545456 0.015625
2 0.35377358490566035 0.2587890625 0.045454545454545456 0.015625
1 0.611492281303602 0.2294921875 0.11492281303602059 0.013671875
1 0.6406518010291595 0.21484375 0.16981132075471697 0.015625
1 0.6243567753001715 0.197509765625 0.13550600343053174 0.01611328125
1 0.6247855917667239 0.1826171875 0.1346483704974271 0.017578125
1 0.7225557461406518 0.149658203125 0.32847341337907376 0.01611328125
1 0.6552315608919382 0.166015625 0.2058319039451115 0.0166015625
1 0.28173241852487135 0.2265625 0.3078902229845626 0.017578125
1 0.25900514579759865 0.29248046875 0.2607204116638079 0.0146484375
1 0.2645797598627787 0.276611328125 0.2770154373927959 0.01611328125
1 0.25171526586620924 0.259521484375 0.24957118353344768 0.01611328125
1 0.2611492281303602 0.242919921875 0.26500857632933106 0.01513671875
1 0.2118353344768439 0.2119140625 0.14751286449399656 0.0166015625
1 0.23113207547169812 0.1943359375 0.17753001715265868 0.015625
1 0.2332761578044597 0.17919921875 0.1732418524871355 0.015625
1 0.2118353344768439 0.161376953125 0.13550600343053174 0.01513671875
1 0.23499142367066894 0.145751953125 0.1732418524871355 0.01611328125
2 0.3979416809605489 0.485595703125 0.051457975986277875 0.01318359375
2 0.32246998284734135 0.378662109375 0.04974271012006861 0.01611328125
