0 0.6305555555555555 0.11354166666666667 0.19444444444444445 0.035416666666666666
0 0.6145833333333334 0.19010416666666666 0.2875 0.109375
2 0.7152777777777778 0.2328125 0.18333333333333332 0.06145833333333333
0 0.32430555555555557 0.3880208333333333 0.18194444444444444 0.028125
2 0.8201388888888889 0.37395833333333334 0.04583333333333333 0.016666666666666666
0 0.3541666666666667 0.4197916666666667 0.2361111111111111 0.027083333333333334
2 0.8194444444444444 0.40729166666666666 0.044444444444444446 0.016666666666666666
0 0.3861111111111111 0.45 0.2916666666666667 0.027083333333333334
2 0.8201388888888889 0.4395833333333333 0.04583333333333333 0.016666666666666666
0 0.39375 0.48020833333333335 0.30416666666666664 0.027083333333333334
2 0.81875 0.4708333333333333 0.04583333333333333 0.014583333333333334
0 0.36666666666666664 0.5114583333333333 0.25 0.027083333333333334
2 0.8215277777777777 0.503125 0.04583333333333333 0.016666666666666666
0 0.36875 0.5421875 0.24583333333333332 0.021875
2 0.8201388888888889 0.5322916666666667 0.04583333333333333 0.016666666666666666
0 0.3576388888888889 0.5708333333333333 0.22083333333333333 0.025
2 0.8208333333333333 0.5635416666666667 0.044444444444444446 0.016666666666666666
0 0.33611111111111114 0.6010416666666667 0.16111111111111112 0.022916666666666665
2 0.8201388888888889 0.5947916666666667 0.04583333333333333 0.016666666666666666
0 0.3819444444444444 0.6286458333333333 0.24722222222222223 0.021875
2 0.8215277777777777 0.6260416666666667 0.043055555555555555 0.016666666666666666
0 0.38125 0.6557291666666667 0.2375 0.021875
2 0.8243055555555555 0.6546875 0.04583333333333333 0.015625
0 0.4097222222222222 0.6859375 0.2833333333333333 0.023958333333333335
2 0.8208333333333333 0.6854166666666667 0.044444444444444446 0.016666666666666666
0 0.3715277777777778 0.75625 0.24583333333333332 0.027083333333333334
2 0.5875 0.7572916666666667 0.058333333333333334 0.01875
0 0.40069444444444446 0.7838541666666666 0.2986111111111111 0.021875
0 0.35138888888888886 0.8135416666666667 0.2 0.025
0 0.30486111111111114 0.8447916666666667 0.10138888888888889 0.022916666666666665
2 0.5930555555555556 0.8145833333333333 0.058333333333333334 0.01875
2 0.5875 0.8427083333333333 0.058333333333333334 0.01875
2 0.5902777777777778 0.7864583333333334 0.058333333333333334 0.01875
1 0.4326388888888889 0.7557291666666667 0.3680555555555556 0.030208333333333334
1 0.4361111111111111 0.7833333333333333 0.36944444444444446 0.025
1 0.4375 0.8135416666666667 0.375 0.027083333333333334
1 0.43680555555555556 0.8427083333333333 0.36527777777777776 0.020833333333333332
1 0.5375 0.3828125 0.6111111111111112 0.034375
1 0.5395833333333333 0.41510416666666666 0.6125 0.030208333333333334
1 0.5416666666666666 0.4479166666666667 0.6083333333333333 0.03125
1 0.5402777777777777 0.47760416666666666 0.6055555555555555 0.030208333333333334
1 0.5444444444444444 0.5072916666666667 0.6055555555555555 0.029166666666666667
1 0.5430555555555555 0.5380208333333333 0.6 0.03229166666666667
1 0.5458333333333333 0.5697916666666667 0.5972222222222222 0.027083333333333334
1 0.5493055555555556 0.5979166666666667 0.5902777777777778 0.029166666666666667
1 0.5527777777777778 0.6276041666666666 0.5888888888888889 0.026041666666666668
1 0.5555555555555556 0.6541666666666667 0.5861111111111111 0.027083333333333334
1 0.5555555555555556 0.6854166666666667 0.575 0.022916666666666665
1 0.6381944444444444 0.18020833333333333 0.3375 0.17083333333333334
