0 0.6458333333333334 0.2390625 0.16944444444444445 0.026041666666666668
0 0.29444444444444445 0.240625 0.2611111111111111 0.027083333333333334
0 0.6597222222222222 0.2713541666666667 0.20277777777777778 0.023958333333333335
0 0.2833333333333333 0.27395833333333336 0.23333333333333334 0.025
0 0.7041666666666667 0.3046875 0.2916666666666667 0.026041666666666668
0 0.34930555555555554 0.30833333333333335 0.3625 0.025
0 0.6576388888888889 0.3380208333333333 0.19583333333333333 0.023958333333333335
0 0.28194444444444444 0.34270833333333334 0.2222222222222222 0.022916666666666665
0 0.2263888888888889 0.37552083333333336 0.10555555555555556 0.023958333333333335
0 0.7118055555555556 0.365625 0.30416666666666664 0.029166666666666667
0 0.6743055555555556 0.4036458333333333 0.23194444444444445 0.026041666666666668
0 0.28055555555555556 0.4088541666666667 0.20833333333333334 0.023958333333333335
0 0.6770833333333334 0.434375 0.2375 0.027083333333333334
0 0.29097222222222224 0.440625 0.23194444444444445 0.027083333333333334
0 0.6763888888888889 0.4671875 0.2388888888888889 0.026041666666666668
0 0.30069444444444443 0.47291666666666665 0.24861111111111112 0.022916666666666665
0 0.35833333333333334 0.5026041666666666 0.35833333333333334 0.028125
0 0.69375 0.53125 0.2652777777777778 0.027083333333333334
0 0.22847222222222222 0.5369791666666667 0.09027777777777778 0.021875
0 0.6430555555555556 0.5619791666666667 0.1638888888888889 0.026041666666666668
0 0.28541666666666665 0.5677083333333334 0.20416666666666666 0.022916666666666665
0 0.6638888888888889 0.5921875 0.2111111111111111 0.023958333333333335
0 0.34930555555555554 0.5973958333333333 0.3236111111111111 0.023958333333333335
0 0.7298611111111111 0.625 0.34305555555555556 0.025
0 0.34791666666666665 0.6286458333333333 0.31805555555555554 0.023958333333333335
0 0.6388888888888888 0.6557291666666667 0.15833333333333333 0.021875
0 0.35347222222222224 0.6609375 0.3236111111111111 0.026041666666666668
0 0.29930555555555555 0.6911458333333333 0.21805555555555556 0.023958333333333335
0 0.6868055555555556 0.49635416666666665 0.2513888888888889 0.028125
