0 0.26795580110497236 0.430908203125 0.21823204419889503 0.02001953125
2 0.5379834254143646 0.431396484375 0.05386740331491713 0.02001953125
2 0.6439917127071824 0.431396484375 0.05593922651933702 0.02001953125
0 0.23653314917127072 0.455810546875 0.15538674033149172 0.02001953125
2 0.537292817679558 0.455322265625 0.052486187845303865 0.01904296875
2 0.6439917127071824 0.455810546875 0.05593922651933702 0.02001953125
0 0.2569060773480663 0.48095703125 0.19751381215469613 0.0234375
2 0.5379834254143646 0.479248046875 0.05386740331491713 0.02001953125
2 0.6439917127071824 0.47998046875 0.05593922651933702 0.0185546875
0 0.4882596685082873 0.6064453125 0.19060773480662985 0.021484375
2 0.7720994475138122 0.6064453125 0.05386740331491713 0.0185546875
2 0.8794889502762431 0.6064453125 0.05593922651933702 0.0185546875
0 0.517610497237569 0.632568359375 0.24930939226519336 0.02392578125
2 0.7720994475138122 0.630615234375 0.05386740331491713 0.02001953125
2 0.8787983425414365 0.630615234375 0.054558011049723756 0.02001953125
0 0.43577348066298344 0.655029296875 0.08701657458563536 0.02294921875
2 0.773135359116022 0.654541015625 0.05593922651933702 0.01904296875
2 0.8794889502762431 0.655029296875 0.05593922651933702 0.02001953125
0 0.21857734806629833 0.728515625 0.22582872928176795 0.025390625
2 0.5428176795580111 0.726806640625 0.05386740331491713 0.02001953125
0 0.19164364640883977 0.750732421875 0.17196132596685082 0.02099609375
2 0.5417817679558011 0.751708984375 0.05593922651933702 0.02001953125
0 0.19267955801104972 0.7744140625 0.17403314917127072 0.021484375
2 0.5417817679558011 0.775146484375 0.05593922651933702 0.02001953125
0 0.23031767955801105 0.799072265625 0.2506906077348066 0.02978515625
2 0.5417817679558011 0.799560546875 0.05593922651933702 0.02001953125
1 0.4150552486187845 0.43115234375 0.5124309392265194 0.01953125
1 0.41401933701657456 0.455322265625 0.5145027624309392 0.02294921875
1 0.4150552486187845 0.479736328125 0.5179558011049724 0.02490234375
1 0.649171270718232 0.606689453125 0.5151933701657458 0.02197265625
1 0.6498618784530387 0.631103515625 0.5151933701657458 0.02197265625
1 0.649171270718232 0.655029296875 0.5151933701657458 0.02197265625
1 0.33736187845303867 0.7275390625 0.4633977900552486 0.025390625
1 0.3370165745856354 0.751953125 0.46685082872928174 0.0234375
1 0.33667127071823205 0.77490234375 0.4647790055248619 0.021484375
1 0.33598066298342544 0.80029296875 0.4675414364640884 0.0302734375
