2 0.63125 0.10714285714285714 0.028125 0.01868131868131868
0 0.474609375 0.11373626373626373 0.23515625 0.020879120879120878
0 0.465625 0.1532967032967033 0.2171875 0.023076923076923078
2 0.633984375 0.15219780219780218 0.03359375 0.01868131868131868
0 0.470703125 0.19230769230769232 0.22734375 0.02197802197802198
2 0.634375 0.1912087912087912 0.0328125 0.01978021978021978
0 0.43984375 0.24010989010989012 0.165625 0.04065934065934066
2 0.63125 0.24615384615384617 0.0359375 0.01978021978021978
2 0.305078125 0.317032967032967 0.03046875 0.01868131868131868
2 0.3078125 0.37252747252747254 0.034375 0.01978021978021978
0 0.415625 0.3912087912087912 0.11875 0.026373626373626374
2 0.62734375 0.389010989010989 0.028125 0.01978021978021978
0 0.701953125 0.4021978021978022 0.04609375 0.01978021978021978
2 0.95703125 0.4021978021978022 0.028125 0.01978021978021978
0 0.426953125 0.43131868131868134 0.13984375 0.023076923076923078
2 0.628125 0.4307692307692308 0.0265625 0.017582417582417582
2 0.30859375 0.4489010989010989 0.0328125 0.020879120879120878
2 0.954296875 0.46153846153846156 0.03359375 0.02197802197802198
0 0.703125 0.46153846153846156 0.0484375 0.017582417582417582
0 0.4265625 0.4697802197802198 0.1390625 0.023076923076923078
2 0.62734375 0.4697802197802198 0.028125 0.01868131868131868
0 0.4328125 0.5082417582417582 0.1515625 0.020879120879120878
2 0.62734375 0.5082417582417582 0.0359375 0.01868131868131868
2 0.309375 0.5274725274725275 0.034375 0.02197802197802198
0 0.706640625 0.5401098901098901 0.06015625 0.023076923076923078
2 0.9578125 0.5395604395604395 0.034375 0.01978021978021978
2 0.62734375 0.5456043956043956 0.0359375 0.01868131868131868
0 0.423046875 0.5494505494505495 0.13203125 0.02197802197802198
0 0.43359375 0.5879120879120879 0.153125 0.026373626373626374
2 0.62734375 0.5868131868131868 0.0359375 0.01978021978021978
2 0.31015625 0.6071428571428571 0.0359375 0.01868131868131868
2 0.95703125 0.6175824175824176 0.028125 0.017582417582417582
0 0.7359375 0.6197802197802198 0.1140625 0.01978021978021978
0 0.419921875 0.628021978021978 0.12578125 0.020879120879120878
2 0.62734375 0.6274725274725275 0.028125 0.01978021978021978
2 0.9578125 0.6565934065934066 0.0265625 0.01868131868131868
0 0.73515625 0.6582417582417582 0.1140625 0.01978021978021978
2 0.311328125 0.6659340659340659 0.03359375 0.01978021978021978
0 0.412890625 0.6675824175824175 0.11015625 0.023076923076923078
2 0.628125 0.667032967032967 0.0265625 0.017582417582417582
0 0.722265625 0.6989010989010989 0.08828125 0.02197802197802198
2 0.95703125 0.6989010989010989 0.028125 0.01978021978021978
2 0.628125 0.7043956043956044 0.0265625 0.01978021978021978
0 0.423828125 0.7071428571428572 0.13359375 0.020879120879120878
2 0.31015625 0.7263736263736263 0.0359375 0.01978021978021978
2 0.62890625 0.7417582417582418 0.028125 0.017582417582417582
0 0.4109375 0.7472527472527473 0.1078125 0.02197802197802198
2 0.630078125 0.7840659340659341 0.03359375 0.025274725274725275
0 0.117578125 0.7258241758241758 0.16171875 0.023076923076923078
1 0.180078125 0.3120879120879121 0.28515625 0.026373626373626374
1 0.18203125 0.37362637362637363 0.2890625 0.03076923076923077
1 0.18125 0.4521978021978022 0.290625 0.025274725274725275
1 0.18359375 0.5307692307692308 0.29375 0.026373626373626374
1 0.182421875 0.6093406593406593 0.28984375 0.02967032967032967
1 0.184375 0.667032967032967 0.296875 0.02197802197802198
0 0.07734375 0.31153846153846154 0.078125 0.023076923076923078
0 0.09765625 0.37142857142857144 0.11875 0.026373626373626374
0 0.10546875 0.4510989010989011 0.1390625 0.023076923076923078
0 0.105859375 0.5302197802197802 0.13515625 0.020879120879120878
0 0.1296875 0.6093406593406593 0.184375 0.023076923076923078
0 0.108984375 0.6686813186813186 0.14140625 0.025274725274725275
0 0.436328125 0.7840659340659341 0.16171875 0.023076923076923078
1 0.182421875 0.7258241758241758 0.29140625 0.025274725274725275
1 0.50078125 0.7857142857142857 0.2921875 0.02857142857142857
1 0.499609375 0.39065934065934066 0.28515625 0.027472527472527472
1 0.49921875 0.43131868131868134 0.284375 0.023076923076923078
1 0.498828125 0.4703296703296703 0.28515625 0.024175824175824177
1 0.5015625 0.5087912087912088 0.290625 0.024175824175824177
1 0.498046875 0.6274725274725275 0.28515625 0.024175824175824177
1 0.500390625 0.55 0.28828125 0.023076923076923078
1 0.50234375 0.5879120879120879 0.290625 0.024175824175824177
1 0.500390625 0.7467032967032967 0.28828125 0.025274725274725275
1 0.501171875 0.7082417582417583 0.28515625 0.025274725274725275
1 0.50078125 0.6703296703296703 0.2859375 0.024175824175824177
1 0.82578125 0.40494505494505495 0.2984375 0.025274725274725275
1 0.82578125 0.46483516483516485 0.2953125 0.024175824175824177
1 0.826953125 0.5406593406593406 0.29921875 0.024175824175824177
1 0.82578125 0.6203296703296703 0.29375 0.020879120879120878
1 0.825 0.6983516483516483 0.29375 0.020879120879120878
1 0.825 0.6587912087912088 0.29375 0.020879120879120878
1 0.501953125 0.11098901098901098 0.28984375 0.026373626373626374
1 0.50390625 0.15274725274725276 0.29375 0.024175824175824177
1 0.503125 0.19175824175824177 0.2953125 0.023076923076923078
1 0.503515625 0.24065934065934066 0.29453125 0.03956043956043956
