2 0.63359375 0.14285714285714285 0.0296875 0.02197802197802198
0 0.419921875 0.1445054945054945 0.12578125 0.020879120879120878
0 0.39921875 0.20274725274725275 0.084375 0.023076923076923078
2 0.63359375 0.2032967032967033 0.0296875 0.017582417582417582
0 0.39375 0.2434065934065934 0.0734375 0.020879120879120878
2 0.6375 0.24285714285714285 0.021875 0.015384615384615385
0 0.403125 0.28186813186813187 0.0921875 0.020879120879120878
2 0.636328125 0.2813186813186813 0.02421875 0.01978021978021978
0 0.393359375 0.3208791208791209 0.07265625 0.017582417582417582
2 0.633203125 0.32142857142857145 0.03046875 0.01868131868131868
0 0.396484375 0.3620879120879121 0.07890625 0.023076923076923078
2 0.6328125 0.36043956043956044 0.028125 0.017582417582417582
0 0.39375 0.4225274725274725 0.0734375 0.023076923076923078
2 0.63671875 0.4197802197802198 0.0234375 0.017582417582417582
0 0.697265625 0.42417582417582417 0.03203125 0.01978021978021978
2 0.953125 0.42417582417582417 0.0234375 0.01978021978021978
0 0.073046875 0.44945054945054946 0.07265625 0.02197802197802198
2 0.3109375 0.4478021978021978 0.028125 0.01868131868131868
0 0.376953125 0.45879120879120877 0.03671875 0.01868131868131868
2 0.639453125 0.4593406593406593 0.01484375 0.017582417582417582
2 0.953125 0.46263736263736266 0.0234375 0.01978021978021978
0 0.708984375 0.4664835164835165 0.05546875 0.020879120879120878
0 0.38046875 0.5 0.04375 0.017582417582417582
2 0.63984375 0.5 0.0140625 0.017582417582417582
0 0.70625 0.506043956043956 0.05 0.023076923076923078
2 0.952734375 0.5027472527472527 0.02421875 0.01868131868131868
0 0.105859375 0.5269230769230769 0.13828125 0.031868131868131866
2 0.31171875 0.5285714285714286 0.034375 0.01978021978021978
0 0.3796875 0.5373626373626373 0.0453125 0.01978021978021978
2 0.63671875 0.5373626373626373 0.0234375 0.01978021978021978
0 0.735546875 0.5445054945054945 0.10859375 0.023076923076923078
2 0.953125 0.5412087912087912 0.0234375 0.020879120879120878
0 0.41015625 0.5796703296703297 0.10625 0.023076923076923078
2 0.63671875 0.578021978021978 0.0234375 0.01978021978021978
0 0.714453125 0.6038461538461538 0.06796875 0.025274725274725275
2 0.953125 0.6016483516483516 0.0234375 0.01868131868131868
0 0.08828125 0.6071428571428571 0.1046875 0.027472527472527472
2 0.31171875 0.6071428571428571 0.034375 0.01868131868131868
2 0.6328125 0.6164835164835165 0.0234375 0.01978021978021978
0 0.3828125 0.6181318681318682 0.05 0.01868131868131868
0 0.76640625 0.6434065934065935 0.1703125 0.020879120879120878
2 0.953125 0.6401098901098901 0.0234375 0.01868131868131868
0 0.69609375 0.7208791208791209 0.0296875 0.01978021978021978
2 0.953125 0.7208791208791209 0.0234375 0.01978021978021978
0 0.427734375 0.7554945054945055 0.14140625 0.01868131868131868
2 0.63671875 0.7565934065934066 0.0234375 0.01868131868131868
0 0.71015625 0.760989010989011 0.0578125 0.023076923076923078
2 0.952734375 0.7593406593406593 0.02421875 0.01978021978021978
0 0.4359375 0.7956043956043956 0.15625 0.02197802197802198
0 0.698046875 0.8005494505494506 0.03359375 0.020879120879120878
2 0.953125 0.7994505494505495 0.0234375 0.01868131868131868
0 0.408984375 0.8351648351648352 0.10390625 0.02197802197802198
2 0.63671875 0.8340659340659341 0.0234375 0.01978021978021978
2 0.953125 0.8379120879120879 0.0234375 0.01868131868131868
0 0.696484375 0.8412087912087912 0.03359375 0.027472527472527472
0 0.709765625 0.878021978021978 0.05703125 0.01978021978021978
2 0.953125 0.878021978021978 0.0234375 0.01978021978021978
1 0.18046875 0.44945054945054946 0.290625 0.026373626373626374
1 0.1828125 0.5285714285714286 0.2953125 0.03736263736263736
1 0.1828125 0.6076923076923076 0.296875 0.03296703296703297
2 0.6375 0.7956043956043956 0.0234375 0.01978021978021978
1 0.502734375 0.7554945054945055 0.29296875 0.020879120879120878
1 0.503515625 0.7956043956043956 0.29140625 0.024175824175824177
1 0.502734375 0.8346153846153846 0.29296875 0.020879120879120878
1 0.82265625 0.7208791208791209 0.2859375 0.01978021978021978
1 0.823828125 0.760989010989011 0.28359375 0.023076923076923078
1 0.823828125 0.8016483516483517 0.28671875 0.023076923076923078
1 0.821875 0.8406593406593407 0.2859375 0.02857142857142857
1 0.82421875 0.8769230769230769 0.2859375 0.01978021978021978
1 0.823046875 0.4236263736263736 0.28515625 0.01868131868131868
1 0.822265625 0.46593406593406594 0.28359375 0.024175824175824177
1 0.822265625 0.5043956043956044 0.28359375 0.024175824175824177
1 0.823046875 0.5439560439560439 0.28359375 0.024175824175824177
1 0.823046875 0.643956043956044 0.28359375 0.024175824175824177
1 0.822265625 0.6032967032967033 0.28359375 0.024175824175824177
1 0.504296875 0.14285714285714285 0.29609375 0.02197802197802198
1 0.503125 0.2021978021978022 0.29375 0.02197802197802198
1 0.50390625 0.24285714285714285 0.2921875 0.02197802197802198
1 0.50390625 0.2824175824175824 0.2921875 0.02197802197802198
1 0.50234375 0.31978021978021975 0.2921875 0.02197802197802198
1 0.5015625 0.3631868131868132 0.2921875 0.023076923076923078
1 0.503125 0.4225274725274725 0.2921875 0.023076923076923078
1 0.50234375 0.4582417582417582 0.290625 0.01978021978021978
1 0.502734375 0.5368131868131868 0.29140625 0.020879120879120878
1 0.50234375 0.5 0.290625 0.01978021978021978
1 0.501171875 0.6181318681318682 0.28828125 0.01868131868131868
1 0.5015625 0.5796703296703297 0.2921875 0.023076923076923078
