0 0.6932926829268292 0.19290657439446368 0.18658536585365854 0.03633217993079585
2 0.927439024390244 0.19463667820069205 0.032926829268292684 0.029411764705882353
0 0.6670731707317074 0.23269896193771628 0.13170731707317074 0.0328719723183391
2 0.927439024390244 0.23269896193771628 0.032926829268292684 0.025951557093425604
0 0.676829268292683 0.27076124567474047 0.15121951219512195 0.0328719723183391
2 0.927439024390244 0.27162629757785467 0.032926829268292684 0.02768166089965398
0 0.7286585365853658 0.3096885813148789 0.2548780487804878 0.03460207612456748
2 0.927439024390244 0.31141868512110726 0.032926829268292684 0.02768166089965398
0 0.7280487804878049 0.3494809688581315 0.25365853658536586 0.03460207612456748
2 0.927439024390244 0.3486159169550173 0.032926829268292684 0.029411764705882353
0 0.07560975609756097 0.370242214532872 0.06341463414634146 0.03460207612456748
0 0.36890243902439024 0.36764705882352944 0.1353658536585366 0.029411764705882353
2 0.49329268292682926 0.3685121107266436 0.023170731707317073 0.02768166089965398
0 0.10792682926829268 0.40657439446366783 0.12804878048780488 0.03460207612456748
0 0.3384146341463415 0.40743944636678203 0.07439024390243902 0.029411764705882353
2 0.2621951219512195 0.4100346020761246 0.03414634146341464 0.02768166089965398
2 0.49817073170731707 0.4083044982698962 0.032926829268292684 0.02768166089965398
0 0.1274390243902439 0.4455017301038062 0.16707317073170733 0.0328719723183391
0 0.34146341463414637 0.4429065743944637 0.07804878048780488 0.031141868512110725
2 0.49817073170731707 0.4455017301038062 0.032926829268292684 0.029411764705882353
0 0.10548780487804878 0.4852941176470588 0.12317073170731707 0.0328719723183391
2 0.26097560975609757 0.4870242214532872 0.03414634146341464 0.029411764705882353
0 0.3329268292682927 0.4844290657439446 0.06097560975609756 0.031141868512110725
2 0.49817073170731707 0.4852941176470588 0.032926829268292684 0.029411764705882353
0 0.6554878048780488 0.5164359861591695 0.10853658536585366 0.03633217993079585
2 0.927439024390244 0.5190311418685121 0.032926829268292684 0.02768166089965398
0 0.10609756097560975 0.523356401384083 0.12439024390243902 0.0328719723183391
0 0.3445121951219512 0.5216262975778547 0.08658536585365853 0.029411764705882353
2 0.26097560975609757 0.5250865051903114 0.03414634146341464 0.025951557093425604
2 0.49817073170731707 0.523356401384083 0.032926829268292684 0.025951557093425604
0 0.11280487804878049 0.5588235294117647 0.1402439024390244 0.03806228373702422
0 0.6939024390243902 0.5570934256055363 0.18536585365853658 0.03460207612456748
2 0.9286585365853659 0.5579584775086506 0.03536585365853658 0.0328719723183391
0 0.3518292682926829 0.5605536332179931 0.10121951219512196 0.031141868512110725
2 0.26097560975609757 0.5640138408304498 0.03414634146341464 0.02768166089965398
2 0.4975609756097561 0.5622837370242214 0.03170731707317073 0.02768166089965398
0 0.6926829268292682 0.5934256055363322 0.18292682926829268 0.03460207612456748
0 0.09024390243902439 0.5986159169550173 0.09268292682926829 0.03460207612456748
0 0.37378048780487805 0.5986159169550173 0.14512195121951219 0.03460207612456748
2 0.927439024390244 0.5951557093425606 0.032926829268292684 0.02768166089965398
2 0.26097560975609757 0.6012110726643599 0.03414634146341464 0.025951557093425604
2 0.49817073170731707 0.5994809688581315 0.032926829268292684 0.025951557093425604
0 0.38414634146341464 0.6349480968858131 0.16585365853658537 0.031141868512110725
0 0.7030487804878048 0.6332179930795848 0.20365853658536584 0.03806228373702422
0 0.10792682926829268 0.6358131487889274 0.12804878048780488 0.03633217993079585
2 0.9286585365853659 0.6358131487889274 0.03536585365853658 0.029411764705882353
2 0.26097560975609757 0.639273356401384 0.03414634146341464 0.029411764705882353
0 0.19390243902439025 0.8131487889273357 0.2121951219512195 0.03460207612456748
0 0.7420731707317073 0.8148788927335641 0.16707317073170733 0.03460207612456748
0 0.46646341463414637 0.8157439446366782 0.19146341463414634 0.029411764705882353
2 0.33658536585365856 0.8148788927335641 0.03170731707317073 0.02422145328719723
2 0.8878048780487805 0.8166089965397924 0.03170731707317073 0.02768166089965398
2 0.623780487804878 0.8183391003460208 0.03048780487804878 0.02768166089965398
0 0.2 0.8494809688581315 0.22439024390243903 0.03460207612456748
0 0.7298780487804878 0.8486159169550173 0.1402439024390244 0.029411764705882353
2 0.623780487804878 0.8529411764705882 0.03048780487804878 0.02768166089965398
2 0.8878048780487805 0.8520761245674741 0.03170731707317073 0.025951557093425604
0 0.1603658536585366 0.8814878892733564 0.14512195121951219 0.029411764705882353
0 0.7329268292682927 0.8814878892733564 0.14878048780487804 0.029411764705882353
2 0.33658536585365856 0.8832179930795848 0.03170731707317073 0.025951557093425604
0 0.4652439024390244 0.8849480968858131 0.19146341463414634 0.029411764705882353
2 0.8878048780487805 0.884083044982699 0.03170731707317073 0.02422145328719723
2 0.623780487804878 0.8866782006920415 0.03048780487804878 0.025951557093425604
0 0.4329268292682927 0.9186851211072664 0.13170731707317074 0.03460207612456748
0 0.7524390243902439 0.9195501730103807 0.1878048780487805 0.029411764705882353
2 0.8878048780487805 0.9186851211072664 0.03170731707317073 0.02422145328719723
2 0.623780487804878 0.921280276816609 0.03048780487804878 0.025951557093425604
0 0.47804878048780486 0.8503460207612457 0.21951219512195122 0.029411764705882353
2 0.2621951219512195 0.3719723183391003 0.03414634146341464 0.02768166089965398
2 0.26097560975609757 0.44809688581314877 0.03414634146341464 0.02768166089965398
1 0.16158536585365854 0.370242214532872 0.23780487804878048 0.03806228373702422
1 0.16158536585365854 0.40484429065743943 0.23780487804878048 0.03806228373702422
1 0.15792682926829268 0.5224913494809689 0.23780487804878048 0.03806228373702422
1 0.15914634146341464 0.4844290657439446 0.23536585365853657 0.03460207612456748
1 0.15670731707317073 0.4809688581314879 0.23536585365853657 0.03460207612456748
1 0.15792682926829268 0.5605536332179931 0.23536585365853657 0.03460207612456748
1 0.15914634146341464 0.5986159169550173 0.23536585365853657 0.03460207612456748
1 0.1603658536585366 0.6366782006920415 0.23536585365853657 0.03460207612456748
2 0.5298780487804878 0.6418685121107266 0.09390243902439024 0.031141868512110725
1 0.4036585365853659 0.3685121107266436 0.2048780487804878 0.031141868512110725
1 0.4067073170731707 0.40657439446366783 0.21341463414634146 0.031141868512110725
1 0.4067073170731707 0.5207612456747405 0.21341463414634146 0.031141868512110725
1 0.4067073170731707 0.486159169550173 0.21341463414634146 0.031141868512110725
1 0.40792682926829266 0.444636678200692 0.21341463414634146 0.031141868512110725
1 0.43902439024390244 0.639273356401384 0.2780487804878049 0.039792387543252594
1 0.4067073170731707 0.5986159169550173 0.21341463414634146 0.031141868512110725
1 0.4054878048780488 0.5605536332179931 0.21341463414634146 0.031141868512110725
2 0.33719512195121953 0.8494809688581315 0.032926829268292684 0.031141868512110725
1 0.22073170731707317 0.8131487889273357 0.2658536585365854 0.031141868512110725
1 0.22073170731707317 0.8477508650519031 0.2658536585365854 0.03806228373702422
1 0.21890243902439024 0.8823529411764706 0.2646341463414634 0.031141868512110725
1 0.5048780487804878 0.8157439446366782 0.2707317073170732 0.0328719723183391
1 0.5036585365853659 0.8486159169550173 0.2707317073170732 0.0328719723183391
1 0.5024390243902439 0.884083044982699 0.2707317073170732 0.02768166089965398
1 0.5030487804878049 0.9186851211072664 0.27439024390243905 0.03460207612456748
1 0.7817073170731708 0.8140138408304498 0.24634146341463414 0.0328719723183391
1 0.7817073170731708 0.8503460207612457 0.24634146341463414 0.0328719723183391
1 0.7804878048780488 0.8832179930795848 0.24634146341463414 0.0328719723183391
1 0.7804878048780488 0.9178200692041523 0.24634146341463414 0.0328719723183391
1 0.7719512195121951 0.5173010380622838 0.3439024390243902 0.03460207612456748
1 0.774390243902439 0.5553633217993079 0.3439024390243902 0.03460207612456748
1 0.7719512195121951 0.5934256055363322 0.3439024390243902 0.03460207612456748
1 0.7725609756097561 0.634083044982699 0.34512195121951217 0.039792387543252594
1 0.7719512195121951 0.19204152249134948 0.3439024390243902 0.03806228373702422
1 0.7719512195121951 0.23183391003460208 0.3439024390243902 0.03806228373702422
1 0.7719512195121951 0.27162629757785467 0.3439024390243902 0.03806228373702422
1 0.7707317073170732 0.3096885813148789 0.3439024390243902 0.03806228373702422
1 0.7731707317073171 0.3494809688581315 0.3439024390243902 0.03806228373702422
