0 0.5275813295615276 0.2115 0.24611032531824611 0.023
2 0.9144271570014144 0.208 0.08345120226308345 0.014
0 0.5297029702970297 0.275 0.24752475247524752 0.022
2 0.9144271570014144 0.274 0.08345120226308345 0.014
0 0.5480905233380481 0.339 0.2871287128712871 0.026
2 0.9137199434229137 0.3365 0.08486562942008487 0.015
0 0.6138613861386139 0.396 0.4214992927864215 0.026
2 0.9144271570014144 0.396 0.08345120226308345 0.014
0 0.5438472418670438 0.455 0.26449787835926447 0.022
2 0.9144271570014144 0.4565 0.08345120226308345 0.015
0 0.5374823196605375 0.5075 0.25176803394625175 0.027
2 0.9151343705799151 0.508 0.08486562942008487 0.014
0 0.5452616690240453 0.608 0.2871287128712871 0.026
2 0.9144271570014144 0.6165 0.09759547383309759 0.015
0 0.48302687411598305 0.6705 0.16548797736916548 0.027
2 0.9137199434229137 0.6765 0.09618104667609619 0.015
0 0.5381895332390382 0.74 0.2758132956152758 0.028
2 0.9144271570014144 0.7465 0.09759547383309759 0.015
0 0.5381895332390382 0.804 0.2814710042432815 0.03
2 0.7949080622347949 0.8065 0.09618104667609619 0.015
2 0.9151343705799151 0.806 0.09618104667609619 0.016
1 0.6803394625176803 0.22 0.5516265912305516 0.044
1 0.6831683168316832 0.285 0.5516265912305516 0.044
1 0.6817538896746818 0.346 0.5516265912305516 0.044
1 0.6789250353606789 0.407 0.5516265912305516 0.044
1 0.6867043847241867 0.463 0.5502121640735502 0.042
1 0.6874115983026874 0.516 0.5516265912305516 0.044
1 0.6838755304101839 0.618 0.5615275813295615 0.044
1 0.6817538896746818 0.8125 0.5657708628005658 0.047
1 0.6831683168316832 0.747 0.5714285714285714 0.042
1 0.6810466760961811 0.6805 0.5643564356435643 0.049
