0 0.28854314002828857 0.1655 0.4526166902404526 0.025
2 0.442008486562942 0.1925 0.06082036775106082 0.019
2 0.5685997171145686 0.1925 0.06223479490806223 0.019
0 0.29207920792079206 0.2305 0.45685997171145687 0.021
2 0.442008486562942 0.2585 0.06082036775106082 0.019
2 0.5678925035360679 0.2585 0.06082036775106082 0.019
0 0.2751060820367751 0.2935 0.4229137199434229 0.021
2 0.442008486562942 0.322 0.06082036775106082 0.02
2 0.5685997171145686 0.321 0.06223479490806223 0.018
0 0.29066478076379065 0.3625 0.45403111739745405 0.021
2 0.442008486562942 0.3905 0.06082036775106082 0.019
2 0.5685997171145686 0.3905 0.06223479490806223 0.019
0 0.1966053748231966 0.4245 0.26308345120226306 0.027
2 0.44554455445544555 0.4525 0.06223479490806223 0.019
2 0.5714285714285714 0.4525 0.0594059405940594 0.019
0 0.19872701555869873 0.487 0.26732673267326734 0.028
2 0.44554455445544555 0.515 0.06223479490806223 0.02
2 0.5714285714285714 0.515 0.0594059405940594 0.02
0 0.24398868458274398 0.5635 0.3635077793493635 0.025
2 0.44271570014144274 0.5905 0.0594059405940594 0.019
2 0.5678925035360679 0.5905 0.06364922206506365 0.019
0 0.2743988684582744 0.6335 0.4243281471004243 0.025
2 0.44271570014144274 0.659 0.0594059405940594 0.02
2 0.5678925035360679 0.659 0.06364922206506365 0.02
0 0.24964639321074963 0.698 0.371994342291372 0.028
2 0.44271570014144274 0.725 0.0594059405940594 0.018
2 0.5685997171145686 0.726 0.06223479490806223 0.02
0 0.24257425742574257 0.7665 0.355021216407355 0.029
2 0.4448373408769448 0.793 0.06082036775106082 0.018
2 0.57001414427157 0.794 0.06223479490806223 0.02
0 0.22913719943422914 0.83 0.33097595473833097 0.03
2 0.44271570014144274 0.858 0.0594059405940594 0.02
2 0.5685997171145686 0.858 0.06223479490806223 0.02
0 0.2036775106082037 0.8915 0.2828854314002829 0.025
2 0.44271570014144274 0.918 0.0594059405940594 0.02
2 0.5685997171145686 0.9185 0.06223479490806223 0.019
1 0.3316831683168317 0.178 0.5445544554455446 0.046
1 0.32956152758132956 0.9055 0.5403111739745403 0.051
1 0.3323903818953324 0.8415 0.5403111739745403 0.051
1 0.3338048090523338 0.7775 0.5403111739745403 0.051
1 0.3338048090523338 0.7095 0.5403111739745403 0.051
1 0.32956152758132956 0.6475 0.5403111739745403 0.051
1 0.3323903818953324 0.5775 0.5403111739745403 0.051
1 0.3316831683168317 0.246 0.5417256011315418 0.05
1 0.3302687411598303 0.307 0.5417256011315418 0.05
1 0.3316831683168317 0.376 0.5417256011315418 0.05
1 0.3330975954738331 0.436 0.5417256011315418 0.05
1 0.3338048090523338 0.499 0.5374823196605375 0.056
