0 0.17963224893917965 0.1505 0.23196605374823195 0.021
2 0.442008486562942 0.178 0.06082036775106082 0.02
2 0.5685997171145686 0.178 0.06223479490806223 0.02
0 0.16336633663366337 0.21 0.2050919377652051 0.03
2 0.442008486562942 0.238 0.06082036775106082 0.02
2 0.5678925035360679 0.2385 0.06364922206506365 0.019
0 0.15134370579915135 0.2735 0.18104667609618105 0.025
2 0.442008486562942 0.301 0.06082036775106082 0.018
2 0.5678925035360679 0.301 0.06364922206506365 0.018
0 0.14285714285714285 0.3375 0.15841584158415842 0.021
2 0.442008486562942 0.3645 0.06082036775106082 0.019
2 0.5685997171145686 0.3645 0.06223479490806223 0.019
0 0.16548797736916548 0.4025 0.20084865629420084 0.027
2 0.44554455445544555 0.429 0.06223479490806223 0.018
2 0.5714285714285714 0.43 0.0594059405940594 0.02
0 0.19094766619519093 0.4645 0.24893917963224893 0.021
2 0.44554455445544555 0.493 0.06223479490806223 0.018
2 0.5714285714285714 0.493 0.0594059405940594 0.018
0 0.15275813295615276 0.527 0.1753889674681754 0.02
2 0.5714285714285714 0.555 0.0594059405940594 0.02
0 0.13507779349363508 0.591 0.14002828854314003 0.02
2 0.5714285714285714 0.619 0.0594059405940594 0.02
0 0.1371994342291372 0.655 0.14992927864214992 0.02
2 0.5678925035360679 0.683 0.06082036775106082 0.02
0 0.15134370579915135 0.715 0.1753889674681754 0.02
2 0.5678925035360679 0.743 0.06364922206506365 0.02
0 0.128005657708628 0.775 0.13154172560113153 0.02
2 0.5650636492220651 0.804 0.05799151343705799 0.018
0 0.10537482319660538 0.83 0.08345120226308345 0.024
2 0.5636492220650636 0.8565 0.055162659123055166 0.019
0 0.1371994342291372 0.895 0.1471004243281471 0.02
2 0.5678925035360679 0.923 0.05799151343705799 0.02
1 0.3316831683168317 0.9095 0.536067892503536 0.049
1 0.32885431400282883 0.8415 0.536067892503536 0.049
1 0.3274398868458274 0.7885 0.536067892503536 0.049
1 0.3316831683168317 0.7295 0.536067892503536 0.049
1 0.3302687411598303 0.6685 0.536067892503536 0.049
1 0.3316831683168317 0.6045 0.536067892503536 0.049
1 0.3330975954738331 0.5405 0.536067892503536 0.049
1 0.3330975954738331 0.4785 0.536067892503536 0.049
1 0.3316831683168317 0.4135 0.536067892503536 0.049
1 0.3316831683168317 0.3505 0.536067892503536 0.049
1 0.32885431400282883 0.287 0.5388967468175389 0.054
1 0.3302687411598303 0.221 0.5445544554455446 0.058
1 0.3316831683168317 0.1645 0.536067892503536 0.049
