0 0.4172003659652333 0.09974093264248704 0.1280878316559927 0.02849740932642487
2 0.5365965233302836 0.10103626943005181 0.024702653247941447 0.02072538860103627
0 0.7008234217749314 0.1016839378238342 0.042086001829826164 0.029792746113989636
2 0.8586459286367795 0.10492227979274611 0.024702653247941447 0.02072538860103627
0 0.09240622140896615 0.11204663212435233 0.11893870082342177 0.02461139896373057
2 0.19990850869167429 0.1133419689119171 0.024702653247941447 0.019430051813471502
0 0.4281793229643184 0.12823834196891193 0.1537053979871912 0.02849740932642487
2 0.5365965233302836 0.12888601036269431 0.024702653247941447 0.022020725388601035
0 0.7785910338517841 0.13471502590673576 0.10612991765782251 0.025906735751295335
2 0.8586459286367795 0.13536269430051814 0.024702653247941447 0.019430051813471502
0 0.06541628545288197 0.14313471502590674 0.0686184812442818 0.02461139896373057
2 0.20082342177493137 0.14443005181347152 0.024702653247941447 0.019430051813471502
0 0.409423604757548 0.15932642487046633 0.11985361390667887 0.02849740932642487
2 0.5365965233302836 0.16062176165803108 0.024702653247941447 0.02072538860103627
0 0.6971637694419031 0.1645077720207254 0.03293687099725526 0.025906735751295335
2 0.8586459286367795 0.16515544041450778 0.024702653247941447 0.022020725388601035
0 0.1020128087831656 0.17292746113989638 0.14181152790484905 0.02461139896373057
2 0.20082342177493137 0.17487046632124353 0.024702653247941447 0.02072538860103627
0 0.4071363220494053 0.18976683937823835 0.11161939615736505 0.02461139896373057
2 0.5365965233302836 0.19106217616580312 0.024702653247941447 0.022020725388601035
0 0.7630375114364135 0.19365284974093264 0.07502287282708142 0.02461139896373057
2 0.8586459286367795 0.19624352331606218 0.024702653247941447 0.019430051813471502
0 0.07731015553522415 0.20595854922279794 0.09606587374199452 0.02849740932642487
2 0.20082342177493137 0.20595854922279794 0.024702653247941447 0.02072538860103627
0 0.4204025617566331 0.22085492227979275 0.13815187557182068 0.02461139896373057
2 0.5361390667886551 0.22085492227979275 0.023787740164684355 0.022020725388601035
0 0.7767612076852699 0.22344559585492227 0.10247026532479414 0.027202072538860103
2 0.8586459286367795 0.2260362694300518 0.024702653247941447 0.022020725388601035
0 0.0919487648673376 0.23639896373056996 0.1253430924062214 0.02461139896373057
2 0.20082342177493137 0.23769430051813473 0.024702653247941447 0.022020725388601035
0 0.3989021043000915 0.25 0.09515096065873742 0.025906735751295335
2 0.5361390667886551 0.25129533678756477 0.023787740164684355 0.02072538860103627
0 0.08966148215919488 0.26748704663212436 0.1171088746569076 0.02461139896373057
2 0.20082342177493137 0.26878238341968913 0.024702653247941447 0.022020725388601035
0 0.42680695333943275 0.2810880829015544 0.15096065873741996 0.023316062176165803
2 0.5365965233302836 0.2817357512953368 0.024702653247941447 0.022020725388601035
0 0.08096980786825252 0.3005181347150259 0.10155535224153706 0.02849740932642487
2 0.20082342177493137 0.29922279792746115 0.024702653247941447 0.02072538860103627
0 0.40988106129917656 0.3089378238341969 0.1171088746569076 0.027202072538860103
2 0.5361390667886551 0.3115284974093264 0.023787740164684355 0.022020725388601035
0 0.7250686184812443 0.32059585492227977 0.09606587374199452 0.02461139896373057
2 0.8554437328453797 0.31930051813471505 0.03110704483074108 0.022020725388601035
0 0.07044830741079597 0.32966321243523317 0.07868252516010979 0.02461139896373057
2 0.20082342177493137 0.3316062176165803 0.024702653247941447 0.02072538860103627
0 0.39844464775846294 0.3393782383419689 0.09057639524245197 0.023316062176165803
2 0.5361390667886551 0.3426165803108808 0.023787740164684355 0.022020725388601035
0 0.7392497712717292 0.34585492227979275 0.1280878316559927 0.023316062176165803
2 0.8586459286367795 0.3471502590673575 0.024702653247941447 0.02072538860103627
0 0.42131747483989024 0.3698186528497409 0.13632204940530648 0.027202072538860103
2 0.5333943275388838 0.37240932642487046 0.03110704483074108 0.022020725388601035
0 0.7360475754803294 0.37305699481865284 0.11802378774016468 0.023316062176165803
2 0.8586459286367795 0.37370466321243523 0.024702653247941447 0.022020725388601035
0 0.42589204025617566 0.39961139896373055 0.1454711802378774 0.029792746113989636
0 0.7287282708142726 0.39702072538860106 0.10521500457456541 0.027202072538860103
2 0.8554437328453797 0.39961139896373055 0.03110704483074108 0.022020725388601035
2 0.5365965233302836 0.4015544041450777 0.024702653247941447 0.02072538860103627
0 0.07456541628545288 0.41968911917098445 0.0686184812442818 0.025906735751295335
0 0.20082342177493137 0.4216321243523316 0.024702653247941447 0.022020725388601035
0 0.7365050320219579 0.42357512953367876 0.12076852698993595 0.025906735751295335
2 0.8554437328453797 0.4255181347150259 0.03110704483074108 0.022020725388601035
0 0.4204025617566331 0.43069948186528495 0.1344922232387923 0.02461139896373057
2 0.5365965233302836 0.4319948186528497 0.024702653247941447 0.019430051813471502
0 0.06495882891125343 0.44689119170984454 0.04940530649588289 0.023316062176165803
2 0.20082342177493137 0.4488341968911917 0.024702653247941447 0.022020725388601035
0 0.7168344007319305 0.45012953367875647 0.08142726440988106 0.02461139896373057
2 0.8554437328453797 0.4520725388601036 0.03110704483074108 0.02072538860103627
0 0.4030192131747484 0.45984455958549225 0.10155535224153706 0.025906735751295335
2 0.5365965233302836 0.46243523316062174 0.024702653247941447 0.02072538860103627
0 0.06953339432753888 0.4734455958549223 0.0585544373284538 0.022020725388601035
2 0.20082342177493137 0.47603626943005184 0.024702653247941447 0.019430051813471502
0 0.4217749313815188 0.49158031088082904 0.14089661482159194 0.027202072538860103
0 0.5365965233302836 0.49287564766839376 0.024702653247941447 0.019430051813471502
0 0.07593778591033852 0.5 0.07136322049405307 0.023316062176165803
2 0.20082342177493137 0.5032383419689119 0.024702653247941447 0.019430051813471502
0 0.4181152790484904 0.5233160621761658 0.13357731015553523 0.023316062176165803
2 0.5361390667886551 0.5226683937823834 0.023787740164684355 0.019430051813471502
0 0.0919487648673376 0.5272020725388601 0.10338517840805124 0.023316062176165803
2 0.20082342177493137 0.5297927461139896 0.024702653247941447 0.02072538860103627
0 0.7346752058554438 0.5382124352331606 0.11893870082342177 0.029792746113989636
2 0.8554437328453797 0.5395077720207254 0.03110704483074108 0.022020725388601035
0 0.4162854528819762 0.5531088082901554 0.12991765782250686 0.025906735751295335
0 0.08691674290942361 0.5544041450777202 0.09332113449222323 0.025906735751295335
2 0.5361390667886551 0.552461139896373 0.023787740164684355 0.022020725388601035
2 0.20082342177493137 0.5576424870466321 0.024702653247941447 0.022020725388601035
0 0.7291857273559011 0.5686528497409327 0.10612991765782251 0.025906735751295335
2 0.8554437328453797 0.569300518134715 0.03110704483074108 0.022020725388601035
0 0.43000914913083255 0.5809585492227979 0.15736505032021958 0.02461139896373057
0 0.09560841720036596 0.5835492227979274 0.11070448307410796 0.02461139896373057
2 0.20082342177493137 0.5854922279792746 0.024702653247941447 0.02072538860103627
0 0.7561756633119854 0.5958549222797928 0.16193961573650503 0.025906735751295335
0 0.07502287282708142 0.6088082901554405 0.06953339432753888 0.023316062176165803
0 0.43595608417200366 0.6107512953367875 0.16742909423604757 0.027202072538860103
2 0.20082342177493137 0.6120466321243523 0.024702653247941447 0.019430051813471502
0 0.7342177493138152 0.625 0.11436413540713632 0.02461139896373057
2 0.8586459286367795 0.6262953367875648 0.024702653247941447 0.022020725388601035
0 0.0727355901189387 0.6360103626943006 0.06495882891125343 0.023316062176165803
2 0.20036596523330283 0.6373056994818653 0.025617566331198535 0.02072538860103627
0 0.4112534309240622 0.6398963730569949 0.12168344007319305 0.025906735751295335
2 0.5365965233302836 0.6418393782383419 0.024702653247941447 0.022020725388601035
0 0.7529734675205856 0.6541450777202072 0.15736505032021958 0.025906735751295335
0 0.4112534309240622 0.6703367875647669 0.11985361390667887 0.02461139896373057
2 0.5361390667886551 0.6722797927461139 0.023787740164684355 0.02072538860103627
0 0.7378774016468436 0.6994818652849741 0.12168344007319305 0.05699481865284974
2 0.8554437328453797 0.6845854922279793 0.03110704483074108 0.019430051813471502
0 0.14089661482159194 0.7189119170984456 0.06404391582799634 0.02849740932642487
2 0.20082342177493137 0.7182642487046632 0.024702653247941447 0.022020725388601035
0 0.7259835315645013 0.7448186528497409 0.10338517840805124 0.025906735751295335
2 0.8554437328453797 0.741580310880829 0.03110704483074108 0.019430051813471502
0 0.1280878316559927 0.7441709844559585 0.042086001829826164 0.022020725388601035
2 0.20082342177493137 0.7454663212435233 0.024702653247941447 0.019430051813471502
0 0.4272644098810613 0.7636010362694301 0.15187557182067704 0.027202072538860103
2 0.5361390667886551 0.7648963730569949 0.025617566331198535 0.022020725388601035
0 0.716376944190302 0.772020725388601 0.08051235132662397 0.023316062176165803
0 0.13403476669716377 0.772020725388601 0.053979871912168347 0.02072538860103627
2 0.20082342177493137 0.7713730569948186 0.024702653247941447 0.019430051813471502
2 0.8586459286367795 0.7713730569948186 0.024702653247941447 0.019430051813471502
0 0.13998170173833485 0.7972797927461139 0.0677035681610247 0.027202072538860103
0 0.7552607502287283 0.7992227979274611 0.1564501372369625 0.025906735751295335
2 0.20082342177493137 0.7979274611398963 0.024702653247941447 0.02072538860103627
0 0.4204025617566331 0.8011658031088082 0.1344922232387923 0.027202072538860103
2 0.5361390667886551 0.802461139896373 0.023787740164684355 0.019430051813471502
0 0.1280878316559927 0.8238341968911918 0.042086001829826164 0.02072538860103627
2 0.20082342177493137 0.8238341968911918 0.024702653247941447 0.02072538860103627
0 0.4304666056724611 0.8406735751295337 0.1546203110704483 0.02849740932642487
0 0.13403476669716377 0.8490932642487047 0.053979871912168347 0.022020725388601035
2 0.20082342177493137 0.8503886010362695 0.024702653247941447 0.019430051813471502
0 0.43000914913083255 0.875 0.1555352241537054 0.027202072538860103
0 0.052607502287282705 0.8788860103626943 0.039341262580054895 0.029792746113989636
0 0.13860933211344922 0.875 0.06312900274473925 0.022020725388601035
0 0.7291857273559011 0.9132124352331606 0.11161939615736505 0.07772020725388601
0 0.13266239707227814 0.9009067357512953 0.05489478499542543 0.022020725388601035
2 0.20082342177493137 0.9028497409326425 0.024702653247941447 0.02072538860103627
0 0.419487648673376 0.9125647668393783 0.1344922232387923 0.027202072538860103
2 0.5329368709972553 0.9151554404145078 0.03202195791399817 0.019430051813471502
0 0.13494967978042086 0.927461139896373 0.059469350411710885 0.023316062176165803
2 0.20082342177493137 0.9287564766839378 0.024702653247941447 0.02072538860103627
2 0.807868252516011 0.9145077720207254 0.03110704483074108 0.07512953367875648
0 0.409423604757548 0.9514248704663213 0.11436413540713632 0.027202072538860103
0 0.09881061299176579 0.9559585492227979 0.1372369624885636 0.02849740932642487
2 0.5333943275388838 0.9520725388601037 0.03293687099725526 0.02072538860103627
2 0.20082342177493137 0.9546632124352331 0.024702653247941447 0.02072538860103627
0 0.7621225983531564 0.1055699481865285 0.07319304666056725 0.02461139896373057
1 0.12259835315645014 0.11269430051813471 0.18115279048490393 0.025906735751295335
1 0.12076852698993595 0.14443005181347152 0.1848124428179323 0.02461139896373057
1 0.12168344007319305 0.20660621761658032 0.1848124428179323 0.029792746113989636
1 0.1221408966148216 0.17422279792746115 0.1838975297346752 0.02461139896373057
1 0.12305580969807868 0.23704663212435234 0.18938700823421775 0.025906735751295335
1 0.11985361390667887 0.3011658031088083 0.1848124428179323 0.029792746113989636
1 0.12305580969807868 0.26813471502590674 0.18572735590118938 0.023316062176165803
1 0.1212259835315645 0.33095854922279794 0.18206770356816102 0.02461139896373057
1 0.12671546203110703 0.4183937823834197 0.1747483989021043 0.025906735751295335
1 0.12671546203110703 0.44689119170984454 0.1747483989021043 0.025906735751295335
1 0.12580054894784995 0.4740932642487047 0.1747483989021043 0.025906735751295335
1 0.12671546203110703 0.5012953367875648 0.1747483989021043 0.025906735751295335
1 0.12580054894784995 0.5284974093264249 0.1747483989021043 0.025906735751295335
1 0.12488563586459286 0.582901554404145 0.1747483989021043 0.025906735751295335
1 0.12671546203110703 0.555699481865285 0.1747483989021043 0.025906735751295335
1 0.12580054894784995 0.6101036269430051 0.1747483989021043 0.025906735751295335
1 0.1262580054894785 0.6373056994818653 0.17383348581884722 0.025906735751295335
0 0.0677035681610247 0.7202072538860104 0.07136322049405307 0.02849740932642487
0 0.06953339432753888 0.7985751295336787 0.07319304666056725 0.027202072538860103
2 0.19990850869167429 0.8756476683937824 0.03019213174748399 0.023316062176165803
1 0.1614821591948765 0.719559585492228 0.10338517840805124 0.029792746113989636
1 0.1605672461116194 0.7454663212435233 0.10521500457456541 0.02461139896373057
1 0.16102470265324795 0.7707253886010362 0.10612991765782251 0.023316062176165803
1 0.12351326623970722 0.7448186528497409 0.18298261665141813 0.07772020725388601
1 0.1605672461116194 0.7959844559585493 0.10521500457456541 0.02461139896373057
1 0.16010978956999086 0.822538860103627 0.10430009149130832 0.023316062176165803
1 0.1596523330283623 0.8477979274611399 0.1070448307410796 0.02461139896373057
1 0.1605672461116194 0.875 0.1070448307410796 0.02461139896373057
1 0.1587374199451052 0.9009067357512953 0.1070448307410796 0.02461139896373057
1 0.1596523330283623 0.9268134715025906 0.1070448307410796 0.02461139896373057
1 0.12351326623970722 0.9015544041450777 0.18115279048490393 0.07772020725388601
1 0.12351326623970722 0.822538860103627 0.18115279048490393 0.07772020725388601
1 0.12259835315645014 0.9559585492227979 0.18298261665141813 0.02849740932642487
2 0.5338517840805124 0.8801813471502591 0.03202195791399817 0.019430051813471502
2 0.5338517840805124 0.8439119170984456 0.03202195791399817 0.019430051813471502
1 0.4501372369624886 0.7636010362694301 0.19762122598353157 0.02461139896373057
1 0.4515096065873742 0.8011658031088082 0.19670631290027446 0.027202072538860103
1 0.45105215004574567 0.8393782383419689 0.19762122598353157 0.02849740932642487
1 0.4501372369624886 0.875 0.19945105215004574 0.03238341968911917
1 0.4515096065873742 0.9112694300518135 0.19853613906678866 0.027202072538860103
1 0.4515096065873742 0.9507772020725389 0.19853613906678866 0.025906735751295335
1 0.7483989021043 0.913860103626943 0.15004574565416284 0.07901554404145078
2 0.8563586459286368 0.8018134715025906 0.03110704483074108 0.023316062176165803
2 0.8572735590118938 0.6567357512953368 0.03110704483074108 0.02072538860103627
2 0.8586459286367795 0.5990932642487047 0.024702653247941447 0.022020725388601035
1 0.7740164684354987 0.5382124352331606 0.19579139981701738 0.027202072538860103
1 0.7731015553522416 0.569300518134715 0.19579139981701738 0.027202072538860103
1 0.7731015553522416 0.5952072538860104 0.19579139981701738 0.027202072538860103
1 0.7721866422689845 0.741580310880829 0.19579139981701738 0.027202072538860103
1 0.7731015553522416 0.6262953367875648 0.19579139981701738 0.027202072538860103
1 0.7740164684354987 0.6541450777202072 0.19945105215004574 0.02849740932642487
1 0.7740164684354987 0.697538860103627 0.1939615736505032 0.05310880829015544
1 0.7740164684354987 0.7700777202072538 0.19579139981701738 0.027202072538860103
1 0.7740164684354987 0.7985751295336787 0.19579139981701738 0.027202072538860103
1 0.7740164684354987 0.31865284974093266 0.1939615736505032 0.023316062176165803
1 0.7731015553522416 0.34520725388601037 0.19762122598353157 0.02461139896373057
1 0.7749313815187557 0.37240932642487046 0.19762122598353157 0.02461139896373057
1 0.7731015553522416 0.39702072538860106 0.19762122598353157 0.02461139896373057
1 0.7758462946020128 0.44494818652849744 0.19762122598353157 0.02461139896373057
1 0.7731015553522416 0.4229274611398964 0.19762122598353157 0.02461139896373057
0 0.7598353156450137 0.163860103626943 0.0686184812442818 0.02461139896373057
1 0.7987191216834401 0.10621761658031088 0.1463860933211345 0.025906735751295335
1 0.7991765782250686 0.13471502590673576 0.15096065873741996 0.02849740932642487
1 0.797804208600183 0.16321243523316062 0.1463860933211345 0.025906735751295335
1 0.7987191216834401 0.22150259067357514 0.1463860933211345 0.025906735751295335
1 0.7987191216834401 0.1955958549222798 0.1463860933211345 0.025906735751295335
1 0.7767612076852699 0.19300518134715025 0.1939615736505032 0.08549222797927461
1 0.7753888380603843 0.1172279792746114 0.19304666056724612 0.06347150259067358
2 0.5365965233302836 0.6133419689119171 0.026532479414455627 0.022020725388601035
2 0.5347666971637695 0.5835492227979274 0.03019213174748399 0.019430051813471502
1 0.4515096065873742 0.09844559585492228 0.19670631290027446 0.02849740932642487
1 0.4501372369624886 0.12694300518134716 0.19762122598353157 0.02849740932642487
1 0.4487648673376029 0.24935233160621761 0.19853613906678866 0.027202072538860103
1 0.44967978042086004 0.18847150259067358 0.19853613906678866 0.027202072538860103
1 0.4492223238792315 0.15803108808290156 0.19762122598353157 0.02849740932642487
1 0.4505946935041171 0.280440414507772 0.19853613906678866 0.027202072538860103
1 0.4505946935041171 0.3089378238341969 0.19853613906678866 0.027202072538860103
1 0.4515096065873742 0.3400259067357513 0.19853613906678866 0.027202072538860103
1 0.4515096065873742 0.3698186528497409 0.19853613906678866 0.027202072538860103
1 0.4524245196706313 0.4022020725388601 0.19853613906678866 0.027202072538860103
1 0.4501372369624886 0.42940414507772023 0.19945105215004574 0.02461139896373057
1 0.4501372369624886 0.46049222797927464 0.19762122598353157 0.02461139896373057
1 0.4501372369624886 0.49028497409326427 0.19762122598353157 0.027202072538860103
1 0.4501372369624886 0.5226683937823834 0.19762122598353157 0.027202072538860103
1 0.4501372369624886 0.5511658031088082 0.19762122598353157 0.027202072538860103
1 0.4501372369624886 0.5809585492227979 0.19762122598353157 0.027202072538860103
1 0.45105215004574567 0.6107512953367875 0.19762122598353157 0.027202072538860103
1 0.4492223238792315 0.6379533678756477 0.19762122598353157 0.027202072538860103
1 0.44830741079597436 0.6703367875647669 0.19762122598353157 0.027202072538860103
