0 0.3804945054945055 0.08484455958549222 0.05036630036630037 0.022020725388601035
0 0.445970695970696 0.08419689119170984 0.047619047619047616 0.02072538860103627
2 0.5347985347985348 0.08484455958549222 0.020146520146520148 0.019430051813471502
0 0.0782967032967033 0.09261658031088082 0.09981684981684982 0.027202072538860103
2 0.20192307692307693 0.09261658031088082 0.03205128205128205 0.022020725388601035
0 0.44184981684981683 0.11204663212435233 0.039377289377289376 0.022020725388601035
2 0.5347985347985348 0.11204663212435233 0.020146520146520148 0.022020725388601035
0 0.06776556776556776 0.125 0.08058608058608059 0.02461139896373057
2 0.20512820512820512 0.125 0.02564102564102564 0.022020725388601035
0 0.44184981684981683 0.13601036269430053 0.04120879120879121 0.025906735751295335
2 0.5347985347985348 0.13860103626943004 0.020146520146520148 0.02072538860103627
0 0.08562271062271062 0.1567357512953368 0.11446886446886446 0.025906735751295335
2 0.20512820512820512 0.15803108808290156 0.02564102564102564 0.02072538860103627
0 0.43864468864468864 0.163860103626943 0.03296703296703297 0.022020725388601035
2 0.5347985347985348 0.1645077720207254 0.020146520146520148 0.02072538860103627
0 0.09615384615384616 0.19106217616580312 0.13553113553113552 0.02461139896373057
0 0.3772893772893773 0.18976683937823835 0.04945054945054945 0.022020725388601035
0 0.445970695970696 0.18911917098445596 0.047619047619047616 0.02072538860103627
2 0.20512820512820512 0.19106217616580312 0.02564102564102564 0.022020725388601035
2 0.5347985347985348 0.18976683937823835 0.020146520146520148 0.019430051813471502
0 0.440018315018315 0.21567357512953367 0.03571428571428571 0.019430051813471502
2 0.5347985347985348 0.21567357512953367 0.020146520146520148 0.019430051813471502
0 0.10760073260073261 0.22538860103626943 0.1565934065934066 0.023316062176165803
0 0.44184981684981683 0.2422279792746114 0.04120879120879121 0.025906735751295335
2 0.5347985347985348 0.24352331606217617 0.020146520146520148 0.02072538860103627
0 0.07280219780219781 0.25647668393782386 0.09065934065934066 0.025906735751295335
2 0.20283882783882784 0.25841968911917096 0.03388278388278388 0.019430051813471502
0 0.45604395604395603 0.26813471502590674 0.07142857142857142 0.023316062176165803
2 0.5347985347985348 0.2694300518134715 0.020146520146520148 0.02072538860103627
0 0.44184981684981683 0.2933937823834197 0.039377289377289376 0.02461139896373057
2 0.5347985347985348 0.29533678756476683 0.020146520146520148 0.02072538860103627
0 0.46016483516483514 0.32124352331606215 0.07417582417582418 0.023316062176165803
2 0.5347985347985348 0.3231865284974093 0.020146520146520148 0.019430051813471502
0 0.07646520146520147 0.3439119170984456 0.09432234432234432 0.029792746113989636
2 0.20146520146520147 0.34585492227979275 0.031135531135531136 0.02072538860103627
0 0.43864468864468864 0.34650259067357514 0.0347985347985348 0.02461139896373057
2 0.5343406593406593 0.3490932642487047 0.019230769230769232 0.019430051813471502
0 0.4432234432234432 0.37305699481865284 0.04212454212454213 0.023316062176165803
0 0.07051282051282051 0.37759067357512954 0.08241758241758242 0.02461139896373057
2 0.532051282051282 0.3743523316062176 0.02564102564102564 0.02072538860103627
2 0.20146520146520147 0.37759067357512954 0.031135531135531136 0.022020725388601035
0 0.43864468864468864 0.39896373056994816 0.03296703296703297 0.023316062176165803
0 0.3731684981684982 0.40025906735751293 0.03388278388278388 0.023316062176165803
2 0.5347985347985348 0.40025906735751293 0.020146520146520148 0.02072538860103627
0 0.0673076923076923 0.40867875647668395 0.07783882783882784 0.02461139896373057
2 0.20146520146520147 0.40867875647668395 0.031135531135531136 0.022020725388601035
0 0.44276556776556775 0.4255181347150259 0.04120879120879121 0.019430051813471502
2 0.5347985347985348 0.4268134715025907 0.020146520146520148 0.019430051813471502
0 0.09798534798534798 0.43911917098445596 0.1446886446886447 0.025906735751295335
2 0.20146520146520147 0.43976683937823835 0.031135531135531136 0.022020725388601035
0 0.45695970695970695 0.45077720207253885 0.0695970695970696 0.02072538860103627
0 0.36675824175824173 0.452720207253886 0.026556776556776556 0.022020725388601035
2 0.5347985347985348 0.45142487046632124 0.020146520146520148 0.019430051813471502
0 0.0815018315018315 0.47085492227979275 0.10989010989010989 0.02461139896373057
2 0.20146520146520147 0.47085492227979275 0.031135531135531136 0.022020725388601035
0 0.4551282051282051 0.47797927461139894 0.06593406593406594 0.023316062176165803
2 0.5347985347985348 0.4799222797927461 0.020146520146520148 0.019430051813471502
0 0.05402930402930403 0.5012953367875648 0.04945054945054945 0.023316062176165803
2 0.20146520146520147 0.5038860103626943 0.031135531135531136 0.02072538860103627
0 0.3791208791208791 0.5051813471502591 0.047619047619047616 0.023316062176165803
0 0.44184981684981683 0.5051813471502591 0.039377289377289376 0.02072538860103627
0 0.9093406593406593 0.5284974093264249 0.040293040293040296 0.018134715025906734
0 0.06684981684981685 0.5349740932642487 0.07692307692307693 0.023316062176165803
0 0.43864468864468864 0.530440414507772 0.03296703296703297 0.022020725388601035
2 0.5343406593406593 0.5310880829015544 0.019230769230769232 0.02072538860103627
2 0.20146520146520147 0.533678756476684 0.031135531135531136 0.02072538860103627
0 0.44184981684981683 0.555699481865285 0.039377289377289376 0.02072538860103627
2 0.5347985347985348 0.5576424870466321 0.020146520146520148 0.019430051813471502
0 0.06272893772893773 0.5660621761658031 0.06684981684981685 0.023316062176165803
2 0.20146520146520147 0.5654145077720207 0.031135531135531136 0.022020725388601035
2 0.20146520146520147 0.5965025906735751 0.031135531135531136 0.022020725388601035
0 0.09935897435897435 0.6262953367875648 0.14194139194139194 0.027202072538860103
0 0.09340659340659341 0.6580310880829016 0.1282051282051282 0.025906735751295335
0 0.40293040293040294 0.6612694300518135 0.08974358974358974 0.027202072538860103
2 0.20146520146520147 0.6599740932642487 0.031135531135531136 0.019430051813471502
0 0.7261904761904762 0.6658031088082902 0.031135531135531136 0.031088082901554404
0 0.8195970695970696 0.6651554404145078 0.029304029304029304 0.029792746113989636
0 0.907967032967033 0.6664507772020726 0.04304029304029304 0.03238341968911917
2 0.532967032967033 0.6625647668393783 0.023809523809523808 0.022020725388601035
0 0.1021062271062271 0.6910621761658031 0.14743589743589744 0.027202072538860103
0 0.3914835164835165 0.6917098445595855 0.06684981684981685 0.023316062176165803
2 0.532967032967033 0.694300518134715 0.023809523809523808 0.02072538860103627
0 0.39972527472527475 0.7240932642487047 0.08333333333333333 0.025906735751295335
2 0.5338827838827839 0.7247409326424871 0.02564102564102564 0.019430051813471502
0 0.39514652014652013 0.7538860103626943 0.07417582417582418 0.023316062176165803
2 0.532967032967033 0.7558290155440415 0.023809523809523808 0.019430051813471502
0 0.0924908424908425 0.7862694300518135 0.13003663003663005 0.025906735751295335
2 0.20192307692307693 0.7862694300518135 0.03205128205128205 0.02072538860103627
0 0.38782051282051283 0.7875647668393783 0.057692307692307696 0.023316062176165803
2 0.532967032967033 0.7882124352331606 0.023809523809523808 0.022020725388601035
0 0.8173076923076923 0.7992227979274611 0.037545787545787544 0.025906735751295335
0 0.9139194139194139 0.7998704663212435 0.03296703296703297 0.029792746113989636
0 0.7193223443223443 0.8005181347150259 0.039377289377289376 0.023316062176165803
0 0.0782967032967033 0.819300518134715 0.09981684981684982 0.02461139896373057
0 0.4175824175824176 0.8186528497409327 0.11904761904761904 0.023316062176165803
2 0.20192307692307693 0.819300518134715 0.03205128205128205 0.022020725388601035
2 0.532967032967033 0.819300518134715 0.023809523809523808 0.022020725388601035
0 0.43223443223443225 0.8497409326424871 0.14835164835164835 0.023316062176165803
0 0.09065934065934066 0.8510362694300518 0.12454212454212454 0.023316062176165803
2 0.532967032967033 0.8503886010362695 0.023809523809523808 0.022020725388601035
2 0.20192307692307693 0.8523316062176166 0.03205128205128205 0.02072538860103627
0 0.3914835164835165 0.8821243523316062 0.06684981684981685 0.025906735751295335
2 0.532967032967033 0.8814766839378239 0.023809523809523808 0.022020725388601035
0 0.08333333333333333 0.8853626943005182 0.11172161172161173 0.02461139896373057
2 0.20192307692307693 0.8847150259067358 0.03205128205128205 0.02072538860103627
0 0.40705128205128205 0.9125647668393783 0.09615384615384616 0.022020725388601035
2 0.532967032967033 0.9132124352331606 0.023809523809523808 0.02072538860103627
0 0.08791208791208792 0.9164507772020726 0.1227106227106227 0.02461139896373057
2 0.20192307692307693 0.9164507772020726 0.03205128205128205 0.022020725388601035
0 0.8063186813186813 0.9371761658031088 0.04304029304029304 0.029792746113989636
2 0.7573260073260073 0.935880829015544 0.029304029304029304 0.027202072538860103
0 0.9075091575091575 0.935880829015544 0.029304029304029304 0.029792746113989636
0 0.7216117216117216 0.9371761658031088 0.04212454212454213 0.029792746113989636
0 0.4065934065934066 0.9436528497409327 0.10256410256410256 0.02461139896373057
2 0.532967032967033 0.944300518134715 0.023809523809523808 0.02072538860103627
0 0.08516483516483517 0.9514248704663213 0.11904761904761904 0.029792746113989636
2 0.20192307692307693 0.9501295336787565 0.03205128205128205 0.022020725388601035
2 0.8470695970695971 0.9378238341968912 0.038461538461538464 0.031088082901554404
2 0.9423076923076923 0.9352331606217616 0.038461538461538464 0.031088082901554404
2 0.7577838827838828 0.8011658031088082 0.028388278388278388 0.027202072538860103
2 0.9459706959706959 0.8005181347150259 0.029304029304029304 0.025906735751295335
2 0.8521062271062271 0.8005181347150259 0.03021978021978022 0.025906735751295335
2 0.8511904761904762 0.6651554404145078 0.028388278388278388 0.027202072538860103
2 0.7577838827838828 0.6677461139896373 0.028388278388278388 0.027202072538860103
2 0.945054945054945 0.6664507772020726 0.029304029304029304 0.027202072538860103
2 0.9455128205128205 0.5330310880829016 0.028388278388278388 0.027202072538860103
1 0.9244505494505495 0.533678756476684 0.07417582417582418 0.031088082901554404
1 0.7417582417582418 0.6658031088082902 0.06227106227106227 0.031088082901554404
1 0.8347069597069597 0.663860103626943 0.06135531135531135 0.027202072538860103
1 0.9221611721611722 0.6651554404145078 0.07326007326007326 0.03238341968911917
1 0.7362637362637363 0.8011658031088082 0.07509157509157509 0.027202072538860103
1 0.8324175824175825 0.8005181347150259 0.07326007326007326 0.02849740932642487
1 0.9294871794871795 0.8011658031088082 0.06593406593406594 0.027202072538860103
1 0.7367216117216118 0.9371761658031088 0.07417582417582418 0.029792746113989636
1 0.8278388278388278 0.9371761658031088 0.08241758241758242 0.03238341968911917
1 0.9281135531135531 0.9365284974093264 0.07051282051282051 0.031088082901554404
2 0.5343406593406593 0.5071243523316062 0.019230769230769232 0.019430051813471502
2 0.2042124542124542 0.22474093264248704 0.02564102564102564 0.022020725388601035
2 0.20100732600732601 0.6923575129533679 0.03021978021978022 0.022020725388601035
2 0.20100732600732601 0.6314766839378239 0.03021978021978022 0.022020725388601035
1 0.1227106227106227 0.09132124352331607 0.19047619047619047 0.029792746113989636
1 0.1227106227106227 0.12694300518134716 0.18864468864468864 0.02849740932642487
1 0.1227106227106227 0.15867875647668395 0.18864468864468864 0.02461139896373057
1 0.12179487179487179 0.19235751295336787 0.18864468864468864 0.022020725388601035
1 0.1227106227106227 0.22474093264248704 0.19047619047619047 0.027202072538860103
1 0.12454212454212454 0.25777202072538863 0.19413919413919414 0.023316062176165803
1 0.12087912087912088 0.12435233160621761 0.18864468864468864 0.02849740932642487
0 0.09935897435897435 0.5965025906735751 0.14194139194139194 0.027202072538860103
1 0.12316849816849818 0.3439119170984456 0.18956043956043955 0.029792746113989636
1 0.12225274725274725 0.37823834196891193 0.18772893772893773 0.02849740932642487
1 0.12362637362637363 0.40867875647668395 0.18864468864468864 0.027202072538860103
1 0.12225274725274725 0.4378238341968912 0.18956043956043955 0.023316062176165803
1 0.12179487179487179 0.47020725388601037 0.19047619047619047 0.023316062176165803
1 0.12316849816849818 0.5019430051813472 0.18956043956043955 0.027202072538860103
1 0.12316849816849818 0.5330310880829016 0.18772893772893773 0.027202072538860103
1 0.12316849816849818 0.5660621761658031 0.18772893772893773 0.025906735751295335
1 0.12362637362637363 0.5952072538860104 0.18864468864468864 0.029792746113989636
1 0.12362637362637363 0.6275906735751295 0.18864468864468864 0.029792746113989636
1 0.12362637362637363 0.658678756476684 0.18864468864468864 0.029792746113989636
1 0.12179487179487179 0.6923575129533679 0.18864468864468864 0.029792746113989636
1 0.12408424908424909 0.7862694300518135 0.19139194139194138 0.02849740932642487
1 0.12454212454212454 0.8516839378238342 0.19230769230769232 0.027202072538860103
1 0.12316849816849818 0.819300518134715 0.18956043956043955 0.027202072538860103
1 0.12408424908424909 0.8847150259067358 0.19139194139194138 0.02849740932642487
1 0.1227106227106227 0.9164507772020726 0.19230769230769232 0.02461139896373057
1 0.12225274725274725 0.9507772020725389 0.19139194139194138 0.02849740932642487
1 0.4519230769230769 0.6612694300518135 0.18956043956043955 0.029792746113989636
1 0.451007326007326 0.6930051813471503 0.18772893772893773 0.025906735751295335
1 0.4519230769230769 0.7247409326424871 0.18956043956043955 0.029792746113989636
1 0.4519230769230769 0.7532383419689119 0.18772893772893773 0.027202072538860103
1 0.4523809523809524 0.7875647668393783 0.18864468864468864 0.025906735751295335
1 0.4523809523809524 0.819300518134715 0.18681318681318682 0.02461139896373057
1 0.4523809523809524 0.883419689119171 0.19047619047619047 0.025906735751295335
1 0.4523809523809524 0.9125647668393783 0.18681318681318682 0.022020725388601035
1 0.45054945054945056 0.9449481865284974 0.18681318681318682 0.022020725388601035
0 0.38553113553113555 0.3225388601036269 0.06227106227106227 0.023316062176165803
0 0.3873626373626374 0.26813471502590674 0.06776556776556776 0.023316062176165803
1 0.48305860805860806 0.086139896373057 0.12362637362637363 0.022020725388601035
1 0.483974358974359 0.1133419689119171 0.12362637362637363 0.022020725388601035
1 0.48443223443223443 0.13860103626943004 0.12637362637362637 0.02849740932642487
1 0.48443223443223443 0.16191709844559585 0.12454212454212454 0.023316062176165803
1 0.451007326007326 0.12370466321243523 0.19139194139194138 0.10233160621761658
1 0.48305860805860806 0.1878238341968912 0.12362637362637363 0.023316062176165803
1 0.483974358974359 0.21632124352331605 0.12362637362637363 0.023316062176165803
1 0.48305860805860806 0.2422279792746114 0.12362637362637363 0.023316062176165803
1 0.483974358974359 0.2655440414507772 0.12362637362637363 0.023316062176165803
1 0.4491758241758242 0.2182642487046632 0.19505494505494506 0.07642487046632124
1 0.483974358974359 0.29404145077720206 0.12362637362637363 0.023316062176165803
1 0.483974358974359 0.31865284974093266 0.12362637362637363 0.023316062176165803
1 0.48305860805860806 0.3471502590673575 0.12362637362637363 0.023316062176165803
1 0.4848901098901099 0.37305699481865284 0.12362637362637363 0.023316062176165803
1 0.483974358974359 0.39896373056994816 0.12362637362637363 0.023316062176165803
1 0.483974358974359 0.4261658031088083 0.12362637362637363 0.023316062176165803
1 0.4491758241758242 0.2817357512953368 0.19322344322344323 0.050518134715025906
1 0.44963369963369965 0.3477979274611399 0.19230769230769232 0.07383419689119171
1 0.4500915750915751 0.41321243523316065 0.19322344322344323 0.05181347150259067
1 0.4835164835164835 0.45077720207253885 0.12454212454212454 0.02072538860103627
1 0.4835164835164835 0.47797927461139894 0.12454212454212454 0.02072538860103627
1 0.48443223443223443 0.5038860103626943 0.12454212454212454 0.02072538860103627
1 0.4835164835164835 0.5291450777202072 0.1227106227106227 0.022020725388601035
1 0.4816849816849817 0.5569948186528497 0.12454212454212454 0.02072538860103627
1 0.44963369963369965 0.46567357512953367 0.19230769230769232 0.04792746113989637
1 0.44963369963369965 0.5278497409326425 0.19230769230769232 0.07383419689119171
