2 0.7900390625 0.249267578125 0.061848958333333336 0.01904296875
0 0.314453125 0.26220703125 0.28125 0.033203125
2 0.7958984375 0.279541015625 0.061848958333333336 0.01904296875
0 0.3502604166666667 0.294677734375 0.3489583333333333 0.03173828125
2 0.7991536458333334 0.311279296875 0.06315104166666667 0.01904296875
0 0.3173828125 0.327880859375 0.2897135416666667 0.03564453125
2 0.8069661458333334 0.34423828125 0.06315104166666667 0.0185546875
0 0.2998046875 0.363037109375 0.259765625 0.02490234375
2 0.814453125 0.377685546875 0.06510416666666667 0.02001953125
0 0.3304036458333333 0.392333984375 0.3235677083333333 0.03759765625
2 0.818359375 0.41162109375 0.06640625 0.0185546875
0 0.2822265625 0.43115234375 0.23111979166666666 0.02734375
2 0.8264973958333334 0.447021484375 0.068359375 0.02001953125
0 0.23404947916666666 0.466064453125 0.177734375 0.03076171875
2 0.8317057291666666 0.483642578125 0.06966145833333333 0.02294921875
0 0.23470052083333334 0.50244140625 0.19205729166666666 0.0341796875
2 0.837890625 0.52001953125 0.0703125 0.021484375
0 0.2545572916666667 0.53955078125 0.22916666666666666 0.03125
2 0.845703125 0.558837890625 0.07291666666666667 0.02880859375
0 0.2548828125 0.576171875 0.23763020833333334 0.0361328125
2 0.8528645833333334 0.598388671875 0.0859375 0.02587890625
0 0.2548828125 0.61328125 0.24934895833333334 0.03515625
2 0.8597005208333334 0.640380859375 0.083984375 0.02978515625
0 0.25 0.654052734375 0.23307291666666666 0.03369140625
2 0.8567708333333334 0.680908203125 0.09765625 0.02685546875
0 0.24055989583333334 0.697509765625 0.22981770833333334 0.03369140625
2 0.8795572916666666 0.724365234375 0.08463541666666667 0.02587890625
0 0.2639973958333333 0.7412109375 0.2688802083333333 0.0283203125
2 0.8798828125 0.76904296875 0.087890625 0.0263671875
0 0.21744791666666666 0.786865234375 0.18489583333333334 0.02490234375
0 0.24446614583333334 0.8291015625 0.248046875 0.0322265625
2 0.880859375 0.81494140625 0.10807291666666667 0.0302734375
0 0.3746744791666667 0.875 0.5123697916666666 0.0361328125
2 0.8902994791666666 0.864501953125 0.10872395833333333 0.02978515625
0 0.3606770833333333 0.922119140625 0.4921875 0.04248046875
2 0.90234375 0.9111328125 0.11328125 0.037109375
1 0.5397135416666666 0.9189453125 0.8450520833333334 0.05078125
1 0.5328776041666666 0.87158203125 0.8287760416666666 0.0400390625
1 0.5283203125 0.8232421875 0.814453125 0.0439453125
1 0.5231119791666666 0.778076171875 0.8001302083333334 0.04052734375
1 0.5218098958333334 0.734130859375 0.806640625 0.04150390625
1 0.5126953125 0.691650390625 0.7845052083333334 0.04150390625
1 0.5192057291666666 0.64990234375 0.779296875 0.04296875
1 0.5146484375 0.6083984375 0.779296875 0.0439453125
1 0.5107421875 0.56689453125 0.7467447916666666 0.04296875
1 0.5052083333333334 0.534423828125 0.75 0.04931640625
1 0.5045572916666666 0.49609375 0.7317708333333334 0.0439453125
1 0.505859375 0.460693359375 0.71875 0.04345703125
1 0.5113932291666666 0.419677734375 0.6881510416666666 0.03662109375
1 0.5071614583333334 0.3876953125 0.6822916666666666 0.04296875
1 0.4993489583333333 0.2587890625 0.6497395833333334 0.0361328125
1 0.5013020833333334 0.29052734375 0.6536458333333334 0.037109375
1 0.5055338541666666 0.3232421875 0.662109375 0.0400390625
1 0.5045572916666666 0.35302734375 0.6744791666666666 0.037109375
