2 0.7721354166666666 0.33544921875 0.06640625 0.017578125
0 0.2913411458333333 0.350341796875 0.15299479166666666 0.02294921875
2 0.77734375 0.37060546875 0.06770833333333333 0.0185546875
0 0.3095703125 0.38427734375 0.19596354166666666 0.0224609375
2 0.78125 0.40576171875 0.07161458333333333 0.0205078125
0 0.3157552083333333 0.418701171875 0.20442708333333334 0.02392578125
2 0.7874348958333334 0.4404296875 0.06966145833333333 0.0185546875
0 0.3404947916666667 0.453125 0.2591145833333333 0.0234375
2 0.7936197916666666 0.47900390625 0.07291666666666667 0.0205078125
0 0.3209635416666667 0.49072265625 0.22265625 0.0234375
2 0.8001302083333334 0.514404296875 0.07161458333333333 0.01904296875
0 0.306640625 0.530029296875 0.19270833333333334 0.02294921875
2 0.8043619791666666 0.5537109375 0.072265625 0.0185546875
0 0.3225911458333333 0.568115234375 0.224609375 0.02783203125
2 0.8102213541666666 0.593994140625 0.07877604166666667 0.02197265625
0 0.3225911458333333 0.608154296875 0.23502604166666666 0.02880859375
2 0.8180338541666666 0.634521484375 0.07356770833333333 0.02001953125
0 0.3304036458333333 0.6484375 0.259765625 0.0302734375
2 0.8245442708333334 0.675048828125 0.07486979166666667 0.02001953125
0 0.3382161458333333 0.69091796875 0.2740885416666667 0.0234375
2 0.8310546875 0.718505859375 0.07486979166666667 0.02001953125
0 0.3069661458333333 0.736328125 0.208984375 0.0244140625
2 0.8382161458333334 0.762451171875 0.07486979166666667 0.02001953125
0 0.3382161458333333 0.778564453125 0.2766927083333333 0.02880859375
2 0.8450520833333334 0.807373046875 0.07682291666666667 0.02099609375
0 0.3258463541666667 0.8232421875 0.2532552083333333 0.0302734375
2 0.8531901041666666 0.853759765625 0.07877604166666667 0.02099609375
0 0.2884114583333333 0.872314453125 0.18359375 0.02783203125
2 0.8583984375 0.9013671875 0.07877604166666667 0.021484375
0 0.4130859375 0.917236328125 0.435546875 0.03662109375
1 0.5472005208333334 0.912353515625 0.705078125 0.04345703125
1 0.544921875 0.864990234375 0.6966145833333334 0.04248046875
1 0.5436197916666666 0.815185546875 0.6875 0.03857421875
1 0.537109375 0.77294921875 0.67578125 0.0400390625
1 0.5354817708333334 0.728759765625 0.6686197916666666 0.03955078125
1 0.5338541666666666 0.683349609375 0.6627604166666666 0.04052734375
1 0.5289713541666666 0.642578125 0.6555989583333334 0.0361328125
1 0.52734375 0.603271484375 0.6458333333333334 0.04150390625
1 0.5257161458333334 0.563232421875 0.6282552083333334 0.03662109375
1 0.5240885416666666 0.523681640625 0.625 0.03662109375
1 0.5208333333333334 0.487548828125 0.62109375 0.03564453125
1 0.5152994791666666 0.447998046875 0.6126302083333334 0.03857421875
1 0.5169270833333334 0.413330078125 0.6080729166666666 0.03564453125
1 0.5143229166666666 0.378662109375 0.5989583333333334 0.03271484375
1 0.5126953125 0.342529296875 0.5930989583333334 0.03369140625
