0 0.3128255208333333 0.4130859375 0.14778645833333334 0.0224609375
2 0.7893880208333334 0.412841796875 0.07747395833333333 0.02001953125
0 0.3421223958333333 0.45703125 0.20768229166666666 0.025390625
2 0.79296875 0.455810546875 0.07682291666666667 0.02001953125
0 0.369140625 0.50244140625 0.2721354166666667 0.025390625
2 0.7972005208333334 0.501708984375 0.07877604166666667 0.02001953125
0 0.3795572916666667 0.547119140625 0.2994791666666667 0.02685546875
2 0.8004557291666666 0.548583984375 0.07877604166666667 0.02001953125
0 0.3264973958333333 0.595947265625 0.20377604166666666 0.02392578125
2 0.8050130208333334 0.595947265625 0.080078125 0.02099609375
0 0.3206380208333333 0.644775390625 0.20247395833333334 0.02294921875
2 0.8092447916666666 0.6455078125 0.08203125 0.021484375
0 0.3170572916666667 0.697509765625 0.203125 0.02978515625
2 0.8154296875 0.6962890625 0.083984375 0.021484375
0 0.3857421875 0.7490234375 0.349609375 0.0224609375
2 0.8196614583333334 0.748046875 0.08203125 0.021484375
0 0.3160807291666667 0.80419921875 0.22200520833333334 0.0302734375
2 0.82421875 0.801513671875 0.08723958333333333 0.02392578125
1 0.5341796875 0.411865234375 0.5930989583333334 0.02294921875
1 0.5322265625 0.456787109375 0.5930989583333334 0.02294921875
1 0.5367838541666666 0.50341796875 0.6061197916666666 0.0244140625
1 0.5354817708333334 0.54736328125 0.611328125 0.0283203125
1 0.5348307291666666 0.5947265625 0.6217447916666666 0.029296875
1 0.5361328125 0.64404296875 0.6321614583333334 0.029296875
1 0.5348307291666666 0.69775390625 0.6438802083333334 0.0283203125
1 0.5361328125 0.74658203125 0.6529947916666666 0.0283203125
1 0.5367838541666666 0.8037109375 0.662109375 0.03125
