2 0.8037109375 0.35791015625 0.052734375 0.017578125
0 0.3388671875 0.355712890625 0.22981770833333334 0.02001953125
2 0.8053385416666666 0.38623046875 0.0546875 0.0185546875
0 0.30859375 0.385498046875 0.18489583333333334 0.02099609375
2 0.8076171875 0.416748046875 0.054036458333333336 0.01904296875
0 0.3522135416666667 0.41796875 0.2708333333333333 0.0263671875
2 0.8102213541666666 0.446533203125 0.056640625 0.01904296875
0 0.291015625 0.447998046875 0.15364583333333334 0.02197265625
2 0.8115234375 0.477783203125 0.054036458333333336 0.02001953125
0 0.2731119791666667 0.478271484375 0.12044270833333333 0.02001953125
2 0.8160807291666666 0.509033203125 0.057942708333333336 0.01904296875
0 0.3089192708333333 0.50830078125 0.197265625 0.025390625
2 0.8199869791666666 0.540771484375 0.057942708333333336 0.01904296875
0 0.3310546875 0.54052734375 0.244140625 0.0244140625
2 0.8212890625 0.57421875 0.059244791666666664 0.021484375
0 0.314453125 0.573486328125 0.21484375 0.02392578125
2 0.8225911458333334 0.607177734375 0.057942708333333336 0.02001953125
0 0.3138020833333333 0.607177734375 0.22265625 0.02392578125
2 0.8251953125 0.640869140625 0.057942708333333336 0.02001953125
0 0.2958984375 0.639404296875 0.18684895833333334 0.02294921875
2 0.8277994791666666 0.674072265625 0.057942708333333336 0.02001953125
0 0.296875 0.676513671875 0.19791666666666666 0.02685546875
2 0.8291015625 0.708251953125 0.057942708333333336 0.02099609375
0 0.3118489583333333 0.710693359375 0.23046875 0.02880859375
2 0.8330078125 0.743896484375 0.057942708333333336 0.02001953125
0 0.3177083333333333 0.74755859375 0.2513020833333333 0.0283203125
2 0.8349609375 0.779052734375 0.059244791666666664 0.02099609375
0 0.3118489583333333 0.7822265625 0.24348958333333334 0.025390625
2 0.837890625 0.814697265625 0.059895833333333336 0.02099609375
0 0.3577473958333333 0.81689453125 0.3365885416666667 0.033203125
2 0.8385416666666666 0.853271484375 0.059895833333333336 0.02294921875
0 0.32421875 0.853271484375 0.2747395833333333 0.02685546875
2 0.8430989583333334 0.88916015625 0.061197916666666664 0.0224609375
0 0.3274739583333333 0.89111328125 0.2877604166666667 0.0283203125
1 0.5289713541666666 0.355712890625 0.611328125 0.02099609375
1 0.5263671875 0.38525390625 0.6165364583333334 0.0224609375
1 0.5279947916666666 0.41796875 0.62109375 0.0234375
1 0.5270182291666666 0.447998046875 0.623046875 0.02099609375
1 0.52734375 0.478271484375 0.6276041666666666 0.02392578125
1 0.5276692708333334 0.508544921875 0.6360677083333334 0.02783203125
1 0.5289713541666666 0.5400390625 0.6373697916666666 0.0263671875
1 0.52734375 0.57421875 0.6419270833333334 0.0244140625
1 0.5247395833333334 0.608154296875 0.6510416666666666 0.02490234375
1 0.5283203125 0.639404296875 0.6490885416666666 0.02294921875
1 0.5279947916666666 0.677001953125 0.6614583333333334 0.02392578125
1 0.5279947916666666 0.710205078125 0.6640625 0.02880859375
1 0.52734375 0.748046875 0.671875 0.0283203125
1 0.52734375 0.78173828125 0.671875 0.0283203125
1 0.5276692708333334 0.8173828125 0.6790364583333334 0.029296875
1 0.5289713541666666 0.852783203125 0.685546875 0.02880859375
1 0.5296223958333334 0.890869140625 0.6946614583333334 0.02978515625
