2 0.8196614583333334 0.339111328125 0.055989583333333336 0.01708984375
0 0.2965494791666667 0.3330078125 0.166015625 0.0244140625
2 0.8206380208333334 0.369140625 0.056640625 0.017578125
0 0.30078125 0.3642578125 0.1796875 0.02734375
2 0.822265625 0.399169921875 0.055989583333333336 0.01904296875
0 0.3274739583333333 0.392578125 0.23828125 0.0263671875
2 0.8235677083333334 0.430419921875 0.055989583333333336 0.01904296875
0 0.2760416666666667 0.42529296875 0.13671875 0.025390625
2 0.826171875 0.46142578125 0.061197916666666664 0.021484375
0 0.26171875 0.454345703125 0.11197916666666667 0.02001953125
2 0.8284505208333334 0.49462890625 0.057942708333333336 0.0185546875
0 0.2796223958333333 0.487060546875 0.15690104166666666 0.02001953125
2 0.822265625 0.527099609375 0.07682291666666667 0.02001953125
0 0.3193359375 0.520263671875 0.23893229166666666 0.02685546875
2 0.8333333333333334 0.56103515625 0.059895833333333336 0.0185546875
0 0.2783203125 0.552490234375 0.166015625 0.02001953125
2 0.8268229166666666 0.595703125 0.078125 0.0224609375
0 0.2867838541666667 0.5888671875 0.19466145833333334 0.0263671875
0 0.3330078125 0.716064453125 0.3053385416666667 0.02880859375
2 0.8440755208333334 0.721923828125 0.06315104166666667 0.02001953125
2 0.8362630208333334 0.76025390625 0.080078125 0.021484375
0 0.36328125 0.756103515625 0.3763020833333333 0.02978515625
2 0.8362630208333334 0.796142578125 0.07877604166666667 0.02294921875
0 0.2897135416666667 0.788330078125 0.24479166666666666 0.02978515625
2 0.8395182291666666 0.83544921875 0.08268229166666667 0.0224609375
0 0.2998046875 0.826904296875 0.2649739583333333 0.03173828125
2 0.8414713541666666 0.873779296875 0.083984375 0.02392578125
0 0.2854817708333333 0.86865234375 0.24544270833333334 0.033203125
2 0.80859375 0.91259765625 0.15885416666666666 0.029296875
0 0.2932942708333333 0.90771484375 0.263671875 0.0302734375
1 0.5299479166666666 0.716796875 0.6953125 0.0302734375
1 0.52734375 0.7568359375 0.7005208333333334 0.029296875
1 0.521484375 0.791015625 0.7135416666666666 0.033203125
1 0.5250651041666666 0.8291015625 0.7154947916666666 0.0361328125
1 0.5231119791666666 0.868408203125 0.724609375 0.03466796875
1 0.5250651041666666 0.909423828125 0.728515625 0.03564453125
1 0.5302734375 0.334228515625 0.6373697916666666 0.02978515625
1 0.5302734375 0.364013671875 0.638671875 0.03173828125
1 0.5302734375 0.392333984375 0.6412760416666666 0.02880859375
1 0.53125 0.42626953125 0.6458333333333334 0.0263671875
1 0.5305989583333334 0.45849609375 0.65234375 0.029296875
1 0.5299479166666666 0.49072265625 0.6549479166666666 0.0263671875
1 0.529296875 0.52099609375 0.6614583333333334 0.033203125
1 0.5296223958333334 0.555908203125 0.669921875 0.03173828125
1 0.5279947916666666 0.591796875 0.6796875 0.033203125
