2 0.759765625 0.363525390625 0.06640625 0.01708984375
0 0.3180338541666667 0.367431640625 0.193359375 0.01708984375
2 0.7633463541666666 0.390869140625 0.06705729166666667 0.01708984375
0 0.3430989583333333 0.3955078125 0.24348958333333334 0.0185546875
2 0.7659505208333334 0.4189453125 0.068359375 0.0185546875
0 0.3489583333333333 0.42431640625 0.2630208333333333 0.0224609375
2 0.7682291666666666 0.446044921875 0.07161458333333333 0.02099609375
0 0.3561197916666667 0.45263671875 0.2799479166666667 0.021484375
2 0.7731119791666666 0.474853515625 0.068359375 0.01904296875
0 0.3701171875 0.47998046875 0.3118489583333333 0.0185546875
2 0.775390625 0.50390625 0.07161458333333333 0.021484375
0 0.3857421875 0.510009765625 0.345703125 0.02099609375
2 0.7874348958333334 0.61279296875 0.07356770833333333 0.0185546875
0 0.3014322916666667 0.619384765625 0.19270833333333334 0.02294921875
2 0.7919921875 0.644775390625 0.072265625 0.02001953125
0 0.3597005208333333 0.650634765625 0.3118489583333333 0.02490234375
2 0.7945963541666666 0.677490234375 0.07356770833333333 0.02001953125
0 0.3352864583333333 0.685546875 0.2669270833333333 0.0283203125
2 0.798828125 0.71044921875 0.07552083333333333 0.0185546875
0 0.3404947916666667 0.71875 0.28515625 0.0302734375
2 0.8024088541666666 0.743896484375 0.07486979166666667 0.02001953125
0 0.3014322916666667 0.753662109375 0.20963541666666666 0.02490234375
2 0.8059895833333334 0.7783203125 0.07552083333333333 0.021484375
0 0.2919921875 0.78662109375 0.193359375 0.0224609375
2 0.8092447916666666 0.812744140625 0.07552083333333333 0.02001953125
0 0.2858072916666667 0.823486328125 0.18489583333333334 0.02685546875
2 0.8128255208333334 0.847900390625 0.07486979166666667 0.02001953125
0 0.2874348958333333 0.858642578125 0.19596354166666666 0.02587890625
2 0.8180338541666666 0.8837890625 0.07486979166666667 0.021484375
0 0.3125 0.895263671875 0.25 0.02783203125
2 0.8206380208333334 0.9208984375 0.07747395833333333 0.0224609375
0 0.25390625 0.934326171875 0.14192708333333334 0.02978515625
1 0.5218098958333334 0.930908203125 0.677734375 0.03857421875
1 0.51953125 0.891845703125 0.6770833333333334 0.03759765625
1 0.521484375 0.85546875 0.6666666666666666 0.033203125
1 0.5211588541666666 0.819580078125 0.654296875 0.03466796875
1 0.5208333333333334 0.783935546875 0.6536458333333334 0.03466796875
1 0.5205078125 0.7490234375 0.6438802083333334 0.033203125
1 0.5162760416666666 0.717529296875 0.6458333333333334 0.03369140625
1 0.5149739583333334 0.685791015625 0.6458333333333334 0.03369140625
1 0.5201822916666666 0.650146484375 0.64453125 0.02685546875
1 0.5201822916666666 0.6162109375 0.63671875 0.02734375
1 0.5087890625 0.36669921875 0.5748697916666666 0.021484375
1 0.5100911458333334 0.39306640625 0.5774739583333334 0.0263671875
1 0.5087890625 0.42138671875 0.5865885416666666 0.0283203125
1 0.5113932291666666 0.45068359375 0.591796875 0.02734375
1 0.5130208333333334 0.4775390625 0.59375 0.0263671875
1 0.5130208333333334 0.50634765625 0.5989583333333334 0.0322265625
