2 0.8059895833333334 0.279541015625 0.07161458333333333 0.01904296875
0 0.32421875 0.284423828125 0.21354166666666666 0.02490234375
2 0.8092447916666666 0.30810546875 0.07161458333333333 0.0185546875
0 0.3248697916666667 0.313232421875 0.21875 0.02587890625
2 0.8138020833333334 0.33740234375 0.07552083333333333 0.0224609375
0 0.3483072916666667 0.34375 0.2721354166666667 0.0244140625
2 0.81640625 0.3681640625 0.07552083333333333 0.0185546875
0 0.3229166666666667 0.373779296875 0.22526041666666666 0.02392578125
2 0.8212890625 0.398193359375 0.076171875 0.02099609375
0 0.3216145833333333 0.405517578125 0.22526041666666666 0.02490234375
2 0.8258463541666666 0.4306640625 0.07747395833333333 0.0185546875
0 0.3216145833333333 0.4365234375 0.23177083333333334 0.0224609375
2 0.8294270833333334 0.462646484375 0.07682291666666667 0.02001953125
0 0.3212890625 0.46826171875 0.23502604166666666 0.021484375
2 0.8336588541666666 0.494873046875 0.07877604166666667 0.02001953125
0 0.3274739583333333 0.50244140625 0.2513020833333333 0.0244140625
2 0.7867838541666666 0.53173828125 0.177734375 0.0263671875
0 0.3082682291666667 0.534912109375 0.21940104166666666 0.02392578125
2 0.791015625 0.56640625 0.17838541666666666 0.025390625
0 0.3056640625 0.56884765625 0.21809895833333334 0.0263671875
2 0.8050130208333334 0.69580078125 0.18294270833333334 0.029296875
0 0.2513020833333333 0.69873046875 0.1328125 0.0263671875
2 0.80859375 0.7333984375 0.18619791666666666 0.029296875
0 0.2503255208333333 0.7373046875 0.134765625 0.0224609375
2 0.8128255208333334 0.772705078125 0.18815104166666666 0.03173828125
0 0.24348958333333334 0.774169921875 0.12760416666666666 0.02392578125
2 0.81640625 0.8115234375 0.19140625 0.029296875
0 0.24609375 0.814208984375 0.14192708333333334 0.03369140625
2 0.8206380208333334 0.851318359375 0.19205729166666666 0.02783203125
0 0.2763671875 0.8583984375 0.205078125 0.029296875
2 0.8264973958333334 0.892822265625 0.193359375 0.02392578125
0 0.236328125 0.898193359375 0.140625 0.03564453125
1 0.5419921875 0.6953125 0.7141927083333334 0.0302734375
1 0.5374348958333334 0.73291015625 0.7180989583333334 0.0341796875
1 0.5419921875 0.769775390625 0.732421875 0.03564453125
1 0.5416666666666666 0.812255859375 0.7369791666666666 0.03759765625
1 0.5485026041666666 0.8525390625 0.7467447916666666 0.03515625
1 0.5491536458333334 0.894775390625 0.763671875 0.04150390625
1 0.5296223958333334 0.28369140625 0.6295572916666666 0.0234375
1 0.5319010416666666 0.310546875 0.6263020833333334 0.0302734375
1 0.5361328125 0.34130859375 0.6490885416666666 0.0263671875
1 0.5319010416666666 0.37158203125 0.6484375 0.0283203125
1 0.533203125 0.401611328125 0.6549479166666666 0.02880859375
1 0.5361328125 0.43359375 0.6608072916666666 0.02734375
1 0.5390625 0.4619140625 0.66796875 0.0283203125
1 0.5364583333333334 0.49609375 0.6692708333333334 0.0341796875
1 0.5374348958333334 0.530517578125 0.6803385416666666 0.03466796875
1 0.5380859375 0.564208984375 0.685546875 0.03466796875
