0 0.49027777777777776 0.33629191321499013 0.25462962962962965 0.021696252465483234
2 0.9185185185185185 0.3399079552925707 0.08333333333333333 0.014464168310322156
0 0.4925925925925926 0.35535831689677844 0.2574074074074074 0.01775147928994083
2 0.9166666666666666 0.35930309007232086 0.08333333333333333 0.015121630506245891
0 0.4962962962962963 0.37442472057856674 0.26481481481481484 0.01643655489809336
2 0.9175925925925926 0.3790269559500329 0.08148148148148149 0.015121630506245891
0 0.49907407407407406 0.39316239316239315 0.27037037037037037 0.017094017094017096
2 0.9175925925925926 0.3971071663379356 0.08148148148148149 0.014464168310322156
0 0.4685185185185185 0.41321499013806706 0.2111111111111111 0.0190664036817883
2 0.9175925925925926 0.4171597633136095 0.08148148148148149 0.013806706114398421
0 0.49166666666666664 0.43162393162393164 0.25555555555555554 0.01643655489809336
2 0.9175925925925926 0.4362261669953978 0.08148148148148149 0.015121630506245891
0 0.5203703703703704 0.4516765285996055 0.31296296296296294 0.01972386587771203
2 0.9185185185185185 0.4549638395792242 0.08518518518518518 0.018408941485864562
0 0.4685185185185185 0.4888231426692965 0.2111111111111111 0.0190664036817883
2 0.9185185185185185 0.49342537804076264 0.08333333333333333 0.015121630506245891
0 0.5694444444444444 0.5078895463510849 0.4111111111111111 0.01775147928994083
2 0.9185185185185185 0.5124917817225509 0.08333333333333333 0.01643655489809336
0 0.4185185185185185 0.591715976331361 0.09814814814814815 0.01972386587771203
2 0.9185185185185185 0.5936883629191322 0.08333333333333333 0.014464168310322156
0 0.4587962962962963 0.6117685733070348 0.1787037037037037 0.01775147928994083
2 0.9175925925925926 0.6124260355029586 0.08148148148148149 0.015121630506245891
0 0.4236111111111111 0.6321499013806706 0.10833333333333334 0.01643655489809336
2 0.9166666666666666 0.6328073635765944 0.08333333333333333 0.015121630506245891
0 0.43796296296296294 0.650887573964497 0.1388888888888889 0.018408941485864562
2 0.9185185185185185 0.6505588428665352 0.08333333333333333 0.015121630506245891
0 0.43657407407407406 0.6699539776462854 0.13425925925925927 0.015779092702169626
2 0.9175925925925926 0.6706114398422091 0.08148148148148149 0.014464168310322156
0 0.4337962962962963 0.6893491124260355 0.1287037037037037 0.01643655489809336
2 0.9175925925925926 0.6886916502301118 0.08148148148148149 0.015121630506245891
0 0.4060185185185185 0.7080867850098619 0.075 0.018408941485864562
2 0.925 0.7084155161078238 0.06666666666666667 0.015121630506245891
0 0.4375 0.7264957264957265 0.1361111111111111 0.017094017094017096
2 0.9259259259259259 0.727810650887574 0.06851851851851852 0.014464168310322156
0 0.5111111111111111 0.8053911900065747 0.2833333333333333 0.018408941485864562
2 0.9185185185185185 0.8070348454963839 0.08333333333333333 0.015121630506245891
0 0.44027777777777777 0.8241288625904011 0.14166666666666666 0.01775147928994083
2 0.9175925925925926 0.8254437869822485 0.08518518518518518 0.015121630506245891
0 0.44305555555555554 0.8438527284681131 0.14722222222222223 0.015121630506245891
2 0.9175925925925926 0.8451676528599605 0.08148148148148149 0.015121630506245891
0 0.44305555555555554 0.8625904010519395 0.14722222222222223 0.015779092702169626
2 0.9185185185185185 0.8632478632478633 0.08333333333333333 0.014464168310322156
0 0.4444444444444444 0.8823142669296515 0.15 0.01972386587771203
2 0.9259259259259259 0.8826429980276134 0.06851851851851852 0.015121630506245891
1 0.6615740740740741 0.33596318211702825 0.5972222222222222 0.0210387902695595
1 0.6606481481481481 0.5101906640368179 0.5972222222222222 0.0210387902695595
1 0.6615740740740741 0.4904667981591059 0.5972222222222222 0.0210387902695595
1 0.6615740740740741 0.35634451019066404 0.5972222222222222 0.018408941485864562
1 0.6615740740740741 0.3747534516765286 0.5953703703703703 0.01972386587771203
1 0.6611111111111111 0.39349112426035504 0.5944444444444444 0.0190664036817883
1 0.6606481481481481 0.41354372123602895 0.5972222222222222 0.0210387902695595
1 0.6611111111111111 0.43228139381985536 0.5981481481481481 0.0190664036817883
1 0.6652777777777777 0.4526627218934911 0.6027777777777777 0.024326101249178174
1 0.6657407407407407 0.5927021696252466 0.5925925925925926 0.020381328073635765
1 0.6648148148148149 0.6111111111111112 0.5962962962962963 0.0190664036817883
1 0.6638888888888889 0.6318211702827088 0.5888888888888889 0.017094017094017096
1 0.663425925925926 0.6505588428665352 0.5935185185185186 0.020381328073635765
1 0.6643518518518519 0.6696252465483234 0.5916666666666667 0.0190664036817883
1 0.6625 0.6896778435239974 0.5898148148148148 0.017094017094017096
1 0.6652777777777777 0.7087442472057857 0.5898148148148148 0.01972386587771203
1 0.6675925925925926 0.7258382642998028 0.5925925925925926 0.017094017094017096
1 0.6652777777777777 0.8057199211045365 0.5935185185185186 0.0190664036817883
1 0.6652777777777777 0.8244575936883629 0.5972222222222222 0.01972386587771203
1 0.6652777777777777 0.8438527284681131 0.5953703703703703 0.01643655489809336
1 0.6648148148148149 0.8612754766600921 0.5944444444444444 0.018408941485864562
1 0.6638888888888889 0.8826429980276134 0.5907407407407408 0.021696252465483234
