2 0.8162037037037037 0.31767955801104975 0.12685185185185185 0.05386740331491713
0 0.40046296296296297 0.3218232044198895 0.5601851851851852 0.049723756906077346
0 0.4310185185185185 0.38570441988950277 0.6175925925925926 0.04212707182320442
2 0.8037037037037037 0.44060773480662985 0.10185185185185185 0.04005524861878453
0 0.31666666666666665 0.4419889502762431 0.3851851851851852 0.03729281767955801
0 0.30694444444444446 0.4937845303867403 0.35833333333333334 0.034530386740331494
2 0.8027777777777778 0.4972375690607735 0.1037037037037037 0.04143646408839779
2 0.3421296296296296 0.6774861878453039 0.325 0.04558011049723757
0 0.48055555555555557 0.6087707182320442 0.7648148148148148 0.057320441988950276
2 0.8300925925925926 0.7824585635359116 0.04351851851851852 0.017955801104972375
2 0.5458333333333333 0.7838397790055248 0.028703703703703703 0.017955801104972375
0 0.1699074074074074 0.7904005524861878 0.07685185185185185 0.0324585635359116
0 0.6763888888888889 0.7855662983425414 0.0712962962962963 0.018646408839779006
2 0.2791666666666667 0.7862569060773481 0.030555555555555555 0.017265193370165747
0 0.41435185185185186 0.7859116022099447 0.028703703703703703 0.016574585635359115
2 0.8291666666666667 0.8131906077348067 0.041666666666666664 0.015883977900552487
2 0.5458333333333333 0.8149171270718232 0.028703703703703703 0.017955801104972375
0 0.4486111111111111 0.8169889502762431 0.10092592592592593 0.019337016574585635
0 0.6675925925925926 0.8183701657458563 0.05740740740740741 0.022099447513812154
2 0.28703703703703703 0.8183701657458563 0.04259259259259259 0.019337016574585635
0 0.17222222222222222 0.8207872928176796 0.07777777777777778 0.018646408839779006
0 0.7245370370370371 0.8463397790055248 0.1675925925925926 0.024171270718232045
0 0.4597222222222222 0.8491022099447514 0.11944444444444445 0.022790055248618785
2 0.2861111111111111 0.8487569060773481 0.040740740740740744 0.017955801104972375
0 0.1824074074074074 0.8515193370165746 0.0962962962962963 0.022099447513812154
0 0.19305555555555556 0.8912292817679558 0.12685185185185185 0.04074585635359116
2 0.6782407407407407 0.6747237569060773 0.325 0.04558011049723757
2 0.2865740740740741 0.8905386740331491 0.058333333333333334 0.04074585635359116
2 0.5449074074074074 0.8466850828729282 0.028703703703703703 0.017955801104972375
2 0.8310185185185185 0.8449585635359116 0.04351851851851852 0.020027624309392266
1 0.48148148148148145 0.6395027624309392 0.7685185185185185 0.11878453038674033
1 0.21388888888888888 0.789364640883978 0.16296296296296298 0.031767955801104975
1 0.22083333333333333 0.818024861878453 0.17685185185185184 0.018646408839779006
1 0.2199074074074074 0.8515193370165746 0.17314814814814813 0.022099447513812154
1 0.2222222222222222 0.8908839779005525 0.18518518518518517 0.04143646408839779
1 0.48055555555555557 0.7841850828729282 0.15925925925925927 0.017265193370165747
1 0.4791666666666667 0.8156077348066298 0.1638888888888889 0.019337016574585635
1 0.4787037037037037 0.8494475138121547 0.16111111111111112 0.024861878453038673
1 0.7467592592592592 0.7841850828729282 0.21203703703703702 0.017265193370165747
1 0.7472222222222222 0.8459944751381215 0.21481481481481482 0.023480662983425413
1 0.7453703703703703 0.8169889502762431 0.21481481481481482 0.023480662983425413
2 0.8092592592592592 0.3846685082872928 0.12222222222222222 0.04696132596685083
1 0.49953703703703706 0.31767955801104975 0.7657407407407407 0.055248618784530384
1 0.49722222222222223 0.38501381215469616 0.75 0.04903314917127072
1 0.48935185185185187 0.4416436464088398 0.7324074074074074 0.04074585635359116
1 0.4930555555555556 0.493439226519337 0.7268518518518519 0.03522099447513812
