2 0.7333333333333333 0.22311654861558275 0.06666666666666667 0.031551835157759174
0 0.5 0.2237604636188023 0.3851851851851852 0.028976175144880875
0 0.45925925925925926 0.25756600128783 0.29259259259259257 0.02704443013522215
0 0.45 0.2907276239536381 0.2740740740740741 0.027688345138441726
0 0.49398148148148147 0.32066967160334836 0.36203703703703705 0.025756600128783
0 0.48935185185185187 0.35222150676110753 0.3490740740740741 0.02962009014810045
0 0.40185185185185185 0.38280746941403737 0.17777777777777778 0.025112685125563427
0 0.4125 0.41371538956857695 0.19537037037037036 0.025112685125563427
0 0.3902777777777778 0.46619446233097234 0.15462962962962962 0.028332260141661302
0 0.43842592592592594 0.5006439150032196 0.25092592592592594 0.028976175144880875
0 0.45740740740740743 0.5344494526722473 0.28888888888888886 0.03219575016097875
0 0.387037037037037 0.5798454603992274 0.14074074074074075 0.026400515132002575
0 0.40555555555555556 0.6152607855763039 0.17777777777777778 0.030264005151320026
0 0.42268518518518516 0.6490663232453316 0.21574074074074073 0.02704443013522215
0 0.3962962962962963 0.6838377334191886 0.15925925925925927 0.025756600128783
0 0.3925925925925926 0.7198969735994849 0.1537037037037037 0.030907920154539602
0 0.46944444444444444 0.7958789439793947 0.29444444444444445 0.0334835801674179
0 0.8037037037037037 0.8300064391500322 0.1814814814814815 0.030907920154539602
0 0.45925925925925926 0.8322601416613007 0.2740740740740741 0.028976175144880875
0 0.39444444444444443 0.8686413393432066 0.14814814814814814 0.028332260141661302
0 0.3976851851851852 0.9021249195106246 0.14907407407407408 0.028332260141661302
0 0.8148148148148148 0.7971667739858339 0.18888888888888888 0.03219575016097875
2 0.7314814814814815 0.2218287186091436 0.06666666666666667 0.031551835157759174
2 0.6175925925925926 0.2916934964584675 0.05555555555555555 0.028332260141661302
2 0.6412037037037037 0.25756600128783 0.06018518518518518 0.02962009014810045
2 0.7106481481481481 0.3200257566001288 0.06018518518518518 0.02962009014810045
2 0.7032407407407407 0.3509336767546684 0.06018518518518518 0.02962009014810045
2 0.524537037037037 0.3831294269156471 0.062037037037037036 0.025756600128783
2 0.5532407407407407 0.41403734707018675 0.06018518518518518 0.02962009014810045
2 0.6337962962962963 0.5331616226658081 0.06018518518518518 0.02962009014810045
2 0.5972222222222222 0.4987121699935608 0.06851851851851852 0.032839665164198326
2 0.5013888888888889 0.46683837733419187 0.06018518518518518 0.02962009014810045
2 0.49537037037037035 0.578879587894398 0.06666666666666667 0.030907920154539602
2 0.763425925925926 0.6130070830650354 0.06018518518518518 0.02962009014810045
2 0.6828703703703703 0.7186091435930457 0.06018518518518518 0.02962009014810045
2 0.5097222222222222 0.6844816484224082 0.06018518518518518 0.02962009014810045
2 0.5574074074074075 0.6481004507405023 0.044444444444444446 0.028976175144880875
2 0.9486111111111111 0.7945911139729556 0.06018518518518518 0.02962009014810045
2 0.6504629629629629 0.7971667739858339 0.06018518518518518 0.02962009014810045
2 0.9263888888888889 0.8287186091435931 0.06018518518518518 0.02962009014810045
2 0.7060185185185185 0.8679974243399872 0.06018518518518518 0.02962009014810045
2 0.6282407407407408 0.8319381841596909 0.06018518518518518 0.02962009014810045
2 0.5060185185185185 0.9008370895041854 0.06018518518518518 0.02962009014810045
1 0.42962962962962964 0.901481004507405 0.2111111111111111 0.030907920154539602
1 0.5291666666666667 0.8725048293625242 0.41203703703703703 0.0360592401802962
1 0.4925925925925926 0.8329040566645203 0.3388888888888889 0.032839665164198326
1 0.5023148148148148 0.7965228589826143 0.35648148148148145 0.03477141017385705
1 0.836574074074074 0.8280746941403735 0.24722222222222223 0.03219575016097875
1 0.850925925925926 0.7955569864777849 0.2611111111111111 0.028976175144880875
1 0.5148148148148148 0.7186091435930457 0.40555555555555556 0.03219575016097875
1 0.42777777777777776 0.6860914359304572 0.2222222222222222 0.031551835157759174
1 0.4476851851851852 0.6493882807469414 0.2657407407407407 0.030264005151320026
1 0.5527777777777778 0.6123631680618158 0.4777777777777778 0.030907920154539602
1 0.4222222222222222 0.5808113329040566 0.21666666666666667 0.03219575016097875
1 0.4888888888888889 0.5338055376690277 0.35 0.0334835801674179
1 0.47129629629629627 0.5009658725048294 0.31851851851851853 0.03219575016097875
1 0.42314814814814816 0.46780424983902125 0.21851851851851853 0.028976175144880875
1 0.44814814814814813 0.41435930457179654 0.26851851851851855 0.032839665164198326
1 0.4351851851851852 0.3834513844172569 0.24259259259259258 0.030264005151320026
1 0.525 0.34996780424983903 0.42407407407407405 0.030264005151320026
1 0.5273148148148148 0.3200257566001288 0.4287037037037037 0.02704443013522215
1 0.47824074074074074 0.2887958789439794 0.33240740740740743 0.031551835157759174
1 0.4925925925925926 0.25885383129426914 0.3611111111111111 0.03219575016097875
1 0.5365740740740741 0.22247263361236316 0.4638888888888889 0.030264005151320026
0 0.5120370370370371 0.7202189311010947 0.08333333333333333 0.030264005151320026
0 0.5935185185185186 0.7189311010946555 0.08333333333333333 0.030264005151320026
0 0.537962962962963 0.871216999356085 0.14444444444444443 0.02962009014810045
0 0.6453703703703704 0.8715389568576948 0.053703703703703705 0.028976175144880875
