0 0.3476851851851852 0.4426751592356688 0.23796296296296296 0.01910828025477707
2 0.7550925925925925 0.4256900212314225 0.03425925925925926 0.017692852087756547
0 0.3388888888888889 0.483722576079264 0.21666666666666667 0.017692852087756547
2 0.75 0.470276008492569 0.03333333333333333 0.017692852087756547
0 0.3143518518518518 0.5300778485491862 0.1712962962962963 0.016985138004246284
2 0.7481481481481481 0.5162774239207361 0.03333333333333333 0.01910828025477707
0 0.3 0.5718329794762915 0.1425925925925926 0.01840056617126681
2 0.7472222222222222 0.5608634111818825 0.03333333333333333 0.017692852087756547
0 0.30324074074074076 0.6164189667374381 0.15092592592592594 0.016985138004246284
2 0.7453703703703703 0.6040339702760085 0.02962962962962963 0.01627742392073602
0 0.3824074074074074 0.6613588110403397 0.3111111111111111 0.021939136588818117
2 0.7416666666666667 0.6454352441613588 0.03148148148148148 0.01556970983722576
0 0.33611111111111114 0.7031139419674451 0.2222222222222222 0.017692852087756547
2 0.7379629629629629 0.6871903750884643 0.03148148148148148 0.014154281670205236
0 0.3527777777777778 0.7430997876857749 0.25555555555555554 0.019815994338287332
2 0.7361111111111112 0.7275300778485492 0.03333333333333333 0.014154281670205236
1 0.5 0.43241330502477 0.5444444444444444 0.04104741684359519
1 0.4981481481481482 0.4759377211606511 0.5388888888888889 0.03326256192498231
1 0.49583333333333335 0.5208775654635527 0.537962962962963 0.03821656050955414
1 0.4949074074074074 0.564755838641189 0.5342592592592592 0.035385704175513094
1 0.4930555555555556 0.607926397735315 0.5342592592592592 0.03397027600849257
1 0.49074074074074076 0.6525123849964615 0.5296296296296297 0.04246284501061571
1 0.4888888888888889 0.6935598018400566 0.5277777777777778 0.03821656050955414
1 0.48842592592592593 0.7342533616418967 0.5324074074074074 0.03750884642604388
