0 0.1726851851851852 0.13550295857988165 0.14907407407407408 0.029585798816568046
0 0.6273148148148148 0.13846153846153847 0.23425925925925925 0.023668639053254437
2 0.19305555555555556 0.17100591715976332 0.06944444444444445 0.022485207100591716
2 0.6564814814814814 0.16982248520710058 0.06851851851851852 0.022485207100591716
0 0.5847222222222223 0.19881656804733727 0.14722222222222223 0.023668639053254437
2 0.6555555555555556 0.23431952662721894 0.06481481481481481 0.02603550295857988
0 0.1736111111111111 0.2532544378698225 0.14907407407407408 0.028402366863905324
0 0.6273148148148148 0.26331360946745563 0.24166666666666667 0.022485207100591716
2 0.19675925925925927 0.29289940828402367 0.06574074074074074 0.022485207100591716
2 0.6546296296296297 0.29704142011834317 0.06481481481481481 0.021301775147928994
0 0.5842592592592593 0.32781065088757394 0.15555555555555556 0.023668639053254437
2 0.6550925925925926 0.3603550295857988 0.062037037037037036 0.022485207100591716
0 0.17037037037037037 0.38284023668639056 0.15185185185185185 0.05325443786982249
0 0.5537037037037037 0.41301775147928993 0.08148148148148149 0.023668639053254437
2 0.19722222222222222 0.4372781065088757 0.06481481481481481 0.022485207100591716
2 0.5884259259259259 0.44792899408284026 0.06574074074074074 0.020118343195266272
0 0.1726851851851852 0.49644970414201184 0.14351851851851852 0.05798816568047337
0 0.5537037037037037 0.5017751479289941 0.08148148148148149 0.021301775147928994
2 0.5902777777777778 0.5449704142011834 0.06574074074074074 0.02485207100591716
2 0.19814814814814816 0.5497041420118344 0.06296296296296296 0.02485207100591716
0 0.5703703703703704 0.5857988165680473 0.11481481481481481 0.028402366863905324
0 0.1675925925925926 0.5881656804733728 0.13333333333333333 0.02603550295857988
2 0.6226851851851852 0.6224852071005917 0.06574074074074074 0.021301775147928994
2 0.19722222222222222 0.6242603550295858 0.06481481481481481 0.020118343195266272
0 0.14305555555555555 0.6597633136094675 0.0712962962962963 0.022485207100591716
2 0.19537037037037036 0.6958579881656805 0.06666666666666667 0.021301775147928994
0 0.4393518518518518 0.7597633136094675 0.1787037037037037 0.040236686390532544
2 0.46944444444444444 0.7964497041420119 0.1111111111111111 0.028402366863905324
0 0.37407407407407406 0.7988165680473372 0.07222222222222222 0.033136094674556214
1 0.43425925925925923 0.7757396449704143 0.1925925925925926 0.07455621301775148
0 0.5324074074074074 0.44970414201183434 0.040740740740740744 0.02603550295857988
0 0.5444444444444444 0.6248520710059171 0.07592592592592592 0.02603550295857988
0 0.5314814814814814 0.5431952662721894 0.040740740740740744 0.02603550295857988
0 0.5981481481481481 0.17041420118343195 0.040740740740740744 0.02603550295857988
0 0.5981481481481481 0.2331360946745562 0.040740740740740744 0.02603550295857988
0 0.5944444444444444 0.2982248520710059 0.040740740740740744 0.02603550295857988
0 0.5962962962962963 0.3609467455621302 0.040740740740740744 0.02603550295857988
1 0.5810185185185185 0.6035502958579881 0.14907407407407408 0.06390532544378698
1 0.5675925925925925 0.5254437869822485 0.11296296296296296 0.06863905325443787
1 0.5675925925925925 0.4331360946745562 0.1111111111111111 0.06153846153846154
1 0.5962962962962963 0.34437869822485206 0.1814814814814815 0.05680473372781065
1 0.6268518518518519 0.28106508875739644 0.24444444444444444 0.06035502958579882
1 0.5986111111111111 0.2153846153846154 0.1787037037037037 0.06153846153846154
1 0.6268518518518519 0.15325443786982249 0.2351851851851852 0.05562130177514793
0 0.13935185185185187 0.6982248520710059 0.04722222222222222 0.023668639053254437
0 0.13842592592592592 0.5520710059171597 0.04722222222222222 0.02485207100591716
0 0.1375 0.6284023668639053 0.04722222222222222 0.023668639053254437
0 0.13657407407407407 0.43846153846153846 0.04722222222222222 0.02485207100591716
1 0.16712962962962963 0.6798816568047338 0.12314814814814815 0.0650887573964497
1 0.1675925925925926 0.6076923076923076 0.13518518518518519 0.06745562130177515
0 0.13472222222222222 0.17218934911242603 0.04722222222222222 0.02485207100591716
1 0.17314814814814813 0.514792899408284 0.14444444444444443 0.0970414201183432
0 0.13657407407407407 0.2917159763313609 0.04722222222222222 0.02485207100591716
1 0.1712962962962963 0.4029585798816568 0.1537037037037037 0.09585798816568047
1 0.17314814814814813 0.27218934911242604 0.14814814814814814 0.06863905325443787
1 0.17222222222222222 0.15266272189349112 0.15 0.06627218934911243
