0 0.1951219512195122 0.2288993923024983 0.31609756097560976 0.025658338960162053
2 0.5980487804878049 0.23227548953409857 0.06634146341463415 0.02160702228224173
0 0.19219512195121952 0.2569209993247806 0.31414634146341464 0.027683997299122215
2 0.5921951219512195 0.26299797434166106 0.08390243902439025 0.02228224172856178
0 0.26 0.28561782579338285 0.4497560975609756 0.02835921674544227
2 0.593170731707317 0.29034436191762325 0.08195121951219513 0.02025658338960162
0 0.09902439024390244 0.3146522619851452 0.12390243902439024 0.02700877785280216
2 0.6034146341463414 0.3193787981093856 0.06536585365853659 0.018906144496961513
0 0.08878048780487804 0.3436866981769075 0.10146341463414635 0.025658338960162053
2 0.5985365853658536 0.3457123565158677 0.06341463414634146 0.018906144496961513
0 0.20097560975609757 0.3720459149223498 0.3258536585365854 0.02700877785280216
2 0.6014634146341463 0.37542201215395005 0.06146341463414634 0.018906144496961513
0 0.22682926829268293 0.40209318028359214 0.3775609756097561 0.03443619176232275
2 0.6019512195121951 0.4037812288993923 0.0624390243902439 0.018906144496961513
0 0.12390243902439024 0.43214044564483456 0.1678048780487805 0.02700877785280216
2 0.6009756097560975 0.43214044564483456 0.0624390243902439 0.018906144496961513
0 0.14097560975609755 0.4601620526671168 0.2 0.02903443619176232
2 0.6058536585365853 0.46049966239027684 0.06439024390243903 0.02025658338960162
0 0.14292682926829267 0.4902093180283592 0.20585365853658535 0.029709655638082377
2 0.6039024390243902 0.48818365968939903 0.0624390243902439 0.018906144496961513
0 0.13951219512195123 0.5199189736664416 0.19902439024390245 0.029709655638082377
2 0.6068292682926829 0.5151924375422012 0.0624390243902439 0.017555705604321403
0 0.14780487804878048 0.5513166779203241 0.22341463414634147 0.027683997299122215
2 0.6068292682926829 0.5445644834571236 0.06634146341463415 0.02228224172856178
0 0.11707317073170732 0.5823767724510466 0.15804878048780488 0.027683997299122215
2 0.5970731707317073 0.5732613099257259 0.08 0.018906144496961513
0 0.12341463414634146 0.6137744767049291 0.17268292682926828 0.024307900067521943
2 0.5985365853658536 0.6039837947332883 0.08292682926829269 0.02228224172856178
0 0.13414634146341464 0.6414584740040513 0.18634146341463415 0.02835921674544227
2 0.6107317073170732 0.6306549628629304 0.06439024390243903 0.018906144496961513
0 0.18390243902439024 0.6677920324105334 0.28585365853658534 0.03241053342336259
2 0.6136585365853658 0.6590141796083727 0.06439024390243903 0.018906144496961513
0 0.1521951219512195 0.7012153950033762 0.21658536585365853 0.03038487508440243
2 0.6097560975609756 0.6887238352464551 0.0624390243902439 0.02025658338960162
0 0.23414634146341465 0.7302498311951384 0.4058536585365854 0.03173531397704254
2 0.6117073170731707 0.7177582714382175 0.0624390243902439 0.018906144496961513
0 0.2151219512195122 0.7545577312626603 0.375609756097561 0.03038487508440243
2 0.6151219512195122 0.7461174881836596 0.06341463414634146 0.018906144496961513
2 0.6048780487804878 0.7738014854827819 0.08585365853658537 0.022957461174881837
0 0.25658536585365854 0.7893315327481432 0.4585365853658537 0.03241053342336259
2 0.6029268292682927 0.8035111411208643 0.08390243902439025 0.02025658338960162
0 0.2146341463414634 0.8193787981093855 0.36097560975609755 0.03038487508440243
0 0.2424390243902439 0.850101282916948 0.4165853658536585 0.035111411208642807
1 0.33219512195121953 0.2285617825793383 0.5960975609756097 0.027683997299122215
1 0.3360975609756098 0.2565833896016205 0.6 0.02835921674544227
1 0.335609756097561 0.28561782579338285 0.6048780487804878 0.02835921674544227
1 0.33707317073170734 0.3146522619851452 0.6019512195121951 0.02700877785280216
1 0.3336585365853659 0.34436191762322754 0.593170731707317 0.029709655638082377
1 0.33463414634146343 0.3727211343686698 0.5970731707317073 0.02700877785280216
1 0.3351219512195122 0.4010803511141121 0.5980487804878049 0.0337609723160027
1 0.335609756097561 0.43214044564483456 0.5970731707317073 0.024307900067521943
1 0.33902439024390246 0.46049966239027684 0.6019512195121951 0.02835921674544227
1 0.3360975609756098 0.4902093180283592 0.5980487804878049 0.02835921674544227
1 0.33902439024390246 0.5199189736664416 0.6 0.029709655638082377
1 0.3375609756097561 0.5496286293045239 0.6029268292682927 0.029709655638082377
1 0.3375609756097561 0.5793382849426063 0.6029268292682927 0.029709655638082377
1 0.3375609756097561 0.6087103308575287 0.608780487804878 0.027683997299122215
1 0.34195121951219515 0.637069547602971 0.6078048780487805 0.02633355840648211
1 0.3439024390243902 0.6654287643484132 0.6058536585365853 0.03038487508440243
1 0.34243902439024393 0.6971640783254558 0.6068292682926829 0.03173531397704254
1 0.335609756097561 0.8139770425388251 0.624390243902439 0.03443619176232275
1 0.33707317073170734 0.7295746117488183 0.6175609756097561 0.03308575286968265
1 0.3385365853658537 0.7545577312626603 0.624390243902439 0.03443619176232275
1 0.3385365853658537 0.7565833896016205 0.6263414634146341 0.03848750844024308
