2 0.5623620309050773 0.43977272727272726 0.06291390728476821 0.02196969696969697
0 0.3305739514348786 0.4412878787878788 0.09602649006622517 0.02803030303030303
2 0.5629139072847682 0.4666666666666667 0.06181015452538632 0.022727272727272728
0 0.3294701986754967 0.4708333333333333 0.0717439293598234 0.017424242424242425
2 0.565121412803532 0.49393939393939396 0.06181015452538632 0.022727272727272728
0 0.32781456953642385 0.4981060606060606 0.1368653421633554 0.023484848484848483
2 0.5673289183222958 0.521969696969697 0.06181015452538632 0.021212121212121213
0 0.32781456953642385 0.5253787878787879 0.16777041942604856 0.025
2 0.5689845474613686 0.55 0.04083885209713024 0.021212121212121213
0 0.33002207505518766 0.553409090909091 0.0772626931567329 0.023484848484848483
2 0.5866445916114791 0.7102272727272727 0.08498896247240618 0.02196969696969697
0 0.3239514348785872 0.7147727272727272 0.13796909492273732 0.03106060606060606
2 0.58719646799117 0.740530303030303 0.09271523178807947 0.02196969696969697
0 0.3228476821192053 0.7420454545454546 0.09823399558498896 0.02196969696969697
2 0.5894039735099338 0.7704545454545455 0.08388520971302428 0.021212121212121213
0 0.3211920529801324 0.7723484848484848 0.19205298013245034 0.029545454545454545
2 0.5883002207505519 0.8003787878787879 0.08609271523178808 0.02196969696969697
0 0.32339955849889623 0.8022727272727272 0.16777041942604856 0.025757575757575757
1 0.44370860927152317 0.7151515151515152 0.37748344370860926 0.031818181818181815
1 0.42770419426048567 0.771969696969697 0.40507726269315675 0.031818181818181815
1 0.434878587196468 0.8011363636363636 0.39293598233995586 0.025
1 0.4541942604856512 0.7393939393939394 0.3631346578366446 0.019696969696969695
1 0.4381898454746137 0.4409090909090909 0.31125827814569534 0.02727272727272727
1 0.4431567328918322 0.4678030303030303 0.30353200883002207 0.023484848484848483
1 0.4282560706401766 0.4981060606060606 0.33774834437086093 0.023484848484848483
1 0.4205298013245033 0.5261363636363636 0.3554083885209713 0.026515151515151516
1 0.4409492273730684 0.553409090909091 0.30132450331125826 0.025
