0 0.12171052631578948 0.09512987012987013 0.07612781954887218 0.022727272727272728
0 0.5380639097744361 0.2474025974025974 0.08740601503759399 0.02077922077922078
2 0.9224624060150376 0.24675324675324675 0.05733082706766917 0.01948051948051948
0 0.1193609022556391 0.2746753246753247 0.15601503759398497 0.024675324675324677
2 0.39144736842105265 0.27435064935064934 0.05733082706766917 0.01883116883116883
0 0.6118421052631579 0.28084415584415584 0.231203007518797 0.02142857142857143
2 0.9224624060150376 0.28214285714285714 0.05733082706766917 0.01883116883116883
0 0.08740601503759399 0.3107142857142857 0.09210526315789473 0.025324675324675326
2 0.39050751879699247 0.3094155844155844 0.05545112781954887 0.01883116883116883
0 0.6038533834586466 0.3159090909090909 0.21522556390977443 0.02142857142857143
2 0.9224624060150376 0.3159090909090909 0.05733082706766917 0.02012987012987013
0 0.14144736842105263 0.3451298701298701 0.19830827067669174 0.022727272727272728
2 0.39144736842105265 0.3431818181818182 0.05733082706766917 0.01883116883116883
0 0.5385338345864662 0.349025974025974 0.08458646616541353 0.02792207792207792
2 0.9252819548872181 0.3503246753246753 0.05169172932330827 0.02012987012987013
0 0.12171052631578948 0.3795454545454545 0.1588345864661654 0.024025974025974027
2 0.39144736842105265 0.3782467532467532 0.05733082706766917 0.01883116883116883
0 0.13110902255639098 0.4126623376623377 0.17951127819548873 0.02792207792207792
2 0.39050751879699247 0.412012987012987 0.05545112781954887 0.01883116883116883
0 0.6484962406015038 0.43506493506493504 0.3082706766917293 0.02727272727272727
2 0.9215225563909775 0.43214285714285716 0.05921052631578947 0.02012987012987013
0 0.13956766917293234 0.44805194805194803 0.19642857142857142 0.024675324675324677
2 0.39144736842105265 0.44642857142857145 0.05733082706766917 0.02012987012987013
0 0.6832706766917294 0.46915584415584416 0.37781954887218044 0.024025974025974027
0 0.5963345864661654 0.5006493506493507 0.20394736842105263 0.02077922077922078
2 0.9215225563909775 0.5019480519480519 0.05921052631578947 0.01948051948051948
0 0.5643796992481203 0.5366883116883117 0.1400375939849624 0.02012987012987013
2 0.9215225563909775 0.5366883116883117 0.05921052631578947 0.02012987012987013
0 0.09821428571428571 0.5431818181818182 0.1118421052631579 0.02012987012987013
2 0.39896616541353386 0.5431818181818182 0.03853383458646616 0.01883116883116883
0 0.08552631578947369 0.5795454545454546 0.08646616541353383 0.025324675324675326
2 0.399906015037594 0.576948051948052 0.040413533834586464 0.01883116883116883
0 0.5916353383458647 0.6256493506493507 0.19454887218045114 0.02142857142857143
2 0.9262218045112782 0.6256493506493507 0.04981203007518797 0.02012987012987013
0 0.6000939849624061 0.6607142857142857 0.21146616541353383 0.02142857142857143
2 0.9252819548872181 0.6607142857142857 0.05169172932330827 0.01883116883116883
0 0.09727443609022557 0.6886363636363636 0.106203007518797 0.02012987012987013
2 0.39896616541353386 0.6892857142857143 0.03853383458646616 0.01883116883116883
0 0.605733082706767 0.6944805194805195 0.21898496240601503 0.02142857142857143
2 0.9262218045112782 0.6951298701298702 0.04981203007518797 0.02012987012987013
0 0.10009398496240601 0.7230519480519481 0.1118421052631579 0.01883116883116883
2 0.3942669172932331 0.7230519480519481 0.047932330827067667 0.01883116883116883
0 0.581296992481203 0.7288961038961039 0.17387218045112782 0.02012987012987013
2 0.9252819548872181 0.7308441558441559 0.047932330827067667 0.02142857142857143
0 0.07659774436090226 0.7587662337662338 0.07424812030075188 0.02922077922077922
2 0.325187969924812 0.7597402597402597 0.18984962406015038 0.024675324675324677
0 0.5502819548872181 0.7652597402597403 0.1156015037593985 0.02792207792207792
2 0.9271616541353384 0.7665584415584416 0.05921052631578947 0.02142857142857143
0 0.08035714285714286 0.7918831168831169 0.07612781954887218 0.02012987012987013
2 0.3242481203007519 0.7944805194805195 0.18796992481203006 0.022727272727272728
0 0.6029135338345865 0.8003246753246753 0.21710526315789475 0.024025974025974027
2 0.9262218045112782 0.799025974025974 0.04981203007518797 0.01883116883116883
0 0.08317669172932331 0.8282467532467532 0.08364661654135339 0.024025974025974027
2 0.325187969924812 0.8282467532467532 0.18984962406015038 0.022727272727272728
0 0.5916353383458647 0.8327922077922078 0.19454887218045114 0.02142857142857143
2 0.9252819548872181 0.8334415584415584 0.05169172932330827 0.02012987012987013
0 0.07800751879699248 0.8633116883116884 0.07706766917293233 0.02792207792207792
2 0.325187969924812 0.8626623376623377 0.18984962406015038 0.024025974025974027
0 0.5540413533834586 0.8685064935064936 0.1231203007518797 0.024025974025974027
2 0.9215225563909775 0.8672077922077922 0.05921052631578947 0.02012987012987013
0 0.6484962406015038 0.9029220779220779 0.3082706766917293 0.024025974025974027
2 0.9215225563909775 0.9016233766233767 0.05921052631578947 0.02142857142857143
0 0.6033834586466166 0.936038961038961 0.21804511278195488 0.024025974025974027
1 0.23167293233082706 0.688961038961039 0.375 0.02077922077922078
1 0.23167293233082706 0.7220779220779221 0.375 0.02077922077922078
1 0.22932330827067668 0.7584415584415585 0.38345864661654133 0.02727272727272727
1 0.23026315789473684 0.7928571428571428 0.37593984962406013 0.01948051948051948
1 0.22979323308270677 0.8288961038961039 0.3806390977443609 0.025324675324675326
1 0.22932330827067668 0.862987012987013 0.38345864661654133 0.02727272727272727
2 0.9177631578947368 0.936038961038961 0.05921052631578947 0.02142857142857143
1 0.7241541353383458 0.6266233766233766 0.4558270676691729 0.02207792207792208
1 0.7232142857142857 0.6603896103896104 0.4558270676691729 0.02207792207792208
1 0.7232142857142857 0.6941558441558442 0.4558270676691729 0.02207792207792208
1 0.7232142857142857 0.7285714285714285 0.4558270676691729 0.02207792207792208
1 0.7222744360902256 0.8331168831168831 0.4558270676691729 0.02207792207792208
1 0.7222744360902256 0.7993506493506494 0.4558270676691729 0.02207792207792208
1 0.7232142857142857 0.8324675324675325 0.4558270676691729 0.02207792207792208
1 0.7241541353383458 0.7646103896103896 0.4633458646616541 0.02792207792207792
1 0.7203947368421053 0.8691558441558441 0.45958646616541354 0.025324675324675326
1 0.7232142857142857 0.9042207792207793 0.45958646616541354 0.024025974025974027
1 0.7213345864661654 0.9347402597402598 0.45394736842105265 0.02142857142857143
1 0.23073308270676693 0.5435064935064935 0.3768796992481203 0.02207792207792208
1 0.231203007518797 0.5798701298701299 0.37969924812030076 0.025974025974025976
2 0.9205827067669173 0.4672077922077922 0.05921052631578947 0.02012987012987013
1 0.7232142857142857 0.43474025974025976 0.45770676691729323 0.02792207792207792
1 0.7232142857142857 0.5363636363636364 0.45770676691729323 0.02207792207792208
1 0.7232142857142857 0.4688311688311688 0.4558270676691729 0.023376623376623377
1 0.7222744360902256 0.5019480519480519 0.45770676691729323 0.02207792207792208
1 0.23167293233082706 0.2753246753246753 0.3806390977443609 0.024675324675324677
1 0.23261278195488722 0.31103896103896106 0.3806390977443609 0.024675324675324677
1 0.23026315789473684 0.3448051948051948 0.37781954887218044 0.02077922077922078
1 0.231203007518797 0.3795454545454545 0.37969924812030076 0.022727272727272728
1 0.23073308270676693 0.412987012987013 0.3806390977443609 0.024675324675324677
1 0.23355263157894737 0.44805194805194803 0.3806390977443609 0.024675324675324677
1 0.7227443609022557 0.24772727272727274 0.45864661654135336 0.02142857142857143
1 0.724624060150376 0.3487012987012987 0.4548872180451128 0.02987012987012987
1 0.724624060150376 0.28214285714285714 0.4548872180451128 0.022727272727272728
1 0.724624060150376 0.31655844155844154 0.45864661654135336 0.02142857142857143
