0 0.16203703703703703 0.20976082740788624 0.1925925925925926 0.0200387847446671
2 0.4675925925925926 0.20846800258564965 0.12407407407407407 0.017453135100193924
0 0.17175925925925925 0.24466709760827407 0.21203703703703702 0.017453135100193924
2 0.4675925925925926 0.24466709760827407 0.12407407407407407 0.017453135100193924
0 0.18564814814814815 0.2834518422753717 0.23981481481481481 0.021331609566903685
2 0.4675925925925926 0.2828054298642534 0.12407407407407407 0.017453135100193924
0 0.15 0.3206205559146736 0.1685185185185185 0.02456367162249515
2 0.4675925925925926 0.3183581124757595 0.12407407407407407 0.017453135100193924
0 0.18101851851851852 0.3561732385261797 0.23425925925925925 0.019392372333548805
2 0.4675925925925926 0.356819650937298 0.12407407407407407 0.01809954751131222
0 0.18564814814814815 0.3962508080155139 0.23981481481481481 0.023270846800258566
2 0.4675925925925926 0.39334195216548157 0.12407407407407407 0.017453135100193924
0 0.14814814814814814 0.4314802844214609 0.1648148148148148 0.021331609566903685
2 0.4708333333333333 0.4308338720103426 0.1175925925925926 0.017453135100193924
0 0.19212962962962962 0.6483516483516484 0.25277777777777777 0.023270846800258566
2 0.48055555555555557 0.6486748545572075 0.12407407407407407 0.017453135100193924
0 0.1884259259259259 0.6861667744020685 0.24537037037037038 0.0200387847446671
2 0.48055555555555557 0.6855203619909502 0.12407407407407407 0.01874595992243051
0 0.1574074074074074 0.7207498383968972 0.18333333333333332 0.019392372333548805
2 0.48055555555555557 0.7213962508080155 0.12407407407407407 0.01809954751131222
0 0.15833333333333333 0.7572721396250808 0.18518518518518517 0.01874595992243051
2 0.48055555555555557 0.7579185520361991 0.12407407407407407 0.017453135100193924
0 0.1884259259259259 0.7934712346477052 0.24537037037037038 0.01874595992243051
2 0.48055555555555557 0.7934712346477052 0.12407407407407407 0.01874595992243051
0 0.20972222222222223 0.8316095669036846 0.2916666666666667 0.021331609566903685
2 0.48009259259259257 0.830316742081448 0.125 0.021331609566903685
0 0.1726851851851852 0.867808661926309 0.21388888888888888 0.023917259211376857
2 0.48055555555555557 0.8665158371040724 0.12407407407407407 0.01874595992243051
1 0.3050925925925926 0.6483516483516484 0.4787037037037037 0.02456367162249515
1 0.3023148148148148 0.8299935358758889 0.4787037037037037 0.02456367162249515
1 0.30324074074074076 0.8674854557207499 0.4787037037037037 0.02456367162249515
1 0.30416666666666664 0.7925016160310278 0.4787037037037037 0.02197802197802198
1 0.30416666666666664 0.7566257272139625 0.4787037037037037 0.01874595992243051
1 0.3050925925925926 0.7204266321913381 0.4787037037037037 0.0200387847446671
1 0.30416666666666664 0.6839043309631545 0.4787037037037037 0.02197802197802198
1 0.2986111111111111 0.20976082740788624 0.462037037037037 0.0200387847446671
1 0.2949074074074074 0.2834518422753717 0.462037037037037 0.0200387847446671
1 0.2967592592592593 0.24595992243051065 0.462037037037037 0.0200387847446671
1 0.2962962962962963 0.3555268261150614 0.4685185185185185 0.01809954751131222
1 0.2962962962962963 0.3202973497091144 0.4648148148148148 0.023917259211376857
1 0.29583333333333334 0.396574014221073 0.46574074074074073 0.02262443438914027
1 0.2972222222222222 0.43180349062702006 0.4666666666666667 0.019392372333548805
