0 0.6064814814814815 0.06417112299465241 0.10925925925925926 0.029411764705882353
2 0.4412037037037037 0.06550802139037433 0.06574074074074074 0.02406417112299465
2 0.7509259259259259 0.06751336898395723 0.05740740740740741 0.022727272727272728
0 0.1884259259259259 0.07219251336898395 0.15833333333333333 0.026737967914438502
0 0.5935185185185186 0.09425133689839572 0.08148148148148149 0.02540106951871658
2 0.7569444444444444 0.09759358288770054 0.05277777777777778 0.0213903743315508
0 0.6050925925925926 0.12767379679144386 0.10277777777777777 0.03074866310160428
2 0.4412037037037037 0.1303475935828877 0.06574074074074074 0.02540106951871658
2 0.7560185185185185 0.12767379679144386 0.05648148148148148 0.020053475935828877
0 0.1675925925925926 0.13836898395721925 0.12777777777777777 0.02540106951871658
0 0.5861111111111111 0.15775401069518716 0.06296296296296296 0.0213903743315508
2 0.7611111111111111 0.1590909090909091 0.05185185185185185 0.0213903743315508
0 0.6018518518518519 0.19117647058823528 0.09259259259259259 0.026737967914438502
2 0.7648148148148148 0.19117647058823528 0.053703703703703705 0.0213903743315508
2 0.4412037037037037 0.19585561497326204 0.06574074074074074 0.02540106951871658
0 0.1685185185185185 0.2018716577540107 0.13518518518518519 0.026737967914438502
0 0.5745370370370371 0.2232620320855615 0.03425925925925926 0.0213903743315508
2 0.7666666666666667 0.2232620320855615 0.053703703703703705 0.0213903743315508
0 0.587037037037037 0.25935828877005346 0.06111111111111111 0.03208556149732621
2 0.7689814814814815 0.2560160427807487 0.05462962962962963 0.022727272727272728
2 0.44305555555555554 0.26336898395721925 0.06759259259259259 0.026737967914438502
0 0.16944444444444445 0.27205882352941174 0.14814814814814814 0.02807486631016043
0 0.6013888888888889 0.29211229946524064 0.08611111111111111 0.03342245989304813
2 0.7717592592592593 0.2894385026737968 0.05462962962962963 0.022727272727272728
0 0.5930555555555556 0.32486631016042783 0.06574074074074074 0.026737967914438502
2 0.7703703703703704 0.32486631016042783 0.06481481481481481 0.026737967914438502
2 0.44351851851851853 0.3335561497326203 0.06851851851851852 0.02807486631016043
0 0.13657407407407407 0.3422459893048128 0.09351851851851851 0.026737967914438502
2 0.7773148148148148 0.3589572192513369 0.05648148148148148 0.02540106951871658
0 0.6143518518518518 0.35962566844919786 0.10648148148148148 0.02406417112299465
2 0.4449074074074074 0.4050802139037433 0.0712962962962963 0.029411764705882353
0 0.15555555555555556 0.41711229946524064 0.13703703703703704 0.034759358288770054
2 0.44351851851851853 0.4411764705882353 0.06851851851851852 0.029411764705882353
0 0.1175925925925926 0.45387700534759357 0.07037037037037037 0.03074866310160428
0 0.9356481481481481 0.608957219251337 0.05462962962962963 0.022727272727272728
0 0.8240740740740741 0.6116310160427807 0.046296296296296294 0.020053475935828877
0 0.7148148148148148 0.6163101604278075 0.03333333333333333 0.0213903743315508
0 0.6069444444444444 0.6169786096256684 0.03981481481481482 0.020053475935828877
2 0.9398148148148148 0.6397058823529411 0.06481481481481481 0.02540106951871658
2 0.8273148148148148 0.6443850267379679 0.06388888888888888 0.026737967914438502
2 0.7185185185185186 0.6477272727272727 0.06481481481481481 0.03074866310160428
2 0.6083333333333333 0.6504010695187166 0.06296296296296296 0.02540106951871658
0 0.9291666666666667 0.8435828877005348 0.0787037037037037 0.026737967914438502
0 0.7925925925925926 0.8489304812834224 0.09444444444444444 0.026737967914438502
0 0.6532407407407408 0.8556149732620321 0.06759259259259259 0.026737967914438502
2 0.9324074074074075 0.8783422459893048 0.05555555555555555 0.026737967914438502
2 0.7949074074074074 0.8823529411764706 0.06574074074074074 0.026737967914438502
2 0.6541666666666667 0.891042780748663 0.06759259259259259 0.03342245989304813
1 0.6069444444444444 0.6350267379679144 0.06388888888888888 0.058823529411764705
1 0.7180555555555556 0.6296791443850267 0.06388888888888888 0.058823529411764705
1 0.9393518518518519 0.6203208556149733 0.06759259259259259 0.05614973262032086
1 0.825462962962963 0.6270053475935828 0.06388888888888888 0.058823529411764705
1 0.6541666666666667 0.875 0.06759259259259259 0.06550802139037433
1 0.7930555555555555 0.8649732620320856 0.09722222222222222 0.06417112299465241
1 0.9287037037037037 0.8602941176470589 0.07962962962962963 0.06016042780748663
1 0.29305555555555557 0.06751336898395723 0.3675925925925926 0.03609625668449198
1 0.28935185185185186 0.13435828877005349 0.3731481481481482 0.03877005347593583
1 0.28888888888888886 0.19852941176470587 0.37407407407407406 0.03609625668449198
1 0.28379629629629627 0.2700534759358289 0.38055555555555554 0.0374331550802139
1 0.28425925925925927 0.33689839572192515 0.3907407407407407 0.034759358288770054
1 0.2833333333333333 0.41109625668449196 0.39444444444444443 0.03877005347593583
1 0.2814814814814815 0.45120320855614976 0.39814814814814814 0.04144385026737968
1 0.6657407407407407 0.06417112299465241 0.22962962962962963 0.03208556149732621
1 0.6671296296296296 0.09425133689839572 0.23055555555555557 0.02540106951871658
1 0.6717592592592593 0.15842245989304812 0.23055555555555557 0.02540106951871658
1 0.6694444444444444 0.12767379679144386 0.23148148148148148 0.03074866310160428
1 0.6731481481481482 0.19184491978609625 0.2351851851851852 0.02540106951871658
1 0.6759259259259259 0.22393048128342247 0.23703703703703705 0.02540106951871658
1 0.6805555555555556 0.32486631016042783 0.24074074074074073 0.026737967914438502
1 0.6759259259259259 0.2606951871657754 0.24074074074074073 0.03208556149732621
1 0.6837962962962963 0.3602941176470588 0.24351851851851852 0.02807486631016043
