2 0.325 0.10312075983717775 0.07037037037037037 0.027137042062415198
0 0.12361111111111112 0.09905020352781546 0.0787037037037037 0.032564450474898234
0 0.5967592592592592 0.11668928086838534 0.07685185185185185 0.032564450474898234
2 0.9013888888888889 0.12211668928086838 0.06574074074074074 0.024423337856173677
0 0.6148148148148148 0.15332428765264586 0.1111111111111111 0.029850746268656716
2 0.9032407407407408 0.1587516960651289 0.06759259259259259 0.024423337856173677
0 0.15694444444444444 0.17367706919945725 0.15648148148148147 0.032564450474898234
2 0.32314814814814813 0.17299864314789687 0.06851851851851852 0.025780189959294438
0 0.6287037037037037 0.1919945725915875 0.1388888888888889 0.033921302578018994
2 0.9074074074074074 0.19470827679782904 0.06481481481481481 0.025780189959294438
0 0.5981481481481481 0.22795115332428764 0.07777777777777778 0.032564450474898234
2 0.9087962962962963 0.23066485753052918 0.06759259259259259 0.027137042062415198
0 0.15231481481481482 0.24491180461329715 0.15648148148148147 0.033921302578018994
2 0.32083333333333336 0.24694708276797828 0.0712962962962963 0.024423337856173677
0 0.6083333333333333 0.2645861601085482 0.09814814814814815 0.029850746268656716
2 0.9101851851851852 0.2666214382632293 0.06851851851851852 0.025780189959294438
0 0.5884259259259259 0.3005427408412483 0.05462962962962963 0.028493894165535955
2 0.912962962962963 0.3046132971506106 0.06851851851851852 0.025780189959294438
0 0.13703703703703704 0.31953867028493893 0.1388888888888889 0.033921302578018994
2 0.31851851851851853 0.3202170963364993 0.07222222222222222 0.024423337856173677
0 0.5837962962962963 0.33717774762550884 0.04537037037037037 0.033921302578018994
2 0.9208333333333333 0.34260515603799185 0.058333333333333334 0.025780189959294438
0 0.6064814814814815 0.3805970149253731 0.08888888888888889 0.031207598371777476
2 0.9199074074074074 0.3812754409769335 0.06574074074074074 0.027137042062415198
0 0.1625 0.4097693351424695 0.20092592592592592 0.06512890094979647
2 0.31666666666666665 0.3968792401628223 0.07407407407407407 0.025780189959294438
0 0.6527777777777778 0.4185888738127544 0.18333333333333332 0.036635006784260515
2 0.9222222222222223 0.41926729986431477 0.06666666666666667 0.027137042062415198
0 0.6032407407407407 0.45454545454545453 0.0824074074074074 0.027137042062415198
2 0.9277777777777778 0.4592944369063772 0.06111111111111111 0.025780189959294438
0 0.14027777777777778 0.4762550881953867 0.1675925925925926 0.037991858887381276
2 0.3148148148148148 0.47489823609226595 0.07222222222222222 0.027137042062415198
0 0.1125 0.5556309362279511 0.12129629629629629 0.04206241519674356
2 0.3125 0.5542740841248304 0.075 0.028493894165535955
0 0.09351851851851851 0.6363636363636364 0.1 0.032564450474898234
2 0.30833333333333335 0.635685210312076 0.07592592592592592 0.028493894165535955
0 0.12268518518518519 0.7211668928086838 0.16574074074074074 0.03934871099050204
2 0.30648148148148147 0.7198100407055631 0.07592592592592592 0.028493894165535955
0 0.10231481481481482 0.8086838534599728 0.1361111111111111 0.0407055630936228
0 0.09537037037037037 0.8968792401628223 0.13333333333333333 0.037991858887381276
2 0.3013888888888889 0.8955223880597015 0.07685185185185185 0.027137042062415198
2 0.3050925925925926 0.8059701492537313 0.07685185185185185 0.027137042062415198
1 0.18472222222222223 0.8962008141112618 0.31203703703703706 0.03934871099050204
1 0.18888888888888888 0.8073270013568521 0.3111111111111111 0.04341926729986431
1 0.1935185185185185 0.7211668928086838 0.3037037037037037 0.03934871099050204
1 0.19537037037037036 0.6363636363636364 0.30185185185185187 0.035278154681139755
1 0.2023148148148148 0.5542740841248304 0.29907407407407405 0.04206241519674356
1 0.2037037037037037 0.4755766621438263 0.3 0.03934871099050204
1 0.20787037037037037 0.3968792401628223 0.2916666666666667 0.033921302578018994
1 0.2125 0.3208955223880597 0.2898148148148148 0.036635006784260515
1 0.21388888888888888 0.24491180461329715 0.2833333333333333 0.033921302578018994
1 0.21805555555555556 0.17299864314789687 0.28055555555555556 0.036635006784260515
1 0.22268518518518518 0.09972862957937585 0.27685185185185185 0.031207598371777476
1 0.7462962962962963 0.11736770691994572 0.37407407407407406 0.036635006784260515
1 0.7476851851851852 0.15264586160108548 0.3768518518518518 0.033921302578018994
1 0.75 0.18995929443690637 0.3814814814814815 0.037991858887381276
1 0.7513888888888889 0.22727272727272727 0.3861111111111111 0.033921302578018994
1 0.7518518518518519 0.2645861601085482 0.3851851851851852 0.032564450474898234
1 0.7546296296296297 0.29986431478968795 0.387037037037037 0.032564450474898234
1 0.7564814814814815 0.33649932157394846 0.3907407407407407 0.0407055630936228
1 0.7574074074074074 0.378561736770692 0.3907407407407407 0.035278154681139755
1 0.7578703703703704 0.41655359565807326 0.39351851851851855 0.037991858887381276
1 0.7597222222222222 0.4559023066485753 0.3972222222222222 0.035278154681139755
