0 0.08055555555555556 0.24149004495825305 0.13518518518518519 0.016698779704560053
2 0.4449074074074074 0.24149004495825305 0.04351851851851852 0.014129736673089274
0 0.08101851851851852 0.2610789980732177 0.13055555555555556 0.01605651894669236
2 0.44583333333333336 0.2610789980732177 0.041666666666666664 0.01348747591522158
0 0.09953703703703703 0.2806679511881824 0.1712962962962963 0.016698779704560053
2 0.44583333333333336 0.2806679511881824 0.041666666666666664 0.014129736673089274
0 0.09953703703703703 0.2996146435452794 0.1712962962962963 0.01605651894669236
2 0.44583333333333336 0.2996146435452794 0.041666666666666664 0.01348747591522158
0 0.10787037037037037 0.3195247270391779 0.18796296296296297 0.01605651894669236
2 0.44583333333333336 0.3195247270391779 0.041666666666666664 0.01348747591522158
0 0.05925925925925926 0.34071933204881183 0.09259259259259259 0.017341040462427744
2 0.44583333333333336 0.33943481053307645 0.041666666666666664 0.01348747591522158
0 0.18981481481481483 0.38182402055234427 0.35185185185185186 0.017341040462427744
0 0.15046296296296297 0.4004495825305074 0.27314814814814814 0.01605651894669236
0 0.11018518518518519 0.4203596660244059 0.1925925925925926 0.014771997430956968
0 0.11157407407407408 0.4405908798972383 0.19722222222222222 0.01798330122029544
0 0.14814814814814814 0.46082209377007066 0.27037037037037037 0.018625561978163133
0 0.11712962962962963 0.4800899165061015 0.20833333333333334 0.018625561978163133
0 0.20277777777777778 0.4993577392421323 0.37777777777777777 0.01605651894669236
0 0.0912037037037037 0.518946692357097 0.15462962962962962 0.016698779704560053
2 0.449537037037037 0.5195889531149647 0.041666666666666664 0.014129736673089274
0 0.1398148148148148 0.5385356454720617 0.2518518518518518 0.01605651894669236
2 0.449537037037037 0.5391779062299293 0.041666666666666664 0.01348747591522158
0 0.12314814814814815 0.5578034682080925 0.21851851851851853 0.01605651894669236
2 0.449537037037037 0.5590879897238279 0.041666666666666664 0.01348747591522158
0 0.07916666666666666 0.5783558124598587 0.13055555555555556 0.014771997430956968
2 0.449537037037037 0.5789980732177264 0.041666666666666664 0.01348747591522158
0 0.062037037037037036 0.5963391136801541 0.0962962962962963 0.01605651894669236
2 0.449537037037037 0.5982658959537572 0.041666666666666664 0.01348747591522158
0 0.06481481481481481 0.6172125883108542 0.10185185185185185 0.015414258188824663
2 0.449537037037037 0.6178548490687219 0.041666666666666664 0.014129736673089274
0 0.11018518518518519 0.6368015414258189 0.1925925925925926 0.014771997430956968
2 0.449537037037037 0.6374438021836866 0.041666666666666664 0.01348747591522158
0 0.10138888888888889 0.6563904945407836 0.175 0.014129736673089274
2 0.449537037037037 0.6573538856775851 0.041666666666666664 0.012202954399486191
0 0.2064814814814815 0.6753371868978806 0.3814814814814815 0.018625561978163133
2 0.449537037037037 0.6772639691714836 0.041666666666666664 0.012202954399486191
0 0.12037037037037036 0.7235067437379576 0.21296296296296297 0.018625561978163133
0 0.09490740740740741 0.7434168272318561 0.16203703703703703 0.014771997430956968
2 0.45694444444444443 0.7440590879897239 0.041666666666666664 0.01348747591522158
0 0.10324074074074074 0.7636480411046885 0.1787037037037037 0.016698779704560053
2 0.45694444444444443 0.7642903018625562 0.041666666666666664 0.012845215157353885
0 0.09305555555555556 0.7832369942196532 0.15833333333333333 0.01605651894669236
2 0.45694444444444443 0.7845215157353885 0.041666666666666664 0.01348747591522158
0 0.08703703703703704 0.8031470777135516 0.14814814814814814 0.018625561978163133
2 0.45694444444444443 0.8041104688503532 0.041666666666666664 0.014129736673089274
0 0.06481481481481481 0.8230571612074502 0.10185185185185185 0.014771997430956968
2 0.45694444444444443 0.8236994219653179 0.041666666666666664 0.01348747591522158
0 0.06388888888888888 0.8410404624277457 0.1 0.017341040462427744
2 0.45694444444444443 0.8429672447013488 0.041666666666666664 0.01348747591522158
0 0.1111111111111111 0.861271676300578 0.19444444444444445 0.016698779704560053
2 0.45694444444444443 0.8625561978163134 0.041666666666666664 0.014129736673089274
0 0.11018518518518519 0.8808606294155427 0.1925925925925926 0.01605651894669236
2 0.45694444444444443 0.8821451509312781 0.041666666666666664 0.01348747591522158
0 0.07314814814814814 0.9017341040462428 0.11666666666666667 0.016698779704560053
0 0.10787037037037037 0.9193962748876043 0.18796296296296297 0.017341040462427744
2 0.45694444444444443 0.9213230571612074 0.041666666666666664 0.01348747591522158
2 0.45694444444444443 0.9020552344251767 0.041666666666666664 0.01348747591522158
2 0.5162037037037037 0.9020552344251767 0.041666666666666664 0.01348747591522158
2 0.45694444444444443 0.724791265253693 0.041666666666666664 0.01348747591522158
2 0.5180555555555556 0.7254335260115607 0.041666666666666664 0.01348747591522158
1 0.2763888888888889 0.7235067437379576 0.5287037037037037 0.017341040462427744
1 0.24722222222222223 0.7434168272318561 0.4666666666666667 0.01605651894669236
1 0.24537037037037038 0.7630057803468208 0.4648148148148148 0.016698779704560053
1 0.24351851851851852 0.8220937700706487 0.4648148148148148 0.016698779704560053
1 0.2462962962962963 0.8031470777135516 0.4648148148148148 0.01991008349389852
1 0.24537037037037038 0.7822736030828517 0.4648148148148148 0.016698779704560053
1 0.24444444444444444 0.8619139370584458 0.4648148148148148 0.016698779704560053
1 0.27546296296296297 0.9007707129094412 0.5231481481481481 0.01605651894669236
1 0.24444444444444444 0.8413615928066795 0.4648148148148148 0.016698779704560053
1 0.24351851851851852 0.8805394990366089 0.4666666666666667 0.015414258188824663
1 0.24537037037037038 0.9187540141297367 0.4666666666666667 0.017341040462427744
2 0.45231481481481484 0.40333975594091204 0.041666666666666664 0.014129736673089274
2 0.5125 0.481053307642903 0.041666666666666664 0.014129736673089274
2 0.5106481481481482 0.5009633911368016 0.041666666666666664 0.014129736673089274
2 0.5106481481481482 0.3840719332048812 0.041666666666666664 0.014129736673089274
2 0.45231481481481484 0.3815028901734104 0.041666666666666664 0.014129736673089274
2 0.4532407407407407 0.4624277456647399 0.041666666666666664 0.014129736673089274
2 0.45231481481481484 0.4816955684007707 0.041666666666666664 0.014129736673089274
2 0.45231481481481484 0.5009633911368016 0.041666666666666664 0.014129736673089274
2 0.4513888888888889 0.4405908798972383 0.041666666666666664 0.014129736673089274
2 0.45046296296296295 0.42132305716120744 0.041666666666666664 0.014129736673089274
2 0.5115740740740741 0.441233140655106 0.041666666666666664 0.014129736673089274
2 0.5115740740740741 0.4611432241490045 0.041666666666666664 0.014129736673089274
2 0.5115740740740741 0.42196531791907516 0.041666666666666664 0.014129736673089274
2 0.5125 0.4020552344251766 0.041666666666666664 0.014129736673089274
1 0.24259259259259258 0.6753371868978806 0.45740740740740743 0.017341040462427744
1 0.27361111111111114 0.38182402055234427 0.5175925925925926 0.018625561978163133
1 0.27314814814814814 0.39948619139370584 0.5166666666666667 0.016698779704560053
1 0.2722222222222222 0.4210019267822736 0.5203703703703704 0.01605651894669236
1 0.27175925925925926 0.44026974951830444 0.5212962962962963 0.018625561978163133
1 0.27037037037037037 0.46017983301220294 0.5203703703703704 0.018625561978163133
1 0.27361111111111114 0.4794476557482338 0.5231481481481481 0.01991008349389852
1 0.27361111111111114 0.5 0.5194444444444445 0.01605651894669236
1 0.24305555555555555 0.5183044315992292 0.4564814814814815 0.016698779704560053
1 0.24259259259259258 0.5388567758509955 0.46111111111111114 0.016698779704560053
1 0.24259259259259258 0.5960179833012202 0.46111111111111114 0.016698779704560053
1 0.24166666666666667 0.5581245985870263 0.46111111111111114 0.016698779704560053
1 0.24166666666666667 0.5773924213230571 0.46111111111111114 0.016698779704560053
1 0.24351851851851852 0.6178548490687219 0.46111111111111114 0.016698779704560053
1 0.24444444444444444 0.636480411046885 0.46111111111111114 0.016698779704560053
1 0.24351851851851852 0.6551059730250481 0.46111111111111114 0.016698779704560053
1 0.24259259259259258 0.674373795761079 0.45740740740740743 0.020552344251766216
1 0.2388888888888889 0.24116891457931922 0.45740740740740743 0.018625561978163133
1 0.24027777777777778 0.26011560693641617 0.4527777777777778 0.015414258188824663
1 0.23981481481481481 0.2800256904303147 0.45185185185185184 0.016698779704560053
1 0.24166666666666667 0.29865125240847784 0.45740740740740743 0.016698779704560053
1 0.23981481481481481 0.3195247270391779 0.4537037037037037 0.017341040462427744
1 0.24074074074074073 0.3400770712909441 0.45740740740740743 0.018625561978163133
