2 0.4091337099811676 0.2566137566137566 0.11958568738229755 0.04126984126984127
0 0.1007532956685499 0.25502645502645505 0.1431261770244821 0.04021164021164021
0 0.6727871939736346 0.2566137566137566 0.2288135593220339 0.0328042328042328
2 0.917608286252354 0.25396825396825395 0.04990583804143126 0.027513227513227514
0 0.16101694915254236 0.29417989417989415 0.2617702448210923 0.0380952380952381
2 0.4091337099811676 0.2947089947089947 0.11958568738229755 0.04126984126984127
0 0.641713747645951 0.29259259259259257 0.16666666666666666 0.02857142857142857
2 0.9190207156308852 0.29259259259259257 0.04896421845574388 0.026455026455026454
0 0.6012241054613936 0.3291005291005291 0.08757062146892655 0.031746031746031744
2 0.917608286252354 0.3306878306878307 0.046139359698681735 0.02433862433862434
0 0.1591337099811676 0.355026455026455 0.2580037664783427 0.03492063492063492
2 0.3983050847457627 0.3523809523809524 0.096045197740113 0.02962962962962963
0 0.6045197740112994 0.36878306878306877 0.09416195856873823 0.02857142857142857
2 0.917608286252354 0.36984126984126986 0.046139359698681735 0.026455026455026454
2 0.4157250470809793 0.3931216931216931 0.1327683615819209 0.04126984126984127
0 0.1751412429378531 0.3931216931216931 0.2900188323917137 0.03492063492063492
0 0.6054613935969868 0.408994708994709 0.09416195856873823 0.037037037037037035
2 0.9180790960451978 0.4074074074074074 0.05084745762711865 0.027513227513227514
2 0.4091337099811676 0.4312169312169312 0.11958568738229755 0.039153439153439155
0 0.0903954802259887 0.4301587301587302 0.1224105461393597 0.039153439153439155
2 0.4091337099811676 0.4687830687830688 0.11958568738229755 0.042328042328042326
0 0.12335216572504708 0.4671957671957672 0.18832391713747645 0.039153439153439155
0 0.13512241054613935 0.5068783068783069 0.211864406779661 0.04021164021164021
2 0.4081920903954802 0.5063492063492063 0.11581920903954802 0.02857142857142857
0 0.1483050847457627 0.5433862433862434 0.2344632768361582 0.037037037037037035
2 0.403954802259887 0.5444444444444444 0.10734463276836158 0.030687830687830688
0 0.13041431261770245 0.5830687830687831 0.2024482109227872 0.04021164021164021
2 0.3983050847457627 0.582010582010582 0.096045197740113 0.02962962962962963
0 0.594632768361582 0.5962962962962963 0.1120527306967985 0.020105820105820106
0 0.7095103578154426 0.5978835978835979 0.07815442561205273 0.02328042328042328
0 0.8168549905838042 0.5962962962962963 0.08757062146892655 0.020105820105820106
0 0.9199623352165726 0.5984126984126984 0.03766478342749529 0.026455026455026454
2 0.4091337099811676 0.6227513227513227 0.11958568738229755 0.04126984126984127
0 0.09416195856873823 0.6222222222222222 0.128060263653484 0.03597883597883598
2 0.8220338983050848 0.6317460317460317 0.07344632768361582 0.02328042328042328
2 0.9194915254237288 0.6317460317460317 0.0743879472693032 0.02328042328042328
2 0.5918079096045198 0.6312169312169312 0.07250470809792843 0.01798941798941799
2 0.7066854990583804 0.6328042328042328 0.0743879472693032 0.021164021164021163
2 0.4096045197740113 0.6613756613756614 0.11864406779661017 0.04021164021164021
0 0.09651600753295668 0.6603174603174603 0.13465160075329566 0.033862433862433865
0 0.583804143126177 0.816931216931217 0.05084745762711865 0.025396825396825397
0 0.7090395480225988 0.8142857142857143 0.062146892655367235 0.020105820105820106
0 0.821563088512241 0.8142857142857143 0.0856873822975518 0.020105820105820106
0 0.9246704331450094 0.8153439153439154 0.04896421845574388 0.026455026455026454
2 0.5903954802259888 0.8465608465608465 0.07344632768361582 0.02328042328042328
2 0.7048022598870056 0.8465608465608465 0.0743879472693032 0.02328042328042328
2 0.8149717514124294 0.8465608465608465 0.06497175141242938 0.02328042328042328
2 0.9241996233521658 0.8465608465608465 0.07250470809792843 0.02328042328042328
1 0.5894538606403014 0.8317460317460318 0.07156308851224105 0.05714285714285714
1 0.704331450094162 0.8301587301587302 0.07532956685499058 0.0582010582010582
1 0.821563088512241 0.8312169312169312 0.08945386064030132 0.05396825396825397
1 0.9241996233521658 0.8301587301587302 0.0743879472693032 0.056084656084656084
1 0.594632768361582 0.6137566137566137 0.11393596986817325 0.05291005291005291
1 0.7090395480225988 0.6142857142857143 0.07909604519774012 0.0582010582010582
1 0.8163841807909604 0.6137566137566137 0.0903954802259887 0.05714285714285714
1 0.9199623352165726 0.6126984126984127 0.07532956685499058 0.05925925925925926
1 0.24858757062146894 0.2544973544973545 0.4406779661016949 0.039153439153439155
1 0.2504708097928437 0.2957671957671958 0.4444444444444444 0.04126984126984127
1 0.23775894538606404 0.355026455026455 0.4171374764595104 0.037037037037037035
1 0.2556497175141243 0.39206349206349206 0.4548022598870056 0.037037037037037035
1 0.24811676082862524 0.42857142857142855 0.4416195856873823 0.04021164021164021
1 0.24811676082862524 0.4671957671957672 0.4416195856873823 0.039153439153439155
1 0.2457627118644068 0.5052910052910053 0.4369114877589454 0.0328042328042328
1 0.24293785310734464 0.5417989417989418 0.4293785310734463 0.033862433862433865
1 0.23728813559322035 0.582010582010582 0.4180790960451977 0.04021164021164021
1 0.2490583804143126 0.6195767195767196 0.4416195856873823 0.039153439153439155
1 0.2490583804143126 0.6587301587301587 0.4416195856873823 0.039153439153439155
1 0.7509416195856874 0.29153439153439153 0.3870056497175141 0.02857142857142857
1 0.75 0.32645502645502644 0.3851224105461394 0.030687830687830688
1 0.7490583804143126 0.3682539682539683 0.3870056497175141 0.02962962962962963
1 0.7495291902071564 0.4084656084656085 0.3860640301318267 0.042328042328042326
