0 0.11376404494382023 0.28095238095238095 0.15823970037453183 0.04285714285714286
0 0.6221910112359551 0.2791666666666667 0.0852059925093633 0.03214285714285714
2 0.4850187265917603 0.28095238095238095 0.0449438202247191 0.02857142857142857
2 0.9531835205992509 0.28095238095238095 0.0449438202247191 0.02857142857142857
0 0.11844569288389513 0.32261904761904764 0.16385767790262173 0.03571428571428571
0 0.6376404494382022 0.3238095238095238 0.11423220973782772 0.03571428571428571
2 0.4845505617977528 0.3238095238095238 0.047752808988764044 0.030952380952380953
2 0.9531835205992509 0.3244047619047619 0.0449438202247191 0.02976190476190476
0 0.6769662921348315 0.36488095238095236 0.19288389513108614 0.036904761904761905
0 0.17322097378277154 0.36904761904761907 0.2752808988764045 0.04523809523809524
2 0.48408239700374533 0.3672619047619048 0.04868913857677903 0.02976190476190476
2 0.9531835205992509 0.368452380952381 0.0449438202247191 0.02976190476190476
0 0.6947565543071161 0.4089285714285714 0.2303370786516854 0.039285714285714285
2 0.9531835205992509 0.4119047619047619 0.0449438202247191 0.02857142857142857
0 0.14653558052434457 0.49107142857142855 0.22378277153558052 0.039285714285714285
2 0.48314606741573035 0.48988095238095236 0.0449438202247191 0.03214285714285714
0 0.8515917602996255 0.4886904761904762 0.14325842696629212 0.025
0 0.8515917602996255 0.5142857142857142 0.17134831460674158 0.02857142857142857
0 0.15308988764044945 0.5321428571428571 0.2350187265917603 0.05238095238095238
2 0.4850187265917603 0.5345238095238095 0.0449438202247191 0.02857142857142857
2 0.8515917602996255 0.5428571428571428 0.13576779026217228 0.01904761904761905
2 0.8544007490636704 0.5642857142857143 0.13951310861423222 0.01904761904761905
0 0.23829588014981273 0.5785714285714286 0.4035580524344569 0.04523809523809524
2 0.4850187265917603 0.5761904761904761 0.0449438202247191 0.02857142857142857
0 0.19054307116104868 0.6970238095238095 0.3080524344569288 0.039285714285714285
2 0.48408239700374533 0.6988095238095238 0.04681647940074907 0.030952380952380953
0 0.20224719101123595 0.7398809523809524 0.3295880149812734 0.039285714285714285
0 0.6764981273408239 0.7446428571428572 0.19382022471910113 0.039285714285714285
2 0.4845505617977528 0.7428571428571429 0.042134831460674156 0.02857142857142857
2 0.9527153558052435 0.7416666666666667 0.04588014981273408 0.030952380952380953
0 0.15683520599250936 0.7863095238095238 0.2406367041198502 0.04642857142857143
0 0.75 0.7863095238095238 0.34269662921348315 0.04642857142857143
2 0.4850187265917603 0.7875 0.0449438202247191 0.02976190476190476
0 0.10767790262172285 0.8285714285714286 0.14232209737827714 0.047619047619047616
0 0.7106741573033708 0.8315476190476191 0.26217228464419473 0.04404761904761905
2 0.48408239700374533 0.8297619047619048 0.04681647940074907 0.030952380952380953
2 0.9527153558052435 0.8303571428571429 0.04400749063670412 0.02976190476190476
1 0.8506554307116105 0.5238095238095238 0.17322097378277154 0.1
2 0.9531835205992509 0.7880952380952381 0.04681647940074907 0.030952380952380953
1 0.7776217228464419 0.8297619047619048 0.39419475655430714 0.04285714285714286
1 0.7804307116104869 0.7845238095238095 0.40168539325842695 0.0380952380952381
1 0.7776217228464419 0.7416666666666667 0.397940074906367 0.0380952380952381
1 0.27247191011235955 0.6970238095238095 0.4700374531835206 0.039285714285714285
1 0.27340823970037453 0.8297619047619048 0.4700374531835206 0.04285714285714286
1 0.27247191011235955 0.7398809523809524 0.4700374531835206 0.039285714285714285
1 0.27340823970037453 0.7833333333333333 0.4700374531835206 0.05
1 0.2710674157303371 0.28154761904761905 0.4747191011235955 0.04642857142857143
1 0.27247191011235955 0.3238095238095238 0.4756554307116105 0.03571428571428571
1 0.2710674157303371 0.36607142857142855 0.4747191011235955 0.04642857142857143
1 0.7776217228464419 0.2791666666666667 0.399812734082397 0.036904761904761905
1 0.778558052434457 0.32202380952380955 0.399812734082397 0.036904761904761905
1 0.7794943820224719 0.36488095238095236 0.399812734082397 0.036904761904761905
1 0.7799625468164794 0.4101190476190476 0.3970037453183521 0.03214285714285714
