2 0.3421296296296296 0.28525226390685643 0.12314814814814815 0.042690815006468305
0 0.08055555555555556 0.28525226390685643 0.08888888888888889 0.03492884864165589
0 0.7111111111111111 0.28913324708926263 0.18888888888888888 0.042690815006468305
2 0.8967592592592593 0.28654592496765846 0.1361111111111111 0.040103492884864166
0 0.7060185185185185 0.33053040103492887 0.17314814814814813 0.040103492884864166
0 0.08287037037037037 0.3318240620957309 0.09351851851851851 0.037516170763260026
2 0.3421296296296296 0.3318240620957309 0.12129629629629629 0.037516170763260026
2 0.8949074074074074 0.33376455368693403 0.13425925925925927 0.04398447606727038
0 0.7074074074074074 0.37904269081500647 0.17777777777777778 0.04139715394566624
0 0.08888888888888889 0.3777490297542044 0.10740740740740741 0.03622250970245795
2 0.3421296296296296 0.37904269081500647 0.12314814814814815 0.04139715394566624
2 0.8962962962962963 0.37904269081500647 0.13703703703703704 0.04139715394566624
0 0.7138888888888889 0.4230271668822768 0.18888888888888888 0.04139715394566624
0 0.1259259259259259 0.42367399741267786 0.1814814814814815 0.040103492884864166
2 0.3421296296296296 0.42496765847347995 0.12314814814814815 0.042690815006468305
2 0.8962962962962963 0.42626131953428203 0.13703703703703704 0.037516170763260026
0 0.700462962962963 0.4715394566623545 0.1675925925925926 0.037516170763260026
2 0.8962962962962963 0.47283311772315656 0.13703703703703704 0.042690815006468305
0 0.09861111111111111 0.4721862871927555 0.12685185185185185 0.03622250970245795
2 0.350462962962963 0.47477360931435963 0.1398148148148148 0.03622250970245795
0 0.14629629629629629 0.518111254851229 0.22037037037037038 0.042690815006468305
2 0.3490740740740741 0.5194049159120311 0.13518518518518519 0.037516170763260026
0 0.7046296296296296 0.5200517464424321 0.17407407407407408 0.04657179818887452
2 0.8962962962962963 0.5194049159120311 0.13703703703703704 0.037516170763260026
0 0.15046296296296297 0.5659767141009056 0.23055555555555557 0.040103492884864166
0 0.6986111111111111 0.5659767141009056 0.16018518518518518 0.042690815006468305
2 0.8953703703703704 0.5685640362225097 0.13333333333333333 0.045278137128072445
0 0.06898148148148148 0.6086675291073739 0.06759259259259259 0.042690815006468305
2 0.3486111111111111 0.611254851228978 0.1361111111111111 0.042690815006468305
0 0.6930555555555555 0.611254851228978 0.14907407407407408 0.037516170763260026
2 0.8953703703703704 0.6157826649417852 0.13333333333333333 0.04398447606727038
0 0.08101851851851852 0.6584734799482536 0.09166666666666666 0.03880983182406209
2 0.3490740740740741 0.6591203104786546 0.13518518518518519 0.037516170763260026
0 0.6666666666666666 0.6617076326002588 0.09814814814814815 0.045278137128072445
2 0.8953703703703704 0.6630012936610608 0.13333333333333333 0.045278137128072445
0 0.0962962962962963 0.7056921086675291 0.12037037037037036 0.045278137128072445
2 0.3490740740740741 0.7063389391979301 0.13703703703703704 0.04139715394566624
0 0.15648148148148147 0.8389391979301423 0.2351851851851852 0.047865459249676584
0 0.6060185185185185 0.8357050452781372 0.2972222222222222 0.04398447606727038
2 0.32083333333333336 0.8395860284605433 0.04537037037037037 0.03363518758085381
0 0.1425925925925926 0.8822768434670116 0.20925925925925926 0.04139715394566624
0 0.5875 0.8822768434670116 0.262037037037037 0.04139715394566624
2 0.3212962962962963 0.88745148771022 0.044444444444444446 0.031047865459249677
2 0.7861111111111111 0.8861578266494179 0.046296296296296294 0.03363518758085381
2 0.7888888888888889 0.8395860284605433 0.046296296296296294 0.03363518758085381
1 0.19074074074074074 0.8363518758085382 0.3037037037037037 0.045278137128072445
1 0.1912037037037037 0.8822768434670116 0.30648148148148147 0.03880983182406209
1 0.6361111111111111 0.8389391979301423 0.3574074074074074 0.045278137128072445
1 0.6342592592592593 0.8816300129366106 0.3574074074074074 0.045278137128072445
2 0.35 0.5646830530401035 0.13518518518518519 0.037516170763260026
1 0.21898148148148147 0.28395860284605434 0.3675925925925926 0.040103492884864166
1 0.21805555555555556 0.3318240620957309 0.3675925925925926 0.040103492884864166
1 0.21898148148148147 0.3796895213454075 0.3675925925925926 0.040103492884864166
1 0.21805555555555556 0.42367399741267786 0.3675925925925926 0.040103492884864166
1 0.2273148148148148 0.47283311772315656 0.38425925925925924 0.040103492884864166
1 0.2263888888888889 0.5194049159120311 0.38425925925925924 0.040103492884864166
1 0.22453703703703703 0.5659767141009056 0.38425925925925924 0.040103492884864166
1 0.2263888888888889 0.609961190168176 0.38425925925925924 0.040103492884864166
1 0.22453703703703703 0.6604139715394567 0.38425925925925924 0.040103492884864166
1 0.22685185185185186 0.7069857697283312 0.3851851851851852 0.045278137128072445
1 0.7916666666666666 0.2897800776196636 0.34814814814814815 0.04398447606727038
1 0.7944444444444444 0.3311772315653299 0.34814814814814815 0.04398447606727038
1 0.7916666666666666 0.37516170763260026 0.34814814814814815 0.04398447606727038
1 0.7907407407407407 0.4230271668822768 0.34814814814814815 0.04398447606727038
1 0.7888888888888889 0.47089262613195343 0.34814814814814815 0.04398447606727038
1 0.7916666666666666 0.5200517464424321 0.34814814814814815 0.04398447606727038
1 0.7898148148148149 0.5640362225097024 0.34814814814814815 0.04398447606727038
1 0.7916666666666666 0.6131953428201811 0.34814814814814815 0.04398447606727038
1 0.7898148148148149 0.6623544631306598 0.34814814814814815 0.04398447606727038
