0 0.12685185185185185 0.24475308641975307 0.13518518518518519 0.022839506172839506
0 0.46805555555555556 0.24598765432098765 0.14166666666666666 0.025308641975308643
0 0.7976851851851852 0.25833333333333336 0.20462962962962963 0.029012345679012345
0 0.17407407407407408 0.2774691358024691 0.19444444444444445 0.024074074074074074
0 0.5185185185185185 0.2799382716049383 0.20555555555555555 0.027777777777777776
0 0.8486111111111111 0.2898148148148148 0.2361111111111111 0.025308641975308643
2 0.175 0.3132716049382716 0.15 0.029012345679012345
2 0.5166666666666667 0.3138888888888889 0.14629629629629629 0.027777777777777776
2 0.8273148148148148 0.32314814814814813 0.14537037037037037 0.027777777777777776
0 0.45416666666666666 0.5367283950617284 0.18981481481481483 0.029012345679012345
0 0.13472222222222222 0.537962962962963 0.18611111111111112 0.024074074074074074
0 0.7791666666666667 0.5435185185185185 0.1398148148148148 0.021604938271604937
0 0.49907407407407406 0.5654320987654321 0.24814814814814815 0.025925925925925925
0 0.1787037037037037 0.5669753086419753 0.27037037037037037 0.022839506172839506
0 0.8240740740740741 0.5719135802469136 0.15925925925925927 0.022839506172839506
2 0.5 0.5984567901234568 0.15185185185185185 0.02654320987654321
2 0.17962962962962964 0.6 0.13333333333333333 0.028395061728395062
2 0.8231481481481482 0.6033950617283951 0.11851851851851852 0.025308641975308643
0 0.12222222222222222 0.8151234567901234 0.13703703703703704 0.022839506172839506
0 0.16574074074074074 0.8425925925925926 0.18333333333333332 0.02345679012345679
2 0.16527777777777777 0.8734567901234568 0.11944444444444445 0.027160493827160494
1 0.15601851851851853 0.8444444444444444 0.2064814814814815 0.08271604938271605
1 0.17731481481481481 0.5703703703703704 0.275 0.08888888888888889
1 0.49074074074074076 0.5657407407407408 0.26666666666666666 0.09074074074074075
1 0.8060185185185185 0.5753086419753086 0.1935185185185185 0.08271604938271605
1 0.16574074074074074 0.2808641975308642 0.20925925925925926 0.09259259259259259
1 0.5092592592592593 0.28117283950617283 0.22777777777777777 0.09567901234567901
1 0.8305555555555556 0.2898148148148148 0.27037037037037037 0.09320987654320988
