0 0.6430555555555556 0.43026315789473685 0.18425925925925926 0.034210526315789476
0 0.38333333333333336 0.43355263157894736 0.18333333333333332 0.035526315789473684
0 0.8712962962962963 0.43157894736842106 0.09259259259259259 0.031578947368421054
2 0.6439814814814815 0.45921052631578946 0.08425925925925926 0.031578947368421054
2 0.8717592592592592 0.4611842105263158 0.0787037037037037 0.030263157894736843
0 0.34120370370370373 0.4631578947368421 0.04537037037037037 0.031578947368421054
0 0.5981481481481481 0.49078947368421055 0.1259259259259259 0.03684210526315789
0 0.08842592592592592 0.49407894736842106 0.04537037037037037 0.03289473684210526
0 0.34305555555555556 0.4967105263157895 0.04722222222222222 0.030263157894736843
0 0.8912037037037037 0.8138157894736842 0.09722222222222222 0.035526315789473684
0 0.3699074074074074 0.8203947368421053 0.11574074074074074 0.035526315789473684
0 0.10277777777777777 0.8276315789473684 0.1648148148148148 0.042105263157894736
0 0.5814814814814815 0.825 0.15185185185185185 0.03684210526315789
2 0.3736111111111111 0.8592105263157894 0.08611111111111111 0.031578947368421054
0 0.09583333333333334 0.8664473684210526 0.15092592592592594 0.035526315789473684
0 0.5768518518518518 0.8657894736842106 0.14444444444444443 0.04473684210526316
2 0.7152777777777778 0.8664473684210526 0.08425925925925926 0.030263157894736843
0 0.5819444444444445 0.9072368421052631 0.1527777777777778 0.046052631578947366
0 0.08935185185185185 0.46381578947368424 0.04537037037037037 0.03289473684210526
0 0.13287037037037036 0.4309210526315789 0.16574074074074074 0.035526315789473684
2 0.15601851851851853 0.46578947368421053 0.08611111111111111 0.031578947368421054
2 0.15324074074074073 0.49473684210526314 0.08611111111111111 0.031578947368421054
2 0.40879629629629627 0.49605263157894736 0.08611111111111111 0.031578947368421054
2 0.40879629629629627 0.46578947368421053 0.08611111111111111 0.031578947368421054
2 0.9490740740740741 0.49407894736842106 0.07962962962962963 0.030263157894736843
2 0.7134259259259259 0.49407894736842106 0.0787037037037037 0.030263157894736843
1 0.6439814814814815 0.49276315789473685 0.21944444444444444 0.030263157894736843
1 0.8722222222222222 0.49407894736842106 0.24074074074074073 0.03289473684210526
2 0.7162037037037037 0.8269736842105263 0.08425925925925926 0.030263157894736843
2 0.7152777777777778 0.905921052631579 0.08425925925925926 0.030263157894736843
1 0.13194444444444445 0.4625 0.13055555555555556 0.02763157894736842
1 0.1310185185185185 0.49276315789473685 0.13055555555555556 0.02763157894736842
1 0.13240740740740742 0.45921052631578946 0.1648148148148148 0.09736842105263158
1 0.3824074074074074 0.4625 0.18518518518518517 0.09605263157894736
1 0.6439814814814815 0.44342105263157894 0.18611111111111112 0.06578947368421052
1 0.8731481481481481 0.4453947368421053 0.09444444444444444 0.05394736842105263
2 0.8949074074074074 0.8467105263157895 0.08425925925925926 0.030263157894736843
2 0.2273148148148148 0.825 0.08611111111111111 0.031578947368421054
2 0.21805555555555556 0.8657894736842106 0.08611111111111111 0.031578947368421054
1 0.1439814814814815 0.8236842105263158 0.2490740740740741 0.042105263157894736
1 0.1412037037037037 0.8644736842105263 0.24351851851851852 0.03684210526315789
1 0.37083333333333335 0.8381578947368421 0.1175925925925926 0.07105263157894737
1 0.6333333333333333 0.8256578947368421 0.2574074074074074 0.04078947368421053
1 0.6314814814814815 0.905921052631579 0.2574074074074074 0.04078947368421053
1 0.6314814814814815 0.8651315789473685 0.2574074074074074 0.04078947368421053
1 0.8916666666666667 0.8302631578947368 0.1 0.06842105263157895
