0 0.6995370370370371 0.1054030115146147 0.04351851851851852 0.05137289636846767
0 0.06296296296296296 0.2316209034543844 0.0962962962962963 0.06288751107174491
0 0.29305555555555557 0.23516386182462357 0.14351851851851852 0.015057573073516387
0 0.5578703703703703 0.23737821080602303 0.03981481481481482 0.015943312666076175
0 0.43703703703703706 0.2391496899911426 0.03333333333333333 0.01771479185119575
0 0.5587962962962963 0.25642161204605846 0.10462962962962963 0.02037201062887511
2 0.25972222222222224 0.25907883082373784 0.05648148148148148 0.023914968999114262
0 0.43796296296296294 0.2604074402125775 0.04259259259259259 0.01771479185119575
0 0.10740740740740741 0.27900797165633306 0.18518518518518517 0.03188662533215235
0 0.5587962962962963 0.2763507528786537 0.0824074074074074 0.01948627103631532
0 0.4375 0.27989371124889284 0.025 0.01771479185119575
0 0.5578703703703703 0.29805137289636846 0.09722222222222222 0.015057573073516387
0 0.14351851851851852 0.34765279007971656 0.009259259259259259 0.00974313551815766
0 0.07962962962962963 0.37865367581930914 0.11296296296296296 0.02037201062887511
0 0.4162037037037037 0.37865367581930914 0.20092592592592592 0.02037201062887511
2 0.27685185185185185 0.3799822852081488 0.027777777777777776 0.012400354295837024
2 0.5912037037037037 0.3799822852081488 0.028703703703703703 0.012400354295837024
0 0.11574074074074074 0.4030115146147033 0.18888888888888888 0.021257750221434897
0 0.4222222222222222 0.40478299379982285 0.21296296296296297 0.01771479185119575
2 0.27685185185185185 0.40478299379982285 0.027777777777777776 0.012400354295837024
2 0.5912037037037037 0.4061116031886625 0.028703703703703703 0.013286093888396812
0 0.12083333333333333 0.43091231178033657 0.19537037037037036 0.02037201062887511
0 0.39444444444444443 0.43135518157661645 0.1574074074074074 0.01948627103631532
2 0.27685185185185185 0.4300265721877768 0.027777777777777776 0.013286093888396812
2 0.5898148148148148 0.4322409211691763 0.027777777777777776 0.012400354295837024
0 0.07916666666666666 0.4561558901682905 0.11018518518518519 0.01948627103631532
0 0.4115740740740741 0.4561558901682905 0.19166666666666668 0.01948627103631532
2 0.5912037037037037 0.45438441098317095 0.028703703703703703 0.012400354295837024
2 0.27685185185185185 0.45704162976085033 0.027777777777777776 0.012400354295837024
0 0.40185185185185185 0.479185119574845 0.16666666666666666 0.01771479185119575
0 0.0962962962962963 0.48228520814880427 0.1574074074074074 0.022143489813994686
2 0.5912037037037037 0.4818423383525244 0.028703703703703703 0.012400354295837024
2 0.27685185185185185 0.48272807794508416 0.027777777777777776 0.012400354295837024
0 0.08564814814814815 0.504428697962799 0.13796296296296295 0.018600531443755536
0 0.38287037037037036 0.504428697962799 0.1287037037037037 0.018600531443755536
2 0.27685185185185185 0.5062001771479185 0.027777777777777776 0.013286093888396812
2 0.5912037037037037 0.5062001771479185 0.028703703703703703 0.013286093888396812
0 0.3976851851851852 0.5305580159433126 0.15833333333333333 0.01948627103631532
0 0.12037037037037036 0.5318866253321524 0.20555555555555555 0.02037201062887511
2 0.5912037037037037 0.5296722763507529 0.028703703703703703 0.012400354295837024
2 0.27685185185185185 0.5332152347209921 0.027777777777777776 0.0141718334809566
0 0.12037037037037036 0.5562444641275465 0.20555555555555555 0.01948627103631532
2 0.27685185185185185 0.5571302037201062 0.027777777777777776 0.012400354295837024
0 0.09212962962962963 0.58325952170062 0.14907407407407408 0.015057573073516387
2 0.21481481481481482 0.5823737821080602 0.02962962962962963 0.013286093888396812
0 0.38101851851851853 0.58325952170062 0.09166666666666666 0.015057573073516387
2 0.500462962962963 0.5845881310894597 0.026851851851851852 0.012400354295837024
0 0.059722222222222225 0.6093888396811338 0.08425925925925926 0.01771479185119575
0 0.3819444444444444 0.6098317094774136 0.09351851851851851 0.01682905225863596
2 0.21342592592592594 0.6111603188662533 0.026851851851851852 0.0141718334809566
2 0.500462962962963 0.6120460584588131 0.026851851851851852 0.012400354295837024
2 0.5013888888888889 0.691762621789194 0.028703703703703703 0.0141718334809566
0 0.3365740740740741 0.6944198405668733 0.03611111111111111 0.0141718334809566
0 0.06481481481481481 0.6984056687333924 0.0962962962962963 0.01682905225863596
0 0.1712962962962963 0.6992914083259522 0.07037037037037037 0.015057573073516387
2 0.2361111111111111 0.7006200177147919 0.025925925925925925 0.012400354295837024
2 0.5018518518518519 0.70859167404783 0.02962962962962963 0.0141718334809566
0 0.34675925925925927 0.7099202834366696 0.05648148148148148 0.013286093888396812
0 0.06481481481481481 0.7205491585473871 0.0962962962962963 0.01682905225863596
0 0.17175925925925925 0.7205491585473871 0.0712962962962963 0.013286093888396812
2 0.2361111111111111 0.7201062887511072 0.025925925925925925 0.012400354295837024
0 0.3925925925925926 0.7258635961027458 0.14814814814814814 0.01682905225863596
2 0.5013888888888889 0.724977856510186 0.028703703703703703 0.013286093888396812
0 0.04861111111111111 0.7409211691762622 0.06574074074074074 0.018600531443755536
0 0.1712962962962963 0.7413640389725421 0.07037037037037037 0.0141718334809566
2 0.5018518518518519 0.7413640389725421 0.02962962962962963 0.0141718334809566
2 0.2361111111111111 0.7422497785651019 0.025925925925925925 0.012400354295837024
0 0.36527777777777776 0.7426926483613817 0.09351851851851851 0.015057573073516387
2 0.5013888888888889 0.7573073516386183 0.028703703703703703 0.012400354295837024
0 0.34305555555555556 0.7608503100088574 0.04722222222222222 0.0141718334809566
0 0.06388888888888888 0.7630646589902569 0.09444444444444444 0.015057573073516387
0 0.1712962962962963 0.7621789193976971 0.07037037037037037 0.013286093888396812
2 0.23703703703703705 0.7635075287865367 0.024074074074074074 0.012400354295837024
0 0.32916666666666666 0.775022143489814 0.019444444444444445 0.015943312666076175
2 0.5013888888888889 0.7741364038972542 0.028703703703703703 0.0141718334809566
0 0.3819444444444444 0.8640389725420726 0.13055555555555556 0.023914968999114262
0 0.08703703703703704 0.8671390611160319 0.14074074074074075 0.01771479185119575
2 0.4837962962962963 0.8649247121346324 0.025 0.013286093888396812
2 0.20324074074074075 0.8697962798937112 0.025 0.012400354295837024
0 0.3578703703703704 0.8897254207263064 0.0787037037037037 0.013286093888396812
0 0.033796296296296297 0.8950398582816652 0.03425925925925926 0.01682905225863596
2 0.20324074074074075 0.8968113374667848 0.025 0.013286093888396812
0 0.34074074074074073 0.9052258635961028 0.044444444444444446 0.0141718334809566
0 0.3333333333333333 0.9202834366696191 0.02962962962962963 0.012400354295837024
0 0.04537037037037037 0.9224977856510186 0.05925925925925926 0.01682905225863596
2 0.2050925925925926 0.9229406554472985 0.026851851851851852 0.012400354295837024
0 0.3453703703703704 0.9353410097431355 0.05185185185185185 0.0141718334809566
0 0.07731481481481481 0.9477413640389726 0.12314814814814815 0.01948627103631532
2 0.2050925925925926 0.9490699734278122 0.026851851851851852 0.013286093888396812
0 0.34120370370370373 0.9508414526129318 0.04537037037037037 0.013286093888396812
2 0.3384259259259259 0.25642161204605846 0.05648148148148148 0.023914968999114262
1 0.3125 0.2546501328609389 0.5990740740740741 0.10894596988485385
1 0.4064814814814815 0.9056687333923826 0.1814814814814815 0.10717449069973428
1 0.11574074074074074 0.8675819309123117 0.2 0.01682905225863596
1 0.1175925925925926 0.8950398582816652 0.2 0.01682905225863596
1 0.1175925925925926 0.9233835252435784 0.2 0.01682905225863596
1 0.1175925925925926 0.9486271036315324 0.20555555555555555 0.021257750221434897
1 0.13240740740740742 0.6984056687333924 0.23333333333333334 0.018600531443755536
1 0.13240740740740742 0.7196634189548273 0.23333333333333334 0.018600531443755536
1 0.13240740740740742 0.7400354295837024 0.23333333333333334 0.018600531443755536
1 0.13240740740740742 0.7626217891939769 0.23333333333333334 0.015943312666076175
1 0.41759259259259257 0.6922054915854738 0.1962962962962963 0.015057573073516387
1 0.4185185185185185 0.7099202834366696 0.1962962962962963 0.015057573073516387
1 0.4185185185185185 0.724977856510186 0.20185185185185187 0.01682905225863596
1 0.4185185185185185 0.7595217006200177 0.1962962962962963 0.015057573073516387
1 0.41944444444444445 0.7426926483613817 0.1962962962962963 0.015057573073516387
1 0.41759259259259257 0.7745792736935341 0.1962962962962963 0.015057573073516387
1 0.42407407407407405 0.5828166519043402 0.17777777777777778 0.0141718334809566
1 0.42453703703703705 0.608503100088574 0.18055555555555555 0.01771479185119575
1 0.15694444444444444 0.37865367581930914 0.26944444444444443 0.022143489813994686
1 0.15601851851851853 0.4016829052258636 0.26944444444444443 0.022143489813994686
1 0.15787037037037038 0.4300265721877768 0.26944444444444443 0.022143489813994686
1 0.15648148148148147 0.45482728077945084 0.26666666666666666 0.02037201062887511
1 0.1527777777777778 0.48139946855624444 0.2759259259259259 0.022143489813994686
1 0.15462962962962962 0.5301151461470328 0.2759259259259259 0.022143489813994686
1 0.1537037037037037 0.5035429583702391 0.2759259259259259 0.02037201062887511
1 0.15462962962962962 0.5549158547387069 0.2759259259259259 0.02037201062887511
1 0.125 0.5823737821080602 0.21296296296296297 0.01682905225863596
1 0.12129629629629629 0.6089459698848538 0.21296296296296297 0.01682905225863596
1 0.4601851851851852 0.37821080602302926 0.28888888888888886 0.021257750221434897
1 0.462037037037037 0.4038972542072631 0.28888888888888886 0.021257750221434897
1 0.46111111111111114 0.43135518157661645 0.28888888888888886 0.021257750221434897
1 0.462037037037037 0.4552701505757307 0.28888888888888886 0.021257750221434897
1 0.46296296296296297 0.4782993799822852 0.28888888888888886 0.021257750221434897
1 0.46296296296296297 0.503985828166519 0.28888888888888886 0.021257750221434897
1 0.46296296296296297 0.5296722763507529 0.28888888888888886 0.021257750221434897
