2 0.8828703703703704 0.35432098765432096 0.03796296296296296 0.012345679012345678
0 0.6083333333333333 0.3567901234567901 0.18518518518518517 0.016049382716049384
0 0.09768518518518518 0.3697530864197531 0.10833333333333334 0.014814814814814815
2 0.3597222222222222 0.3691358024691358 0.03425925925925926 0.013580246913580247
2 0.8819444444444444 0.37592592592592594 0.03611111111111111 0.013580246913580247
0 0.5722222222222222 0.37839506172839504 0.11296296296296296 0.013580246913580247
0 0.11157407407407408 0.3904320987654321 0.1361111111111111 0.016666666666666666
2 0.3587962962962963 0.3907407407407407 0.03611111111111111 0.012345679012345678
2 0.8828703703703704 0.3969135802469136 0.03796296296296296 0.012345679012345678
0 0.6013888888888889 0.4009259259259259 0.1712962962962963 0.015432098765432098
0 0.09537037037037037 0.4126543209876543 0.10555555555555556 0.016666666666666666
2 0.3587962962962963 0.412962962962963 0.03611111111111111 0.012345679012345678
2 0.8828703703703704 0.4191358024691358 0.03796296296296296 0.012345679012345678
0 0.5703703703703704 0.4228395061728395 0.1037037037037037 0.013580246913580247
0 0.10972222222222222 0.43487654320987656 0.13240740740740742 0.016666666666666666
2 0.3578703703703704 0.4351851851851852 0.03796296296296296 0.012345679012345678
2 0.8828703703703704 0.44135802469135804 0.03796296296296296 0.012345679012345678
0 0.5615740740740741 0.4444444444444444 0.08611111111111111 0.013580246913580247
0 0.07824074074074074 0.4561728395061728 0.06944444444444445 0.013580246913580247
2 0.35555555555555557 0.4561728395061728 0.040740740740740744 0.013580246913580247
2 0.8828703703703704 0.46296296296296297 0.03796296296296296 0.013580246913580247
0 0.5435185185185185 0.4654320987654321 0.053703703703703705 0.01728395061728395
2 0.8819444444444444 0.4845679012345679 0.03611111111111111 0.012345679012345678
0 0.5587962962962963 0.48858024691358026 0.08611111111111111 0.015432098765432098
0 0.11342592592592593 0.5006172839506173 0.14351851851851852 0.013580246913580247
2 0.36064814814814816 0.5006172839506173 0.03981481481481482 0.013580246913580247
0 0.08888888888888889 0.5222222222222223 0.09444444444444444 0.012345679012345678
2 0.36157407407407405 0.5222222222222223 0.03796296296296296 0.012345679012345678
0 0.5421296296296296 0.5410493827160494 0.05277777777777778 0.015432098765432098
2 0.8819444444444444 0.5395061728395062 0.03611111111111111 0.012345679012345678
0 0.1824074074074074 0.5456790123456791 0.2796296296296296 0.014814814814814815
2 0.36157407407407405 0.5438271604938272 0.03796296296296296 0.012345679012345678
0 0.5509259259259259 0.5623456790123457 0.06481481481481481 0.012345679012345678
2 0.8810185185185185 0.5623456790123457 0.03425925925925926 0.012345679012345678
0 0.07546296296296297 0.5660493827160494 0.06759259259259259 0.013580246913580247
2 0.36157407407407405 0.5666666666666667 0.03796296296296296 0.012345679012345678
0 0.5449074074074074 0.5848765432098766 0.05462962962962963 0.016666666666666666
2 0.8810185185185185 0.5839506172839506 0.03796296296296296 0.013580246913580247
0 0.10138888888888889 0.5876543209876544 0.11574074074074074 0.013580246913580247
2 0.3625 0.5876543209876544 0.03611111111111111 0.013580246913580247
0 0.5819444444444445 0.6061728395061728 0.13240740740740742 0.013580246913580247
2 0.8810185185185185 0.6061728395061728 0.03796296296296296 0.013580246913580247
0 0.1439814814814815 0.6530864197530865 0.18796296296296297 0.013580246913580247
2 0.36157407407407405 0.6537037037037037 0.03796296296296296 0.012345679012345678
2 0.8856481481481482 0.6537037037037037 0.03611111111111111 0.012345679012345678
0 0.5643518518518519 0.6648148148148149 0.09351851851851851 0.01728395061728395
0 0.0962962962962963 0.6753086419753086 0.09074074074074075 0.013580246913580247
2 0.8856481481481482 0.6753086419753086 0.03611111111111111 0.013580246913580247
2 0.36157407407407405 0.6759259259259259 0.03796296296296296 0.012345679012345678
0 0.5921296296296297 0.6864197530864198 0.14722222222222223 0.014814814814814815
0 0.10925925925925926 0.6975308641975309 0.11666666666666667 0.013580246913580247
2 0.36157407407407405 0.6975308641975309 0.03796296296296296 0.013580246913580247
2 0.8865740740740741 0.6975308641975309 0.03796296296296296 0.013580246913580247
0 0.5930555555555556 0.7083333333333334 0.14907407407407408 0.015432098765432098
0 0.11990740740740741 0.7194444444444444 0.13796296296296295 0.014197530864197531
2 0.36157407407407405 0.7194444444444444 0.03796296296296296 0.014197530864197531
2 0.8865740740740741 0.7185185185185186 0.03796296296296296 0.012345679012345678
0 0.600925925925926 0.7305555555555555 0.1648148148148148 0.015432098765432098
2 0.8865740740740741 0.7401234567901235 0.03796296296296296 0.013580246913580247
0 0.5703703703703704 0.7518518518518519 0.1037037037037037 0.013580246913580247
0 0.1648148148148148 0.7876543209876543 0.22777777777777777 0.014814814814814815
2 0.35555555555555557 0.7870370370370371 0.03888888888888889 0.013580246913580247
0 0.12175925925925926 0.8092592592592592 0.14166666666666666 0.013580246913580247
2 0.35555555555555557 0.8092592592592592 0.040740740740740744 0.013580246913580247
2 0.8092592592592592 0.8311728395061728 0.06851851851851852 0.016666666666666666
0 0.13657407407407407 0.8308641975308642 0.1712962962962963 0.012345679012345678
2 0.35555555555555557 0.8308641975308642 0.040740740740740744 0.012345679012345678
0 0.5106481481481482 0.8320987654320988 0.14537037037037037 0.014814814814814815
0 0.1337962962962963 0.8524691358024692 0.16574074074074074 0.013580246913580247
2 0.7981481481481482 0.8530864197530864 0.08703703703703704 0.014814814814814815
2 0.9416666666666667 0.8530864197530864 0.08518518518518518 0.014814814814814815
2 0.35555555555555557 0.8530864197530864 0.03888888888888889 0.012345679012345678
0 0.5606481481481481 0.854320987654321 0.24537037037037038 0.014814814814814815
2 0.7939814814814815 0.875 0.0824074074074074 0.015432098765432098
2 0.9416666666666667 0.8743827160493827 0.08518518518518518 0.014197530864197531
0 0.49907407407407406 0.8753086419753087 0.12222222222222222 0.012345679012345678
0 0.7962962962962963 0.8962962962962963 0.09444444444444444 0.013580246913580247
0 0.9287037037037037 0.8969135802469136 0.11481481481481481 0.012345679012345678
2 0.8125 0.9179012345679012 0.058333333333333334 0.014814814814814815
0 0.5606481481481481 0.9191358024691358 0.24537037037037038 0.014814814814814815
2 0.8115740740740741 0.9395061728395062 0.06018518518518518 0.016049382716049384
0 0.5666666666666667 0.941358024691358 0.25925925925925924 0.014814814814814815
1 0.6412037037037037 0.8320987654320988 0.4083333333333333 0.016049382716049384
1 0.712037037037037 0.854320987654321 0.5481481481481482 0.016049382716049384
1 0.712037037037037 0.8851851851851852 0.55 0.03333333333333333
1 0.6402777777777777 0.9182098765432098 0.4064814814814815 0.016666666666666666
1 0.6393518518518518 0.9391975308641975 0.4064814814814815 0.016666666666666666
1 0.21481481481481482 0.653395061728395 0.3314814814814815 0.014197530864197531
1 0.21574074074074073 0.675 0.3314814814814815 0.014197530864197531
1 0.21666666666666667 0.696604938271605 0.3314814814814815 0.014197530864197531
1 0.21574074074074073 0.7188271604938271 0.3314814814814815 0.014197530864197531
1 0.712037037037037 0.6592592592592592 0.3888888888888889 0.025925925925925925
1 0.712037037037037 0.6820987654320988 0.3888888888888889 0.025925925925925925
1 0.7138888888888889 0.7012345679012346 0.3888888888888889 0.025925925925925925
1 0.7101851851851851 0.7234567901234568 0.3888888888888889 0.025925925925925925
1 0.7129629629629629 0.7469135802469136 0.3888888888888889 0.025925925925925925
1 0.20972222222222223 0.36944444444444446 0.33425925925925926 0.016666666666666666
1 0.21064814814814814 0.38981481481481484 0.33425925925925926 0.016666666666666666
1 0.20879629629629629 0.41203703703703703 0.33425925925925926 0.016666666666666666
1 0.2125 0.43364197530864196 0.33425925925925926 0.016666666666666666
1 0.20787037037037037 0.4564814814814815 0.33425925925925926 0.016666666666666666
1 0.21064814814814814 0.5003086419753087 0.3398148148148148 0.014197530864197531
1 0.21064814814814814 0.5231481481481481 0.3398148148148148 0.014197530864197531
1 0.2125 0.5453703703703704 0.3398148148148148 0.014197530864197531
1 0.21064814814814814 0.5651234567901234 0.3398148148148148 0.014197530864197531
1 0.21157407407407408 0.5867283950617284 0.3398148148148148 0.014197530864197531
1 0.7069444444444445 0.5407407407407407 0.38425925925925924 0.016049382716049384
1 0.7087962962962963 0.562037037037037 0.3824074074074074 0.012962962962962963
1 0.7087962962962963 0.5833333333333334 0.38425925925925924 0.016049382716049384
1 0.7083333333333334 0.6046296296296296 0.38333333333333336 0.014197530864197531
1 0.7092592592592593 0.35648148148148145 0.387037037037037 0.015432098765432098
1 0.7083333333333334 0.3768518518518518 0.387037037037037 0.015432098765432098
1 0.7101851851851851 0.3993827160493827 0.387037037037037 0.01728395061728395
1 0.712037037037037 0.420679012345679 0.387037037037037 0.015432098765432098
1 0.7106481481481481 0.44166666666666665 0.38425925925925924 0.016666666666666666
1 0.7101851851851851 0.46512345679012346 0.387037037037037 0.015432098765432098
1 0.7083333333333334 0.4867283950617284 0.387037037037037 0.015432098765432098
