0 0.6287037037037037 0.3412264723740134 0.1814814814814815 0.024286581663630843
2 0.9495370370370371 0.3445658773527626 0.06018518518518518 0.018822100789313904
0 0.6560185185185186 0.3803885853066181 0.23796296296296296 0.023679417122040074
2 0.9481481481481482 0.38554948391013966 0.05925925925925926 0.018214936247723135
0 0.6773148148148148 0.4198542805100182 0.28055555555555556 0.023679417122040074
2 0.9486111111111111 0.42531876138433516 0.058333333333333334 0.015179113539769277
0 0.6972222222222222 0.45901639344262296 0.31851851851851853 0.030358227079538554
2 0.9467592592592593 0.4641772920461445 0.05648148148148148 0.01639344262295082
0 0.6305555555555555 0.4990892531876138 0.1814814814814815 0.024286581663630843
2 0.9486111111111111 0.50394656952034 0.05648148148148148 0.014571948998178506
0 0.687962962962963 0.5364298724954463 0.29259259259259257 0.0273224043715847
2 0.9513888888888888 0.5437158469945356 0.05092592592592592 0.015179113539769277
0 0.7069444444444445 0.5765027322404371 0.33425925925925926 0.029751062537947785
2 0.9541666666666667 0.5828779599271403 0.05277777777777778 0.015786278081360048
0 0.9458333333333333 0.7313296903460837 0.03796296296296296 0.01639344262295082
0 0.5981481481481481 0.7352762598664238 0.11296296296296296 0.020643594414086218
0 0.9476851851851852 0.7714025500910747 0.03611111111111111 0.01639344262295082
0 0.6430555555555556 0.7729204614450516 0.20277777777777778 0.02185792349726776
0 0.9449074074074074 0.8108682452944748 0.041666666666666664 0.018822100789313904
0 0.6550925925925926 0.8139040680024286 0.2212962962962963 0.024893746205221615
0 0.9458333333333333 0.8491196114146934 0.041666666666666664 0.017607771706132362
0 0.6972222222222222 0.8524590163934426 0.30925925925925923 0.024286581663630843
1 0.7587962962962963 0.34183363691560414 0.44537037037037036 0.025500910746812388
1 0.7587962962962963 0.3822100789313904 0.44351851851851853 0.0273224043715847
1 0.7532407407407408 0.42714025500910746 0.44351851851851853 0.0273224043715847
1 0.7569444444444444 0.46114146933819067 0.44351851851851853 0.0273224043715847
1 0.7625 0.49757134183363694 0.44351851851851853 0.0273224043715847
1 0.7592592592592593 0.5370370370370371 0.4388888888888889 0.030965391621129327
1 0.7601851851851852 0.5777170613236187 0.4388888888888889 0.030965391621129327
1 0.7546296296296297 0.7355798421372192 0.4222222222222222 0.023679417122040074
1 0.7527777777777778 0.7738312082574378 0.4222222222222222 0.023679417122040074
1 0.7564814814814815 0.8132969034608379 0.4222222222222222 0.023679417122040074
1 0.7555555555555555 0.8518518518518519 0.42962962962962964 0.0230722525804493
