0 0.18333333333333332 0.17749699157641396 0.21296296296296297 0.039711191335740074
2 0.38055555555555554 0.1793020457280385 0.037037037037037035 0.026474127557160047
0 0.1675925925925926 0.22202166064981949 0.1814814814814815 0.027677496991576414
2 0.38055555555555554 0.2226233453670277 0.037037037037037035 0.026474127557160047
0 0.11666666666666667 0.2629362214199759 0.07962962962962963 0.032490974729241874
2 0.38055555555555554 0.26534296028880866 0.04259259259259259 0.027677496991576414
0 0.1625 0.30866425992779783 0.175 0.027677496991576414
2 0.37962962962962965 0.30866425992779783 0.03888888888888889 0.02527075812274368
0 0.8925925925925926 0.3231046931407942 0.10185185185185185 0.030084235860409144
0 0.55 0.33634175691937424 0.06851851851851852 0.030084235860409144
0 0.7189814814814814 0.338748495788207 0.06388888888888888 0.02527075812274368
0 0.12916666666666668 0.3525872442839952 0.10462962962962963 0.02888086642599278
2 0.38055555555555554 0.35078219013237066 0.037037037037037035 0.02527075812274368
2 0.55 0.36341756919374246 0.06111111111111111 0.024067388688327317
2 0.7194444444444444 0.36341756919374246 0.06111111111111111 0.024067388688327317
2 0.8935185185185185 0.37184115523465705 0.06111111111111111 0.024067388688327317
2 0.38055555555555554 0.3935018050541516 0.037037037037037035 0.026474127557160047
0 0.1259259259259259 0.39651022864019253 0.09814814814814815 0.027677496991576414
0 0.15416666666666667 0.44103489771359805 0.15462962962962962 0.032490974729241874
2 0.38055555555555554 0.43742478941034896 0.04259259259259259 0.02527075812274368
0 0.22314814814814815 0.5102286401925391 0.21666666666666667 0.03369434416365824
0 0.19305555555555556 0.5415162454873647 0.16018518518518518 0.036101083032490974
2 0.3578703703703704 0.542719614921781 0.028703703703703703 0.026474127557160047
0 0.16574074074074074 0.5734055354993983 0.1037037037037037 0.03489771359807461
2 0.3578703703703704 0.5752105896510229 0.028703703703703703 0.026474127557160047
0 0.8944444444444445 0.585439229843562 0.15925925925925927 0.02527075812274368
0 0.5388888888888889 0.5950661853188929 0.12777777777777777 0.03489771359807461
0 0.7162037037037037 0.5944645006016848 0.14166666666666666 0.031287605294825514
0 0.15833333333333333 0.6034897713598074 0.08703703703703704 0.027677496991576414
2 0.3578703703703704 0.6077015643802648 0.028703703703703703 0.026474127557160047
2 0.7185185185185186 0.6245487364620939 0.05185185185185185 0.024067388688327317
2 0.5333333333333333 0.6239470517448856 0.05925925925925926 0.02045728038507822
0 0.1625 0.634777376654633 0.09537037037037037 0.030084235860409144
2 0.8819444444444444 0.6341756919374247 0.06018518518518518 0.024067388688327317
2 0.3578703703703704 0.6401925391095066 0.028703703703703703 0.02888086642599278
0 0.31296296296296294 0.8616125150421179 0.08148148148148149 0.02888086642599278
0 0.14814814814814814 0.8646209386281588 0.15555555555555556 0.030084235860409144
0 0.787962962962963 0.8784596871239471 0.09074074074074075 0.026474127557160047
0 0.6231481481481481 0.881468110709988 0.15 0.030084235860409144
2 0.31296296296296294 0.8862815884476535 0.06666666666666667 0.02286401925391095
2 0.14537037037037037 0.8910950661853189 0.06481481481481481 0.02286401925391095
2 0.6189814814814815 0.9217809867629362 0.06574074074074074 0.024067388688327317
0 0.7953703703703704 0.9043321299638989 0.12037037037037036 0.030084235860409144
1 0.549537037037037 0.3471720818291215 0.06759259259259259 0.05415162454873646
1 0.7189814814814814 0.35078219013237066 0.06388888888888888 0.05174488567990373
1 0.8930555555555556 0.345367027677497 0.10277777777777777 0.07701564380264742
2 0.8875 0.9025270758122743 0.06574074074074074 0.024067388688327317
2 0.8717592592592592 0.8784596871239471 0.06574074074074074 0.024067388688327317
1 0.625 0.8995186522262335 0.14629629629629629 0.07099879663056559
1 0.8277777777777777 0.8910950661853189 0.18703703703703703 0.05174488567990373
1 0.538425925925926 0.605294825511432 0.12685185185185185 0.05535499398315283
1 0.7162037037037037 0.6083032490974729 0.14351851851851852 0.05896510228640193
1 0.899074074074074 0.6089049338146811 0.20185185185185187 0.07460890493381468
1 0.1476851851851852 0.8760529482551144 0.15648148148148147 0.052948255114320095
1 0.3125 0.8730445246690735 0.0824074074074074 0.05174488567990373
2 0.3587962962962963 0.5114320096269555 0.028703703703703703 0.026474127557160047
1 0.23796296296296296 0.17809867629362214 0.32222222222222224 0.04091456077015644
1 0.24027777777777778 0.4404332129963899 0.325 0.031287605294825514
1 0.2375 0.39229843561973526 0.325 0.031287605294825514
1 0.23842592592592593 0.35138387484957884 0.325 0.031287605294825514
1 0.23657407407407408 0.30806257521058966 0.325 0.031287605294825514
1 0.24166666666666667 0.26353790613718414 0.3296296296296296 0.031287605294825514
1 0.2375 0.2214199759326113 0.325 0.031287605294825514
1 0.2439814814814815 0.5114320096269555 0.25833333333333336 0.03369434416365824
1 0.24305555555555555 0.5391095066185319 0.25833333333333336 0.03369434416365824
1 0.24212962962962964 0.5728038507821901 0.25833333333333336 0.03369434416365824
1 0.24212962962962964 0.6040914560770156 0.25833333333333336 0.03369434416365824
1 0.24305555555555555 0.6353790613718412 0.25833333333333336 0.03369434416365824
0 0.24351851851851852 0.2647412755716005 0.1685185185185185 0.031287605294825514
0 0.8273148148148148 0.6083032490974729 0.058333333333333334 0.02527075812274368
0 0.887962962962963 0.6077015643802648 0.06111111111111111 0.024067388688327317
0 0.962037037037037 0.6070998796630566 0.07592592592592592 0.02286401925391095
0 0.8939814814814815 0.34596871239470517 0.10092592592592593 0.02045728038507822
