2 0.33425925925925926 0.2744360902255639 0.06481481481481481 0.03759398496240601
0 0.15 0.28132832080200504 0.18333333333333332 0.04887218045112782
2 0.3314814814814815 0.3433583959899749 0.05925925925925926 0.03759398496240601
0 0.14166666666666666 0.35150375939849626 0.16666666666666666 0.04887218045112782
0 0.17222222222222222 0.41854636591478694 0.22777777777777777 0.05263157894736842
0 0.18009259259259258 0.5238095238095238 0.19722222222222222 0.045112781954887216
2 0.35324074074074074 0.5238095238095238 0.028703703703703703 0.03007518796992481
0 0.1763888888888889 0.5645363408521303 0.18796296296296297 0.03634085213032581
2 0.350462962962963 0.5645363408521303 0.028703703703703703 0.02882205513784461
0 0.19166666666666668 0.6040100250626567 0.22037037037037038 0.042606516290726815
2 0.350462962962963 0.606516290726817 0.028703703703703703 0.03007518796992481
0 0.12731481481481483 0.6466165413533834 0.09351851851851851 0.03508771929824561
2 0.350462962962963 0.6472431077694235 0.028703703703703703 0.02882205513784461
0 0.15138888888888888 0.6867167919799498 0.14166666666666666 0.03508771929824561
2 0.350462962962963 0.6879699248120301 0.030555555555555555 0.03258145363408521
2 0.3314814814814815 0.41228070175438597 0.05925925925925926 0.03759398496240601
1 0.21157407407407408 0.2807017543859649 0.3101851851851852 0.05263157894736842
1 0.20972222222222223 0.3508771929824561 0.30648148148148147 0.05513784461152882
1 0.20787037037037037 0.41854636591478694 0.30648148148148147 0.05263157894736842
1 0.22453703703703703 0.5244360902255639 0.2861111111111111 0.043859649122807015
1 0.22361111111111112 0.5651629072681704 0.28425925925925927 0.03508771929824561
1 0.22453703703703703 0.6033834586466166 0.2861111111111111 0.043859649122807015
1 0.22361111111111112 0.6459899749373433 0.287962962962963 0.03884711779448621
1 0.22268518518518518 0.6854636591478697 0.28425925925925927 0.03759398496240601
0 0.7648148148148148 0.2800751879699248 0.4111111111111111 0.05137844611528822
0 0.7625 0.5012531328320802 0.27870370370370373 0.05012531328320802
0 0.7722222222222223 0.6729323308270677 0.29074074074074074 0.042606516290726815
0 0.7685185185185185 0.8383458646616542 0.20185185185185187 0.042606516290726815
