0 0.47314814814814815 0.0822328931572629 0.2037037037037037 0.09003601440576231
0 0.1398148148148148 0.4027611044417767 0.17222222222222222 0.03241296518607443
0 0.6453703703703704 0.4009603841536615 0.17962962962962964 0.031212484993997598
0 0.38796296296296295 0.40036014405762305 0.1814814814814815 0.03481392557022809
0 0.8722222222222222 0.4021608643457383 0.09259259259259259 0.028811524609843937
2 0.649537037037037 0.42857142857142855 0.08611111111111111 0.028811524609843937
2 0.874537037037037 0.429171668667467 0.0787037037037037 0.027611044417767107
0 0.3486111111111111 0.429171668667467 0.04722222222222222 0.030012004801920768
0 0.09583333333333334 0.4597839135654262 0.04351851851851852 0.028811524609843937
0 0.3458333333333333 0.4615846338535414 0.04351851851851852 0.03241296518607443
0 0.8912037037037037 0.7545018007202882 0.09351851851851851 0.03481392557022809
0 0.37546296296296294 0.7569027611044418 0.11574074074074074 0.03241296518607443
0 0.10787037037037037 0.7617046818727491 0.175 0.03241296518607443
0 0.5847222222222223 0.7623049219687875 0.15833333333333333 0.031212484993997598
0 0.09768518518518518 0.7983193277310925 0.15462962962962962 0.031212484993997598
0 0.5796296296296296 0.7995198079231692 0.14444444444444443 0.03601440576230492
0 0.5847222222222223 0.8337334933973589 0.15833333333333333 0.03961584633853541
2 0.9574074074074074 0.460984393757503 0.07407407407407407 0.028811524609843937
2 0.7101851851851851 0.46038415366146457 0.08888888888888889 0.030012004801920768
0 0.8356481481481481 0.45918367346938777 0.15462962962962962 0.03241296518607443
0 0.6050925925925926 0.4615846338535414 0.125 0.03241296518607443
1 0.6504629629629629 0.45858343337334934 0.21574074074074073 0.031212484993997598
1 0.8759259259259259 0.45918367346938777 0.2351851851851852 0.03481392557022809
2 0.4162037037037037 0.43337334933973587 0.08611111111111111 0.028811524609843937
2 0.41435185185185186 0.46218487394957986 0.08611111111111111 0.028811524609843937
0 0.09675925925925925 0.4309723889555822 0.04351851851851852 0.028811524609843937
2 0.16342592592592592 0.43217286914765907 0.08611111111111111 0.028811524609843937
2 0.16064814814814815 0.45738295318127253 0.08611111111111111 0.028811524609843937
2 0.2375 0.7611044417767107 0.08611111111111111 0.028811524609843937
2 0.2263888888888889 0.7983193277310925 0.08611111111111111 0.028811524609843937
2 0.3726851851851852 0.7923169267707083 0.08611111111111111 0.028811524609843937
2 0.7199074074074074 0.8343337334933973 0.08611111111111111 0.028811524609843937
2 0.7189814814814814 0.7995198079231692 0.08611111111111111 0.028811524609843937
2 0.7208333333333333 0.7635054021608644 0.08611111111111111 0.028811524609843937
2 0.8939814814814815 0.7827130852340937 0.08611111111111111 0.028811524609843937
1 0.3736111111111111 0.7755102040816326 0.1175925925925926 0.06962785114045618
1 0.14166666666666666 0.4309723889555822 0.13518518518518519 0.028811524609843937
1 0.14074074074074075 0.45858343337334934 0.13518518518518519 0.028811524609843937
1 0.39351851851851855 0.43217286914765907 0.13518518518518519 0.028811524609843937
1 0.38981481481481484 0.46218487394957986 0.13518518518518519 0.028811524609843937
1 0.14074074074074075 0.43037214885954383 0.17777777777777778 0.09003601440576231
1 0.3888888888888889 0.43157262905162064 0.17777777777777778 0.09003601440576231
1 0.6458333333333334 0.41236494597839135 0.18611111111111112 0.061224489795918366
1 0.8722222222222222 0.41596638655462187 0.1 0.05162064825930372
1 0.15046296296296297 0.7611044417767107 0.262037037037037 0.03841536614645858
1 0.1439814814814815 0.7983193277310925 0.25277777777777777 0.03361344537815126
1 0.375 0.7743097238895558 0.11851851851851852 0.07202881152460984
1 0.6342592592592593 0.762905162064826 0.26296296296296295 0.03721488595438175
1 0.6351851851851852 0.7989195678271308 0.26296296296296295 0.03721488595438175
1 0.6370370370370371 0.8337334933973589 0.26296296296296295 0.03721488595438175
1 0.8907407407407407 0.765906362545018 0.0962962962962963 0.057623049219687875
