0 0.10694444444444444 0.3825966850828729 0.09722222222222222 0.03867403314917127
0 0.11574074074074074 0.4620165745856354 0.11481481481481481 0.03729281767955801
0 0.1111111111111111 0.5400552486187845 0.10555555555555556 0.03867403314917127
2 0.2986111111111111 0.5441988950276243 0.05092592592592592 0.03314917127071823
0 0.15 0.6201657458563536 0.18333333333333332 0.04143646408839779
0 0.30092592592592593 0.6229281767955801 0.04814814814814815 0.03314917127071823
0 0.10555555555555556 0.699585635359116 0.09444444444444444 0.04005524861878453
0 0.3 0.7037292817679558 0.04814814814814815 0.031767955801104975
0 0.14722222222222223 0.7803867403314917 0.17777777777777778 0.03867403314917127
2 0.33425925925925926 0.7859116022099447 0.11851851851851852 0.04419889502762431
2 0.4666666666666667 0.7831491712707183 0.11851851851851852 0.04419889502762431
2 0.36712962962962964 0.5441988950276243 0.05092592592592592 0.03314917127071823
2 0.3296296296296296 0.38950276243093923 0.11851851851851852 0.04419889502762431
2 0.46111111111111114 0.468232044198895 0.11851851851851852 0.04419889502762431
2 0.462037037037037 0.38950276243093923 0.11851851851851852 0.04419889502762431
2 0.3296296296296296 0.462707182320442 0.11851851851851852 0.04419889502762431
0 0.2912037037037037 0.38743093922651933 0.46574074074074073 0.05110497237569061
0 0.2902777777777778 0.4661602209944751 0.46574074074074073 0.05110497237569061
0 0.22546296296296298 0.5421270718232044 0.33611111111111114 0.03729281767955801
0 0.1925925925925926 0.6180939226519337 0.26666666666666666 0.04005524861878453
0 0.1912037037037037 0.7002762430939227 0.2657407407407407 0.04143646408839779
0 0.29305555555555557 0.7845303867403315 0.4675925925925926 0.049723756906077346
