2 0.45231481481481484 0.2761557177615572 0.0824074074074074 0.027980535279805353
0 0.1648148148148148 0.27858880778588807 0.1814814814814815 0.030413625304136254
0 0.1884259259259259 0.3172141119221411 0.22870370370370371 0.03223844282238443
2 0.45787037037037037 0.3150851581508516 0.08611111111111111 0.027980535279805353
0 0.20787037037037037 0.35583941605839414 0.26944444444444443 0.03527980535279805
2 0.45416666666666666 0.35279805352798055 0.08611111111111111 0.027980535279805353
0 0.2212962962962963 0.3938564476885645 0.29444444444444445 0.03223844282238443
0 0.23055555555555557 0.4309610705596107 0.3148148148148148 0.035888077858880776
0 0.1439814814814815 0.46958637469586373 0.1398148148148148 0.0267639902676399
2 0.45185185185185184 0.46958637469586373 0.06666666666666667 0.0267639902676399
0 0.1486111111111111 0.5079075425790754 0.14907407407407408 0.027980535279805353
2 0.4537037037037037 0.5079075425790754 0.06666666666666667 0.025547445255474453
0 0.4699074074074074 0.579683698296837 0.16944444444444445 0.030413625304136254
2 0.8981481481481481 0.5769464720194647 0.06666666666666667 0.024939172749391728
0 0.5365740740740741 0.6177007299270073 0.30277777777777776 0.03345498783454988
2 0.9 0.6158759124087592 0.06666666666666667 0.024939172749391728
0 0.5888888888888889 0.6563260340632603 0.4074074074074074 0.030413625304136254
2 0.8981481481481481 0.6538929440389294 0.06666666666666667 0.025547445255474453
0 0.5523148148148148 0.694647201946472 0.33425925925925926 0.031630170316301706
2 0.8981481481481481 0.6928223844282239 0.06666666666666667 0.025547445255474453
0 0.5046296296296297 0.7338807785888077 0.2388888888888889 0.03345498783454988
2 0.9 0.7317518248175182 0.06666666666666667 0.025547445255474453
0 0.5097222222222222 0.7706812652068127 0.25092592592592594 0.0340632603406326
2 0.8958333333333334 0.7700729927007299 0.06574074074074074 0.0267639902676399
0 0.4875 0.8102189781021898 0.2064814814814815 0.0340632603406326
2 0.8939814814814815 0.808698296836983 0.06574074074074074 0.024939172749391728
1 0.6555555555555556 0.7703771289537713 0.55 0.03467153284671533
1 0.6555555555555556 0.8114355231143552 0.55 0.031630170316301706
1 0.6592592592592592 0.579683698296837 0.55 0.031630170316301706
1 0.6601851851851852 0.6173965936739659 0.55 0.031630170316301706
1 0.6620370370370371 0.6557177615571776 0.55 0.031630170316301706
1 0.6583333333333333 0.6934306569343066 0.55 0.031630170316301706
1 0.6611111111111111 0.732360097323601 0.55 0.031630170316301706
2 0.4550925925925926 0.39172749391727496 0.08611111111111111 0.027980535279805353
2 0.4597222222222222 0.4300486618004866 0.08611111111111111 0.027980535279805353
1 0.28379629629629627 0.27858880778588807 0.4212962962962963 0.0340632603406326
1 0.28888888888888886 0.3172141119221411 0.42592592592592593 0.03345498783454988
1 0.2875 0.3564476885644769 0.425 0.037712895377128956
1 0.2861111111111111 0.3935523114355231 0.42777777777777776 0.032846715328467155
1 0.2875 0.4300486618004866 0.4287037037037037 0.037712895377128956
1 0.2810185185185185 0.46806569343065696 0.41388888888888886 0.02737226277372263
1 0.2796296296296296 0.5076034063260341 0.412962962962963 0.03223844282238443
