0 0.31527777777777777 0.2867360208062419 0.4787037037037037 0.04291287386215865
2 0.8458333333333333 0.28446033810143045 0.08425925925925926 0.03446033810143043
2 0.8453703703703703 0.33517555266579974 0.08703703703703704 0.03576072821846554
0 0.1986111111111111 0.3384265279583875 0.24351851851851852 0.03836150845253576
0 0.21805555555555556 0.38914174252275685 0.2824074074074074 0.03836150845253576
2 0.8458333333333333 0.3865409622886866 0.08425925925925926 0.03315994798439532
2 0.8458333333333333 0.43660598179453836 0.08425925925925926 0.03446033810143043
0 0.2199074074074074 0.43985695708712613 0.2861111111111111 0.03836150845253576
2 0.8458333333333333 0.48764629388816644 0.08425925925925926 0.035110533159947985
0 0.2050925925925926 0.488296488946684 0.25277777777777777 0.033810143042912875
0 0.16712962962962963 0.5393368010403121 0.17685185185185184 0.03315994798439532
2 0.8458333333333333 0.5393368010403121 0.08425925925925926 0.03315994798439532
0 0.17546296296296296 0.5894018205461639 0.19722222222222222 0.03706111833550065
2 0.8458333333333333 0.5900520156046815 0.08425925925925926 0.03315994798439532
0 0.2375 0.6423927178153446 0.32314814814814813 0.045513654096228866
2 0.8458333333333333 0.6407672301690507 0.08425925925925926 0.03315994798439532
0 0.20416666666666666 0.6931079323797139 0.25462962962962965 0.04811443433029909
2 0.7490740740740741 0.6940832249674902 0.2740740740740741 0.04096228868660598
0 0.3125 0.744148244473342 0.47129629629629627 0.04226267880364109
2 0.8189814814814815 0.7454486345903771 0.1361111111111111 0.04096228868660598
1 0.48194444444444445 0.28706111833550063 0.812037037037037 0.04096228868660598
1 0.48194444444444445 0.3364759427828348 0.812037037037037 0.04096228868660598
1 0.4837962962962963 0.3878413524057217 0.812037037037037 0.04096228868660598
1 0.4837962962962963 0.43985695708712613 0.812037037037037 0.04096228868660598
1 0.48194444444444445 0.488296488946684 0.812037037037037 0.0377113133940182
1 0.47962962962962963 0.7451235370611183 0.8092592592592592 0.044213263979193757
1 0.48194444444444445 0.5890767230169051 0.812037037037037 0.0377113133940182
1 0.48194444444444445 0.5390117035110533 0.812037037037037 0.0377113133940182
1 0.48194444444444445 0.6427178153446034 0.812037037037037 0.043563068920676205
1 0.4810185185185185 0.6905071521456437 0.812037037037037 0.04681404421326398
