0 0.20092592592592592 0.16280353200883002 0.23333333333333334 0.02759381898454746
2 0.4351851851851852 0.15894039735099338 0.03518518518518519 0.019867549668874173
0 0.21666666666666667 0.22075055187637968 0.26481481481481484 0.026490066225165563
2 0.4351851851851852 0.217439293598234 0.03518518518518519 0.019867549668874173
0 0.17916666666666667 0.2803532008830022 0.18981481481481483 0.026490066225165563
2 0.4351851851851852 0.27593818984547464 0.03518518518518519 0.017660044150110375
0 0.18472222222222223 0.33885209713024284 0.20092592592592592 0.02869757174392936
2 0.4361111111111111 0.3355408388520971 0.03333333333333333 0.019867549668874173
0 0.16666666666666666 0.45584988962472406 0.1648148148148148 0.02869757174392936
2 0.44583333333333336 0.4530905077262693 0.025 0.018763796909492272
0 0.14907407407407408 0.488962472406181 0.13148148148148148 0.03090507726269316
2 0.44583333333333336 0.48730684326710816 0.025 0.018763796909492272
0 0.1337962962962963 0.5204194260485652 0.09907407407407408 0.029801324503311258
2 0.44675925925925924 0.5198675496688742 0.023148148148148147 0.017660044150110375
0 0.13240740740740742 0.5551876379690949 0.0962962962962963 0.024282560706401765
2 0.44675925925925924 0.5540838852097131 0.023148148148148147 0.017660044150110375
0 0.13472222222222222 0.5877483443708609 0.10092592592592593 0.025386313465783666
2 0.44351851851851853 0.5866445916114791 0.02962962962962963 0.018763796909492272
0 0.14814814814814814 0.6219646799116998 0.12777777777777777 0.023178807947019868
2 0.4425925925925926 0.6192052980132451 0.03148148148148148 0.017660044150110375
0 0.18518518518518517 0.6550772626931567 0.20185185185185187 0.025386313465783666
2 0.4425925925925926 0.6517660044150111 0.03148148148148148 0.018763796909492272
0 0.15601851851851853 0.7753863134657837 0.14351851851851852 0.023178807947019868
2 0.4425925925925926 0.7737306843267108 0.03148148148148148 0.019867549668874173
0 0.2662037037037037 0.9072847682119205 0.0712962962962963 0.02869757174392936
0 0.13425925925925927 0.8421633554083885 0.1 0.024282560706401765
2 0.44583333333333336 0.8394039735099338 0.025 0.018763796909492272
0 0.11990740740740741 0.8736203090507726 0.0712962962962963 0.02759381898454746
2 0.44351851851851853 0.8747240618101545 0.03148148148148148 0.016556291390728478
0 0.12407407407407407 0.9056291390728477 0.07962962962962963 0.02097130242825607
2 0.44583333333333336 0.9061810154525386 0.025 0.017660044150110375
1 0.2712962962962963 0.7919426048565121 0.37407407407407406 0.05849889624724062
1 0.27175925925925926 0.8421633554083885 0.375 0.026490066225165563
1 0.2708333333333333 0.8741721854304636 0.375 0.026490066225165563
1 0.27175925925925926 0.9050772626931567 0.375 0.026490066225165563
1 0.26944444444444443 0.35209713024282563 0.36666666666666664 0.05518763796909492
1 0.2712962962962963 0.4575055187637969 0.37592592592592594 0.02759381898454746
1 0.27037037037037037 0.6208609271523179 0.37592592592592594 0.02759381898454746
1 0.2712962962962963 0.5866445916114791 0.37592592592592594 0.02759381898454746
1 0.27175925925925926 0.5518763796909493 0.375 0.024282560706401765
1 0.2759259259259259 0.48951434878587197 0.37592592592592594 0.02759381898454746
1 0.2722222222222222 0.5226269315673289 0.37592592592592594 0.02759381898454746
1 0.2722222222222222 0.6716335540838853 0.37592592592592594 0.056291390728476824
1 0.2689814814814815 0.173841059602649 0.36944444444444446 0.04966887417218543
1 0.2689814814814815 0.23399558498896247 0.3712962962962963 0.052980132450331126
1 0.26805555555555555 0.29304635761589404 0.3712962962962963 0.05187637969094923
