0 0.6796296296296296 0.19197080291970803 0.2 0.017518248175182483
0 0.07175925925925926 0.20072992700729927 0.07314814814814814 0.02335766423357664
0 0.6356481481481482 0.2083941605839416 0.11203703703703703 0.015328467153284672
0 0.6064814814814815 0.22591240875912408 0.05555555555555555 0.01824817518248175
0 0.18425925925925926 0.1470802919708029 0.2962962962962963 0.029927007299270073
2 0.42592592592592593 0.285036496350365 0.14629629629629629 0.03576642335766423
0 0.15046296296296297 0.28175182481751826 0.23425925925925925 0.021897810218978103
2 0.8763888888888889 0.285036496350365 0.11018518518518519 0.025547445255474453
0 0.6648148148148149 0.28832116788321166 0.17222222222222222 0.016058394160583942
0 0.18981481481481483 0.3791970802919708 0.25 0.02408759124087591
0 0.1597222222222222 0.4062043795620438 0.19166666666666668 0.027007299270072994
2 0.46805555555555556 0.5284671532846715 0.1527777777777778 0.033576642335766425
0 0.1912037037037037 0.535036496350365 0.24722222222222223 0.02335766423357664
0 0.5143518518518518 0.5937956204379562 0.28425925925925927 0.02408759124087591
0 0.4564814814814815 0.6171532846715329 0.16666666666666666 0.02408759124087591
2 0.7680555555555556 0.7248175182481752 0.13796296296296295 0.032116788321167884
0 0.4828703703703704 0.7291970802919708 0.21574074074074073 0.020437956204379562
0 0.1361111111111111 0.7916058394160584 0.24259259259259258 0.034306569343065696
0 0.674537037037037 0.7905109489051095 0.262037037037037 0.020437956204379562
0 0.5796296296296296 0.8105839416058395 0.07222222222222222 0.016788321167883213
0 0.04953703703703704 0.8215328467153284 0.06574074074074074 0.015328467153284672
2 0.8694444444444445 0.908029197080292 0.12037037037037036 0.026277372262773723
2 0.34675925925925927 0.9105839416058394 0.12129629629629629 0.027007299270072994
0 0.6393518518518518 0.9153284671532846 0.19722222222222222 0.017518248175182483
0 0.10787037037037037 0.9211678832116789 0.18611111111111112 0.016058394160583942
0 0.12268518518518519 0.17372262773722627 0.17314814814814813 0.021897810218978103
1 0.26805555555555555 0.21788321167883212 0.46574074074074073 0.17153284671532848
1 0.7532407407407408 0.24087591240875914 0.35462962962962963 0.11824817518248175
1 0.3050925925925926 0.4569343065693431 0.4824074074074074 0.18248175182481752
1 0.6046296296296296 0.6624087591240876 0.4648148148148148 0.15985401459854015
1 0.2101851851851852 0.8507299270072993 0.3962962962962963 0.1554744525547445
1 0.737037037037037 0.852919708029197 0.3907407407407407 0.1437956204379562
