0 0.6819444444444445 0.0626048071548351 0.262037037037037 0.017887087758524316
0 0.15092592592592594 0.07266629401900503 0.24444444444444444 0.016769144773616546
0 0.13287037037037036 0.09334823923979876 0.21203703703703702 0.019005030743432086
0 0.6694444444444444 0.08384572386808273 0.23148148148148148 0.019005030743432086
0 0.3287037037037037 0.24538848518725545 0.3148148148148148 0.022358859698155393
0 0.3592592592592593 0.2629960871995528 0.25555555555555554 0.01732811626607043
0 0.8583333333333333 0.3999441028507546 0.25 0.01621017328116266
0 0.8629629629629629 0.4150363331470095 0.2537037037037037 0.012856344326439352
0 0.2462962962962963 0.5019564002235886 0.29444444444444445 0.017887087758524316
0 0.2388888888888889 0.5190050307434321 0.2777777777777778 0.01509223029625489
0 0.8425925925925926 0.514253773057574 0.2722222222222222 0.016769144773616546
0 0.8824074074074074 0.529066517607602 0.21296296296296297 0.01509223029625489
0 0.4134259259259259 0.5802124091671325 0.32685185185185184 0.021240916713247623
0 0.412962962962963 0.5989379541643376 0.32407407407407407 0.01621017328116266
0 0.6847222222222222 0.7255449972051425 0.2972222222222222 0.017887087758524316
0 0.7074074074074074 0.7439910564561207 0.34074074074074073 0.015651201788708775
0 0.18009259259259258 0.7624371157070989 0.27314814814814814 0.021240916713247623
0 0.16805555555555557 0.7825600894354388 0.24351851851851852 0.016769144773616546
2 0.10324074074074074 0.8292342090553382 0.1287037037037037 0.01509223029625489
2 0.08425925925925926 0.13219675796534378 0.1111111111111111 0.012856344326439352
2 0.6129629629629629 0.12940190050307435 0.1111111111111111 0.012856344326439352
2 0.9342592592592592 0.3669647847959754 0.1111111111111111 0.012856344326439352
2 0.4203703703703704 0.30547792062604806 0.1111111111111111 0.012856344326439352
1 0.1527777777777778 0.10368921185019564 0.24814814814814815 0.07881498043599776
1 0.6842592592592592 0.09614309670206819 0.26481481481481484 0.08496366685299049
1 0.3296296296296296 0.2733370598099497 0.3148148148148148 0.08160983789826719
1 0.8597222222222223 0.39016210173281163 0.2564814814814815 0.06484069312465064
2 0.1574074074074074 0.46590273896031303 0.10555555555555556 0.01509223029625489
2 0.5055555555555555 0.6486864169927333 0.10555555555555556 0.01509223029625489
2 0.9277777777777778 0.5653996646171046 0.10555555555555556 0.01509223029625489
1 0.8476851851851852 0.5402459474566798 0.275 0.06763555058692007
1 0.2449074074074074 0.48965902738960315 0.2953703703703704 0.07266629401900503
1 0.41388888888888886 0.6129122414756848 0.32037037037037036 0.09111235326998324
2 0.5953703703703703 0.7800447177193963 0.11851851851851852 0.01621017328116266
1 0.1787037037037037 0.795695919508105 0.2796296296296296 0.08664058133035216
1 0.7092592592592593 0.7526551145891559 0.34444444444444444 0.07546115148127445
