0 0.7032407407407407 0.07289293849658314 0.3712962962962963 0.02733485193621868
0 0.6833333333333333 0.09965831435079726 0.3314814814814815 0.02619589977220957
2 0.5990740740740741 0.16714123006833714 0.15555555555555556 0.01879271070615034
0 0.2657407407407407 0.2517084282460137 0.37037037037037035 0.02619589977220957
0 0.2513888888888889 0.28160592255125283 0.33240740740740743 0.0244874715261959
2 0.1675925925925926 0.34595671981776766 0.15555555555555556 0.01879271070615034
0 0.7361111111111112 0.4253986332574032 0.48333333333333334 0.029612756264236904
0 0.6935185185185185 0.4535876993166287 0.3907407407407407 0.027904328018223234
2 0.5768518518518518 0.518507972665148 0.1537037037037037 0.01765375854214123
0 0.24953703703703703 0.5572323462414579 0.4064814814814815 0.027904328018223234
0 0.2550925925925926 0.5805808656036446 0.41574074074074074 0.019931662870159454
2 0.1175925925925926 0.6361047835990888 0.13148148148148148 0.015945330296127564
0 0.7671296296296296 0.767369020501139 0.46574074074074073 0.029043280182232345
0 0.7587962962962963 0.7941343963553531 0.44537037037037036 0.021070615034168565
2 0.624537037037037 0.8562072892938497 0.17685185185185184 0.01879271070615034
1 0.7666666666666667 0.8097949886104784 0.4666666666666667 0.11275626423690205
1 0.25462962962962965 0.5945330296127562 0.4148148148148148 0.10364464692482915
1 0.7379629629629629 0.46611617312072895 0.48518518518518516 0.12015945330296128
1 0.26805555555555555 0.30068337129840544 0.3731481481481482 0.11845102505694761
1 0.7046296296296296 0.11873576309794989 0.37037037037037035 0.11788154897494305
