0 0.28774928774928776 0.1430527036276523 0.19373219373219372 0.02190280629705681
2 0.7856125356125356 0.15605749486652978 0.0641025641025641 0.015058179329226557
0 0.2913105413105413 0.1974674880219028 0.2094017094017094 0.021218343600273786
2 0.7884615384615384 0.21013004791238876 0.06695156695156695 0.01779603011635866
0 0.2948717948717949 0.2378507871321013 0.22792022792022792 0.022587268993839837
2 0.6745014245014245 0.24914442162902123 0.0641025641025641 0.013689253935660506
2 0.7913105413105413 0.25051334702258726 0.06125356125356125 0.01779603011635866
0 0.31054131054131057 0.2809719370294319 0.27350427350427353 0.023956194387405885
2 0.6759259259259259 0.2922655715263518 0.06125356125356125 0.015058179329226557
2 0.7941595441595442 0.2943189596167009 0.0641025641025641 0.015058179329226557
0 0.28205128205128205 0.32511978097193706 0.22792022792022792 0.026009582477754964
2 0.6745014245014245 0.33744010951403147 0.0641025641025641 0.015058179329226557
2 0.7984330484330484 0.337782340862423 0.06695156695156695 0.017111567419575632
0 0.27492877492877493 0.3678986995208761 0.21937321937321938 0.021218343600273786
2 0.6773504273504274 0.3795345653661875 0.0641025641025641 0.01574264202600958
2 0.7998575498575499 0.3798767967145791 0.0641025641025641 0.015058179329226557
0 0.24002849002849003 0.4110198494182067 0.16096866096866097 0.023956194387405885
2 0.6773504273504274 0.42231348391512663 0.0641025641025641 0.01642710472279261
2 0.8005698005698005 0.42299794661190965 0.06552706552706553 0.01779603011635866
0 0.23005698005698005 0.4544832306639288 0.14957264957264957 0.02053388090349076
2 0.6773504273504274 0.4654346338124572 0.0641025641025641 0.01642710472279261
2 0.8034188034188035 0.4674880219028063 0.06552706552706553 0.01779603011635866
0 0.301994301994302 0.5010266940451745 0.31339031339031337 0.024640657084188913
2 0.6801994301994302 0.5116358658453114 0.0698005698005698 0.017111567419575632
2 0.8062678062678063 0.5123203285420944 0.06552706552706553 0.017111567419575632
0 0.23005698005698005 0.5482546201232033 0.17806267806267806 0.02190280629705681
2 0.7478632478632479 0.5639972621492129 0.06837606837606838 0.01779603011635866
0 0.25071225071225073 0.6536618754277892 0.25071225071225073 0.02327173169062286
2 0.8169515669515669 0.6618754277891855 0.07264957264957266 0.019164955509924708
0 0.21153846153846154 0.6731690622861054 0.17236467236467237 0.013004791238877482
0 0.23575498575498577 0.7005475701574264 0.2264957264957265 0.022587268993839837
2 0.8290598290598291 0.7012320328542094 0.04843304843304843 0.018480492813141684
0 0.20868945868945868 0.7337440109514032 0.17806267806267806 0.024640657084188913
2 0.7727920227920227 0.7344284736481862 0.16096866096866097 0.02053388090349076
0 0.20868945868945868 0.770362765229295 0.18945868945868946 0.023956194387405885
2 0.8212250712250713 0.7700205338809035 0.0698005698005698 0.019164955509924708
0 0.41524216524216523 0.8052703627652293 0.613960113960114 0.023956194387405885
2 0.8212250712250713 0.8045859000684463 0.0754985754985755 0.019849418206707735
1 0.4829059829059829 0.8045859000684463 0.7464387464387464 0.023956194387405885
1 0.48575498575498577 0.768309377138946 0.7464387464387464 0.025325119780971937
1 0.48646723646723644 0.7330595482546202 0.7393162393162394 0.028747433264887063
1 0.4829059829059829 0.6995208761122519 0.7378917378917379 0.02327173169062286
1 0.4886039886039886 0.6605065023956195 0.7264957264957265 0.03696098562628337
1 0.5056980056980057 0.14921286789869953 0.6324786324786325 0.03559206023271732
1 0.5 0.24264202600958248 0.6381766381766382 0.03627652292950034
1 0.5014245014245015 0.2026009582477755 0.6495726495726496 0.034223134839151265
1 0.49786324786324787 0.28507871321013006 0.6538461538461539 0.03627652292950034
1 0.5021367521367521 0.32819986310746063 0.6680911680911681 0.03764544832306639
1 0.4964387464387464 0.37611225188227243 0.6680911680911681 0.03764544832306639
1 0.4964387464387464 0.41512662559890484 0.6737891737891738 0.03490759753593429
1 0.49715099715099714 0.459958932238193 0.6866096866096866 0.03559206023271732
1 0.4935897435897436 0.5058179329226558 0.6937321937321937 0.034223134839151265
1 0.46225071225071224 0.554072553045859 0.6481481481481481 0.03490759753593429
