2 0.5488308115543329 0.26684397163120566 0.0907840440165062 0.030141843971631204
0 0.2751031636863824 0.2646276595744681 0.4016506189821183 0.03280141843971631
0 0.19807427785419532 0.3058510638297872 0.24209078404401652 0.028368794326241134
2 0.546767537826685 0.32180851063829785 0.08665749656121045 0.026595744680851064
0 0.21595598349381018 0.3980496453900709 0.2696011004126547 0.02304964539007092
2 0.5426409903713892 0.4046985815602837 0.08390646492434663 0.025709219858156027
2 0.5426409903713892 0.44193262411347517 0.08390646492434663 0.025709219858156027
0 0.2310866574965612 0.4379432624113475 0.2998624484181568 0.026595744680851064
2 0.5405777166437414 0.4747340425531915 0.08253094910591471 0.025709219858156027
0 0.16162310866574967 0.46852836879432624 0.1499312242090784 0.022163120567375887
0 0.24552957359009628 0.5828900709219859 0.30674002751031637 0.057624113475177305
2 0.5343878954607978 0.589095744680851 0.08390646492434663 0.0274822695035461
2 0.5316368638239339 0.6289893617021277 0.0811554332874828 0.025709219858156027
0 0.17537826685006877 0.6218971631205674 0.1609353507565337 0.020390070921985817
2 0.5302613480055021 0.6595744680851063 0.0811554332874828 0.024822695035460994
0 0.19807427785419532 0.650709219858156 0.20907840440165062 0.02304964539007092
0 0.18638239339752408 0.6835106382978723 0.18844566712517194 0.024822695035460994
2 0.5295735900962861 0.6914893617021277 0.08253094910591471 0.024822695035460994
1 0.33012379642365886 0.5828900709219859 0.48418156808803303 0.05939716312056738
1 0.33356258596973865 0.625 0.48005502063273725 0.030141843971631204
1 0.33012379642365886 0.6875 0.4786795048143054 0.034574468085106384
1 0.3328748280605227 0.6555851063829787 0.4814305364511692 0.034574468085106384
1 0.33012379642365886 0.313386524822695 0.5254470426409904 0.05053191489361702
1 0.33356258596973865 0.2650709219858156 0.5213204951856947 0.03368794326241135
1 0.33356258596973865 0.4015957446808511 0.5075653370013755 0.03368794326241135
1 0.3328748280605227 0.438386524822695 0.5061898211829436 0.03280141843971631
1 0.328060522696011 0.4725177304964539 0.5048143053645117 0.030141843971631204
0 0.1451169188445667 0.5926418439716312 0.08665749656121045 0.025709219858156027
0 0.2359009628610729 0.5944148936170213 0.08665749656121045 0.025709219858156027
0 0.33081155433287485 0.5953014184397163 0.08665749656121045 0.025709219858156027
