0 0.17592592592592593 0.21935853379152348 0.1685185185185185 0.016036655211912942
0 0.18055555555555555 0.24198167239404353 0.17777777777777778 0.016609392898052692
0 0.16944444444444445 0.27033218785796104 0.1574074074074074 0.020618556701030927
0 0.1537037037037037 0.29581901489117984 0.1259259259259259 0.017754868270332187
0 0.21712962962962962 0.32359679266895763 0.25277777777777777 0.020618556701030927
2 0.11296296296296296 0.3384879725085911 0.044444444444444446 0.014891179839633447
0 0.17685185185185184 0.36483390607101945 0.17037037037037037 0.014891179839633447
0 0.6208333333333333 0.3654066437571592 0.20092592592592592 0.013745704467353952
2 0.12824074074074074 0.37915234822451316 0.04537037037037037 0.014891179839633447
0 0.17777777777777778 0.40148911798396336 0.17222222222222222 0.016036655211912942
0 0.6777777777777778 0.40922107674684993 0.30925925925925923 0.015463917525773196
2 0.11527777777777778 0.43757159221076747 0.04722222222222222 0.014891179839633447
0 0.625 0.4504581901489118 0.2074074074074074 0.016609392898052692
0 0.18935185185185185 0.4647766323024055 0.19537037037037036 0.017754868270332187
0 0.17916666666666667 0.49312714776632305 0.175 0.01718213058419244
0 0.624537037037037 0.5014318442153494 0.20833333333333334 0.02004581901489118
0 0.18287037037037038 0.5137457044673539 0.18425925925925926 0.01718213058419244
0 0.22870370370370371 0.5406643757159221 0.2759259259259259 0.018327605956471937
2 0.11527777777777778 0.5555555555555556 0.04722222222222222 0.013745704467353952
0 0.19675925925925927 0.5830469644902635 0.2101851851851852 0.019473081328751432
0 0.5898148148148148 0.5884879725085911 0.1388888888888889 0.017754868270332187
0 0.5657407407407408 0.6222794959908362 0.09074074074074075 0.016609392898052692
0 0.6138888888888889 0.6471935853379153 0.17777777777777778 0.014891179839633447
0 0.5689814814814815 0.6769759450171822 0.09722222222222222 0.014891179839633447
0 0.5990740740740741 0.7448453608247423 0.1574074074074074 0.018900343642611683
0 0.6013888888888889 0.7743413516609393 0.16203703703703703 0.019473081328751432
0 0.36527777777777776 0.7898052691867125 0.06018518518518518 0.008018327605956471
0 0.6027777777777777 0.8012600229095075 0.1648148148148148 0.018327605956471937
0 0.5796296296296296 0.827033218785796 0.11851851851851852 0.018327605956471937
2 0.6689814814814815 0.827033218785796 0.03611111111111111 0.018327605956471937
2 0.7097222222222223 0.7754868270332188 0.03611111111111111 0.018327605956471937
2 0.7069444444444445 0.8006872852233677 0.03611111111111111 0.018327605956471937
2 0.8986111111111111 0.7468499427262314 0.03611111111111111 0.018327605956471937
1 0.7208333333333333 0.7471363115693013 0.3990740740740741 0.02004581901489118
1 0.6240740740740741 0.7752004581901489 0.20925925925925926 0.021191294387170677
1 0.6226851851851852 0.8012600229095075 0.2064814814814815 0.01718213058419244
1 0.6037037037037037 0.8273195876288659 0.16666666666666666 0.018900343642611683
2 0.6574074074074074 0.6766895761741123 0.04814814814814815 0.0143184421534937
2 0.6981481481481482 0.5867697594501718 0.04814814814814815 0.0143184421534937
2 0.65 0.6217067583046965 0.04814814814814815 0.0143184421534937
2 0.7361111111111112 0.6469072164948454 0.04814814814814815 0.0143184421534937
2 0.6305555555555555 0.5535509736540665 0.04814814814814815 0.0143184421534937
2 0.33425925925925926 0.5816151202749141 0.04814814814814815 0.0143184421534937
1 0.600925925925926 0.6769759450171822 0.15925925925925927 0.01718213058419244
1 0.6421296296296296 0.6474799541809851 0.2361111111111111 0.015463917525773196
1 0.5986111111111111 0.6225658648339061 0.1527777777777778 0.016036655211912942
1 0.6217592592592592 0.5890607101947308 0.20277777777777778 0.017754868270332187
2 0.2967592592592593 0.21878579610538373 0.04537037037037037 0.014891179839633447
2 0.3023148148148148 0.24169530355097366 0.04537037037037037 0.014891179839633447
2 0.2828703703703704 0.27033218785796104 0.04537037037037037 0.014891179839633447
2 0.25324074074074077 0.2961053837342497 0.04537037037037037 0.014891179839633447
1 0.22453703703703703 0.5833333333333334 0.2675925925925926 0.021191294387170677
2 0.3226851851851852 0.46563573883161513 0.04722222222222222 0.014891179839633447
2 0.30416666666666664 0.4925544100801833 0.04722222222222222 0.014891179839633447
2 0.30787037037037035 0.5148911798396334 0.04722222222222222 0.014891179839633447
1 0.22916666666666666 0.5463917525773195 0.27685185185185185 0.030927835051546393
1 0.21157407407407408 0.5143184421534936 0.23981481481481481 0.019473081328751432
1 0.21064814814814814 0.4919816723940435 0.23796296296296296 0.01718213058419244
1 0.21898148148148147 0.46534936998854526 0.25462962962962965 0.018900343642611683
1 0.22824074074074074 0.4198167239404353 0.27314814814814814 0.05154639175257732
1 0.6555555555555556 0.5292096219931272 0.2796296296296296 0.07216494845360824
2 0.7268518518518519 0.4639175257731959 0.044444444444444446 0.014891179839633447
2 0.6777777777777778 0.3808705612829324 0.044444444444444446 0.014891179839633447
2 0.6907407407407408 0.42668957617411224 0.044444444444444446 0.014891179839633447
1 0.6370370370370371 0.4579037800687285 0.23148148148148148 0.030355097365406643
1 0.6782407407407407 0.4178121420389462 0.31203703703703706 0.03379152348224513
1 0.6226851851851852 0.3745704467353952 0.2064814814814815 0.033218785796105384
1 0.22268518518518518 0.37170675830469646 0.2601851851851852 0.0286368843069874
1 0.2162037037037037 0.3301832760595647 0.25277777777777777 0.03379152348224513
1 0.18472222222222223 0.29581901489117984 0.18796296296296297 0.016609392898052692
1 0.19814814814814816 0.2683276059564719 0.21481481481481482 0.017754868270332187
1 0.20833333333333334 0.24198167239404353 0.2351851851851852 0.016609392898052692
1 0.20555555555555555 0.2202176403207331 0.22777777777777777 0.016609392898052692
0 0.31342592592592594 0.3651202749140893 0.075 0.0143184421534937
0 0.16157407407407406 0.42038946162657503 0.1398148148148148 0.016036655211912942
0 0.300462962962963 0.42124856815578465 0.125 0.016609392898052692
0 0.3143518518518518 0.4012027491408935 0.08055555555555556 0.016609392898052692
0 0.5680555555555555 0.5180412371134021 0.08981481481481482 0.0143184421534937
0 0.5638888888888889 0.5349369988545246 0.08703703703703704 0.013745704467353952
0 0.6782407407407407 0.5189003436426117 0.125 0.014891179839633447
0 0.674537037037037 0.5357961053837342 0.12314814814814815 0.016609392898052692
0 0.6726851851851852 0.5346506300114547 0.12314814814814815 0.016609392898052692
0 0.6574074074074074 0.5463917525773195 0.2814814814814815 0.035509736540664374
0 0.5657407407407408 0.4647766323024055 0.09259259259259259 0.0143184421534937
0 0.6583333333333333 0.463631156930126 0.07962962962962963 0.0143184421534937
0 0.7268518518518519 0.7465635738831615 0.06851851851851852 0.02004581901489118
0 0.8180555555555555 0.7459908361970218 0.09351851851851851 0.02004581901489118
0 0.5837962962962963 0.38029782359679265 0.125 0.016036655211912942
0 0.5898148148148148 0.4261168384879725 0.13518518518518519 0.016036655211912942
