0 0.24768518518518517 0.26568381430363863 0.20277777777777778 0.025721455457967377
2 0.6791666666666667 0.26693851944792973 0.058333333333333334 0.023212045169385194
0 0.2601851851851852 0.3020702634880803 0.22777777777777777 0.025721455457967377
2 0.6791666666666667 0.3020702634880803 0.058333333333333334 0.021957340025094103
0 0.24861111111111112 0.3378293601003764 0.20462962962962963 0.024466750313676285
2 0.6800925925925926 0.33877038895859474 0.06018518518518518 0.02258469259723965
0 0.24027777777777778 0.37547051442910917 0.19166666666666668 0.038268506900878296
2 0.6800925925925926 0.3751568381430364 0.06018518518518518 0.02258469259723965
0 0.24953703703703703 0.4090338770388959 0.2064814814814815 0.025094102885821833
2 0.6800925925925926 0.410288582183187 0.06018518518518518 0.02258469259723965
0 0.26157407407407407 0.44824341279799246 0.22685185185185186 0.030740276035131745
2 0.6800925925925926 0.44604767879548307 0.05648148148148148 0.02132998745294856
0 0.300462962962963 0.48055207026348806 0.30833333333333335 0.025094102885821833
2 0.6800925925925926 0.48243412797992474 0.05648148148148148 0.02132998745294856
0 0.3199074074074074 0.5197616060225847 0.3472222222222222 0.031994981179422836
2 0.6791666666666667 0.5181932245922208 0.058333333333333334 0.02258469259723965
0 0.32592592592592595 0.5545796737766625 0.3592592592592593 0.03513174404015056
2 0.6800925925925926 0.553952321204517 0.05648148148148148 0.02132998745294856
0 0.25092592592592594 0.5887703889585947 0.2074074074074074 0.031994981179422836
0 0.28935185185185186 0.6235884567126725 0.287962962962963 0.03638644918444166
2 0.6800925925925926 0.6248431618569636 0.05648148148148148 0.02258469259723965
0 0.3125 0.6621706398996235 0.33240740740740743 0.029485570890840654
2 0.6796296296296296 0.6609159347553325 0.06666666666666667 0.024466750313676285
0 0.2662037037037037 0.6973023839397742 0.23981481481481481 0.024466750313676285
2 0.6842592592592592 0.7007528230865746 0.06481481481481481 0.02258469259723965
0 0.26990740740740743 0.7688205771643664 0.24722222222222223 0.024466750313676285
2 0.6833333333333333 0.7710163111668757 0.06296296296296296 0.02258469259723965
0 0.26990740740740743 0.8406524466750314 0.24722222222222223 0.02383939774153074
2 0.6833333333333333 0.8412797992471769 0.06296296296296296 0.02258469259723965
2 0.6810185185185185 0.589711417816813 0.05648148148148148 0.02258469259723965
1 0.43333333333333335 0.8412797992471769 0.5777777777777777 0.025094102885821833
1 0.42962962962962964 0.7691342534504392 0.5685185185185185 0.028858218318695106
1 0.4305555555555556 0.6982434127979925 0.5666666666666667 0.027603513174404015
1 0.42777777777777776 0.266624843161857 0.5666666666666667 0.02383939774153074
1 0.42962962962962964 0.33751568381430364 0.5666666666666667 0.02383939774153074
1 0.425 0.30175658720200754 0.5666666666666667 0.02383939774153074
1 0.4273148148148148 0.5197616060225847 0.5657407407407408 0.030740276035131745
1 0.4305555555555556 0.48055207026348806 0.5666666666666667 0.02383939774153074
1 0.4222222222222222 0.4090338770388959 0.5666666666666667 0.02383939774153074
1 0.42777777777777776 0.37672521957340027 0.5685185185185185 0.0370138017565872
1 0.4273148148148148 0.4473023839397742 0.562037037037037 0.03513174404015056
1 0.4273148148148148 0.5567754077791719 0.5601851851851852 0.035759096612296114
1 0.42824074074074076 0.5903387703889585 0.5638888888888889 0.03262233375156838
1 0.42777777777777776 0.6232747804265998 0.562962962962963 0.0370138017565872
1 0.42916666666666664 0.661543287327478 0.5675925925925925 0.033249686323713924
0 0.4236111111111111 0.5915934755332497 0.1287037037037037 0.03262233375156838
0 0.5523148148148148 0.5909661229611042 0.1287037037037037 0.03262233375156838
