2 0.4263888888888889 0.32185273159144895 0.041666666666666664 0.0166270783847981
0 0.28194444444444444 0.3273950910530483 0.19907407407407407 0.022961203483768806
0 0.5810185185185185 0.3606492478226445 0.19722222222222222 0.022961203483768806
0 0.2708333333333333 0.3677751385589865 0.1824074074074074 0.022961203483768806
2 0.42962962962962964 0.3646080760095012 0.040740740740740744 0.0166270783847981
2 0.8180555555555555 0.36223277909738716 0.04351851851851852 0.018210609659540775
0 0.24768518518518517 0.4085510688836104 0.13055555555555556 0.02058590657165479
2 0.43194444444444446 0.4101346001583531 0.04351851851851852 0.01741884402216944
0 0.6407407407407407 0.42121931908155186 0.3037037037037037 0.025336500395882817
0 0.2740740740740741 0.4584323040380047 0.2037037037037037 0.023752969121140142
2 0.43287037037037035 0.4592240696753761 0.04351851851851852 0.019002375296912115
0 0.612037037037037 0.4667458432304038 0.2518518518518518 0.021377672209026127
2 0.8263888888888888 0.46120348376880443 0.04537037037037037 0.018210609659540775
0 0.25416666666666665 0.5142517814726841 0.1638888888888889 0.026128266033254157
2 0.4310185185185185 0.5138558986539984 0.04351851851851852 0.019002375296912115
0 0.6074074074074074 0.5387965162311956 0.23703703703703705 0.026128266033254157
2 0.8342592592592593 0.5320665083135392 0.044444444444444446 0.019002375296912115
0 0.26064814814814813 0.5661124307205068 0.18425925925925926 0.028503562945368172
2 0.4300925925925926 0.5637371338083927 0.04351851851851852 0.01741884402216944
0 0.5898148148148148 0.5752177355502771 0.20185185185185187 0.02454473475851148
2 0.8393518518518519 0.5724465558194775 0.049074074074074076 0.022169437846397466
0 0.5791666666666667 0.6116389548693587 0.18055555555555555 0.022961203483768806
2 0.8393518518518519 0.6064924782264449 0.04722222222222222 0.019002375296912115
0 0.5717592592592593 0.6488519398258116 0.16574074074074074 0.021377672209026127
2 0.8435185185185186 0.6452889944576405 0.046296296296296294 0.02058590657165479
0 0.6180555555555556 0.6939825811559779 0.2638888888888889 0.02454473475851148
2 0.8462962962962963 0.6896278701504355 0.046296296296296294 0.019002375296912115
0 0.5995370370370371 0.7565320665083135 0.2324074074074074 0.03246239113222486
2 0.8546296296296296 0.7501979414093428 0.04814814814814815 0.01979414093428345
0 0.5949074074074074 0.8024544734758512 0.225 0.02454473475851148
2 0.8606481481481482 0.7984956452889944 0.04722222222222222 0.01979414093428345
1 0.3148148148148148 0.3250197941409343 0.26296296296296295 0.026128266033254157
1 0.31527777777777777 0.3661916072842439 0.27314814814814814 0.022961203483768806
1 0.31851851851851853 0.40973871733966744 0.27037037037037037 0.02454473475851148
1 0.3138888888888889 0.4584323040380047 0.2833333333333333 0.023752969121140142
1 0.3125 0.5126682501979414 0.2824074074074074 0.021377672209026127
1 0.3125 0.5641330166270784 0.2898148148148148 0.026128266033254157
2 0.8226851851851852 0.4184481393507522 0.04351851851851852 0.018210609659540775
1 0.6611111111111111 0.36262866191607285 0.35555555555555557 0.022169437846397466
1 0.6671296296296296 0.42161520190023755 0.35648148148148145 0.022961203483768806
1 0.6856481481481481 0.8016627078384798 0.4046296296296296 0.02454473475851148
1 0.6814814814814815 0.7545526524148852 0.3962962962962963 0.030087094220110848
1 0.6777777777777778 0.6939825811559779 0.3814814814814815 0.02929532858273951
1 0.6773148148148148 0.6468725257323832 0.3787037037037037 0.026920031670625493
1 0.6754629629629629 0.6104513064133017 0.3731481481481482 0.026920031670625493
1 0.6754629629629629 0.5740300870942201 0.3768518518518518 0.026920031670625493
1 0.674074074074074 0.5364212193190816 0.37222222222222223 0.02929532858273951
1 0.663425925925926 0.46239113222486145 0.36944444444444446 0.023752969121140142
