0 0.5222222222222223 0.1464264962231261 0.2833333333333333 0.037187681580476466
2 0.8310185185185185 0.1493317838466008 0.06388888888888888 0.02905287623474724
0 0.5083333333333333 0.18884369552585706 0.2518518518518518 0.03602556653108658
2 0.8268518518518518 0.19174898314933178 0.05740740740740741 0.02789076118535735
0 0.4898148148148148 0.23009877977919815 0.21481481481481482 0.037187681580476466
2 0.8268518518518518 0.23300406740267288 0.05740740740740741 0.02789076118535735
0 0.49722222222222223 0.27193492155723414 0.23148148148148148 0.04067402672864614
2 0.8268518518518518 0.2748402091807089 0.05740740740740741 0.02789076118535735
0 0.5106481481481482 0.31348053457292274 0.2564814814814815 0.03776873910517141
2 0.8268518518518518 0.3158047646717025 0.05740740740740741 0.026147588611272515
0 0.4532407407407407 0.35415456130156886 0.14166666666666666 0.03544450900639163
2 0.8310185185185185 0.35735037768739103 0.06388888888888888 0.02905287623474724
0 0.49722222222222223 0.3954096455549099 0.23333333333333334 0.03428239395700174
2 0.8268518518518518 0.3991865194654271 0.05740740740740741 0.02672864613596746
0 0.49212962962962964 0.43811737361998837 0.225 0.03834979662986636
2 0.8268518518518518 0.44044160371876817 0.05740740740740741 0.02789076118535735
0 0.538425925925926 0.47937245787332944 0.31574074074074077 0.03602556653108658
2 0.8453703703703703 0.48169668797210924 0.09259259259259259 0.02789076118535735
0 0.5523148148148148 0.5194654270772806 0.3435185185185185 0.037187681580476466
2 0.8310185185185185 0.5235328297501453 0.06388888888888888 0.02789076118535735
0 0.5523148148148148 0.563335270191749 0.3435185185185185 0.03428239395700174
2 0.8337962962962963 0.5644973852411389 0.06944444444444445 0.029633933759442184
0 0.4962962962962963 0.6037187681580476 0.2351851851851852 0.037187681580476466
2 0.8361111111111111 0.6060429982568274 0.07407407407407407 0.02905287623474724
0 0.3175925925925926 0.6812899477048228 0.5148148148148148 0.04357931435212086
2 0.6796296296296296 0.6850668216153399 0.05925925925925926 0.02789076118535735
0 0.14027777777777778 0.7260313771063335 0.15833333333333333 0.04009296920395119
2 0.6805555555555556 0.7298082510168507 0.06111111111111111 0.02905287623474724
0 0.25046296296296294 0.7722254503195817 0.38055555555555554 0.044160371876815804
2 0.6837962962962963 0.7733875653689716 0.06759259259259259 0.03021499128413713
0 0.1375 0.8146426496223126 0.1527777777777778 0.041836141778036025
2 0.6805555555555556 0.8198721673445671 0.06111111111111111 0.02905287623474724
0 0.2212962962962963 0.8582219639744335 0.31666666666666665 0.046484601975595584
2 0.6805555555555556 0.8640325392213829 0.06111111111111111 0.02905287623474724
0 0.25925925925925924 0.9064497385241139 0.3925925925925926 0.03834979662986636
2 0.6837962962962963 0.9084834398605462 0.06759259259259259 0.031958163858221963
1 0.6226851851851852 0.14671702498547357 0.4842592592592593 0.0389308541545613
1 0.6199074074074075 0.18855316676350958 0.4842592592592593 0.0389308541545613
1 0.6189814814814815 0.2303893085415456 0.4842592592592593 0.0389308541545613
1 0.6199074074074075 0.2704822777454968 0.47314814814814815 0.0389308541545613
1 0.6199074074074075 0.3137710633352702 0.47685185185185186 0.03834979662986636
1 0.6199074074074075 0.35647879140034866 0.4842592592592593 0.0389308541545613
1 0.6217592592592592 0.39773387565368973 0.4842592592592593 0.0389308541545613
1 0.6226851851851852 0.43840790238233585 0.4842592592592593 0.0389308541545613
1 0.624537037037037 0.5214991284137129 0.4842592592592593 0.0389308541545613
1 0.6375 0.47617664148750727 0.5157407407407407 0.04009296920395119
1 0.625462962962963 0.5615920976176642 0.4842592592592593 0.0389308541545613
1 0.6277777777777778 0.600813480534573 0.4981481481481482 0.03602556653108658
1 0.3837962962962963 0.6804183614177803 0.6527777777777778 0.046484601975595584
1 0.3819444444444444 0.6792562463683904 0.6527777777777778 0.046484601975595584
1 0.3837962962962963 0.8564787914003487 0.6527777777777778 0.046484601975595584
1 0.38657407407407407 0.7704822777454968 0.649074074074074 0.0453224869262057
1 0.3861111111111111 0.8126089482858803 0.6481481481481481 0.04241719930273097
1 0.38796296296296295 0.9055781522370715 0.6555555555555556 0.04125508425334108
1 0.3837962962962963 0.726321905868681 0.6527777777777778 0.046484601975595584
