0 0.2 0.25674865026994603 0.2537037037037037 0.022795440911817635
2 0.8842592592592593 0.2585482903419316 0.09074074074074075 0.01919616076784643
0 0.13564814814814816 0.28374325134973005 0.125 0.022795440911817635
2 0.8842592592592593 0.28314337132573486 0.09074074074074075 0.01919616076784643
0 0.19583333333333333 0.3113377324535093 0.24166666666666667 0.022795440911817635
2 0.8842592592592593 0.3086382723455309 0.09074074074074075 0.01739652069586083
2 0.8842592592592593 0.33413317336532694 0.09074074074074075 0.01919616076784643
0 0.125 0.33893221355728853 0.10555555555555556 0.02519496100779844
0 0.12314814814814815 0.41631673665266944 0.1037037037037037 0.021595680863827234
2 0.8722222222222222 0.41661667666466706 0.1 0.01979604079184163
0 0.20833333333333334 0.4427114577084583 0.27037037037037037 0.022795440911817635
2 0.8712962962962963 0.4433113377324535 0.09814814814814815 0.01919616076784643
0 0.18101851851851852 0.47030593881223753 0.21574074074074073 0.022795440911817635
2 0.8712962962962963 0.47060587882423516 0.09814814814814815 0.01859628074385123
0 0.21203703703703702 0.497000599880024 0.2796296296296296 0.02579484103179364
2 0.8712962962962963 0.4982003599280144 0.09814814814814815 0.01859628074385123
0 0.23333333333333334 0.5236952609478105 0.32037037037037036 0.022795440911817635
2 0.8712962962962963 0.525494901019796 0.09814814814814815 0.01919616076784643
0 0.1935185185185185 0.5518896220755849 0.23703703703703705 0.02519496100779844
2 0.8726851851851852 0.5527894421115777 0.09537037037037037 0.01859628074385123
0 0.18611111111111112 0.5782843431313738 0.22592592592592592 0.022795440911817635
2 0.8726851851851852 0.5800839832033593 0.09537037037037037 0.01919616076784643
0 0.14675925925925926 0.6052789442111578 0.14722222222222223 0.022795440911817635
2 0.8726851851851852 0.6067786442711458 0.09537037037037037 0.01979604079184163
0 0.1726851851851852 0.6328734253149371 0.20092592592592592 0.022795440911817635
2 0.8712962962962963 0.6340731853629274 0.09814814814814815 0.020395920815836834
0 0.16296296296296298 0.6595680863827235 0.17962962962962964 0.02459508098380324
2 0.8601851851851852 0.6616676664667066 0.10740740740740741 0.020395920815836834
0 0.1699074074074074 0.6868626274745051 0.18981481481481483 0.02399520095980804
1 0.5013888888888889 0.41511697660467906 0.850925925925926 0.022795440911817635
1 0.49907407407407406 0.4418116376724655 0.8555555555555555 0.023395320935812838
1 0.5 0.47060587882423516 0.8555555555555555 0.023395320935812838
1 0.49675925925925923 0.4964007198560288 0.850925925925926 0.026994601079784044
1 0.49907407407407406 0.5227954409118176 0.8518518518518519 0.023395320935812838
1 0.48842592592592593 0.5527894421115777 0.8490740740740741 0.02459508098380324
1 0.4976851851851852 0.5785842831433713 0.8490740740740741 0.02459508098380324
1 0.49675925925925923 0.6043791241751649 0.8490740740740741 0.02459508098380324
1 0.49398148148148147 0.6325734853029394 0.8490740740740741 0.02459508098380324
1 0.49675925925925923 0.6601679664067187 0.8490740740740741 0.02459508098380324
1 0.500462962962963 0.2570485902819436 0.8601851851851852 0.023395320935812838
1 0.5032407407407408 0.33713257348530296 0.8675925925925926 0.027594481103779243
1 0.5041666666666667 0.28284343131373724 0.8601851851851852 0.023395320935812838
1 0.5032407407407408 0.3110377924415117 0.8601851851851852 0.023395320935812838
0 0.19166666666666668 0.5506898620275945 0.23703703703703705 0.02519496100779844
0 0.5763888888888888 0.5506898620275945 0.15648148148148147 0.022795440911817635
0 0.40185185185185185 0.5512897420515896 0.16666666666666666 0.021595680863827234
0 0.3680555555555556 0.41721655668866225 0.13796296296296295 0.023395320935812838
0 0.24537037037037038 0.4148170365926815 0.11666666666666667 0.02459508098380324
