0 0.22870370370370371 0.3096085409252669 0.1814814814814815 0.03914590747330961
0 0.262037037037037 0.4199288256227758 0.24814814814814815 0.046263345195729534
0 0.3087962962962963 0.527135231316726 0.3435185185185185 0.04359430604982206
0 0.2013888888888889 0.6343416370106761 0.12685185185185185 0.033807829181494664
2 0.5199074074074074 0.5258007117437722 0.04537037037037037 0.03558718861209965
2 0.31851851851851853 0.6356761565836299 0.07962962962962963 0.03469750889679715
2 0.42268518518518516 0.41637010676156583 0.04537037037037037 0.03558718861209965
2 0.35509259259259257 0.3087188612099644 0.04537037037037037 0.03558718861209965
1 0.24814814814814815 0.6347864768683275 0.2222222222222222 0.03825622775800712
1 0.34120370370370373 0.5258007117437722 0.4064814814814815 0.042704626334519574
1 0.2912037037037037 0.41859430604982206 0.30833333333333335 0.04893238434163701
1 0.25925925925925924 0.30782918149466193 0.2388888888888889 0.03914590747330961
