0 0.24768518518518517 0.2839506172839506 0.22870370370370371 0.02880658436213992
2 0.7953703703703704 0.2829218106995885 0.07407407407407407 0.02400548696844993
0 0.32916666666666666 0.3144718792866941 0.39166666666666666 0.029492455418381344
2 0.7944444444444444 0.3120713305898491 0.07777777777777778 0.027434842249657063
0 0.2777777777777778 0.4063786008230453 0.29074074074074074 0.028120713305898493
2 0.7972222222222223 0.4056927297668038 0.07777777777777778 0.02400548696844993
0 0.27314814814814814 0.4351851851851852 0.2851851851851852 0.026748971193415638
2 0.7981481481481482 0.4355281207133059 0.07962962962962963 0.024691358024691357
0 0.262037037037037 0.46536351165980794 0.26296296296296295 0.026748971193415638
2 0.8004629629629629 0.46536351165980794 0.075 0.02400548696844993
0 0.32592592592592595 0.5147462277091907 0.39444444444444443 0.028120713305898493
2 0.8032407407407407 0.5147462277091907 0.07314814814814814 0.025377229080932786
0 0.3236111111111111 0.5576131687242798 0.3861111111111111 0.03155006858710562
2 0.8050925925925926 0.5620713305898491 0.07685185185185185 0.02400548696844993
0 0.19953703703703704 0.6512345679012346 0.1527777777777778 0.029492455418381344
2 0.8199074074074074 0.6512345679012346 0.05092592592592592 0.025377229080932786
0 0.22407407407407406 0.684156378600823 0.20555555555555555 0.03497942386831276
2 0.8106481481481481 0.6817558299039781 0.075 0.027434842249657063
0 0.1935185185185185 0.7139917695473251 0.14444444444444443 0.03017832647462277
2 0.8115740740740741 0.7129629629629629 0.0712962962962963 0.026748971193415638
0 0.21666666666666667 0.7465706447187929 0.19074074074074074 0.03223593964334705
2 0.812962962962963 0.7438271604938271 0.07407407407407407 0.028120713305898493
0 0.2222222222222222 0.7770919067215364 0.20555555555555555 0.03155006858710562
2 0.8143518518518519 0.7760631001371742 0.0712962962962963 0.025377229080932786
0 0.22453703703703703 0.8096707818930041 0.2101851851851852 0.030864197530864196
2 0.812962962962963 0.8072702331961591 0.07777777777777778 0.02606310013717421
1 0.48194444444444445 0.28223593964334703 0.700925925925926 0.029492455418381344
1 0.4824074074074074 0.3144718792866941 0.7018518518518518 0.030864197530864196
1 0.4842592592592593 0.4053497942386831 0.7037037037037037 0.02880658436213992
1 0.48518518518518516 0.4334705075445816 0.7037037037037037 0.02880658436213992
1 0.4842592592592593 0.46364883401920437 0.7037037037037037 0.02880658436213992
1 0.4842592592592593 0.5140603566529492 0.7129629629629629 0.029492455418381344
1 0.48657407407407405 0.5565843621399177 0.7157407407407408 0.03223593964334705
1 0.4842592592592593 0.6512345679012346 0.7222222222222222 0.026748971193415638
1 0.48333333333333334 0.6834705075445816 0.7203703703703703 0.03497942386831276
1 0.4791666666666667 0.7150205761316872 0.7212962962962963 0.025377229080932786
1 0.48564814814814816 0.7455418381344308 0.7324074074074074 0.03017832647462277
1 0.48657407407407405 0.7767489711934157 0.7305555555555555 0.03223593964334705
1 0.48564814814814816 0.8103566529492455 0.7324074074074074 0.029492455418381344
