0 0.22314814814814815 0.31228433402346445 0.3648148148148148 0.024154589371980676
0 0.22453703703703703 0.347135955831608 0.3675925925925926 0.026224982746721876
0 0.6106481481481482 0.3671497584541063 0.08425925925925926 0.017943409247757072
2 0.9537037037037037 0.3695652173913043 0.046296296296296294 0.025534851621808144
0 0.22824074074074074 0.3785369220151829 0.375 0.024154589371980676
0 0.6023148148148149 0.4033816425120773 0.06574074074074074 0.022774327122153208
2 0.95 0.4002760524499655 0.05555555555555555 0.023464458247066944
0 0.6287037037037037 0.43409247757073843 0.11851851851851852 0.01932367149758454
2 0.9462962962962963 0.4354727398205659 0.05185185185185185 0.01932367149758454
0 0.19814814814814816 0.46273291925465837 0.3148148148148148 0.024154589371980676
0 0.6287037037037037 0.46825396825396826 0.11851851851851852 0.018633540372670808
2 0.9453703703703704 0.46825396825396826 0.05740740740740741 0.018633540372670808
0 0.2023148148148148 0.4972394755003451 0.32314814814814813 0.022774327122153208
0 0.625462962962963 0.5024154589371981 0.11203703703703703 0.026224982746721876
2 0.9467592592592593 0.5006901311249138 0.05462962962962963 0.015873015873015872
0 0.2 0.5279503105590062 0.31851851851851853 0.020703933747412008
0 0.6462962962962963 0.5365769496204279 0.15555555555555556 0.022774327122153208
2 0.9472222222222222 0.5341614906832298 0.05 0.01518288474810214
0 0.6333333333333333 0.5676328502415459 0.12962962962962962 0.01725327812284334
2 0.9467592592592593 0.5676328502415459 0.05462962962962963 0.014492753623188406
0 0.5962962962962963 0.6000690131124914 0.053703703703703705 0.020013802622498276
2 0.9462962962962963 0.6017943409247757 0.05925925925925926 0.01932367149758454
0 0.6268518518518519 0.634575569358178 0.11481481481481481 0.018633540372670808
2 0.9486111111111111 0.6359558316080055 0.058333333333333334 0.02139406487232574
0 0.638425925925926 0.6697722567287785 0.13796296296296295 0.02139406487232574
2 0.9444444444444444 0.6694271911663217 0.05925925925925926 0.023464458247066944
0 0.6310185185185185 0.7694962042788129 0.125 0.020703933747412008
2 0.937037037037037 0.771911663216011 0.07592592592592592 0.024154589371980676
0 0.624537037037037 0.8046928916494134 0.11203703703703703 0.020703933747412008
2 0.9236111111111112 0.8046928916494134 0.10462962962962963 0.020703933747412008
2 0.925 0.8374741200828157 0.10555555555555556 0.02139406487232574
0 0.6162037037037037 0.8385093167701864 0.10277777777777777 0.017943409247757072
0 0.6662037037037037 0.8685300207039337 0.1935185185185185 0.01725327812284334
2 0.9268518518518518 0.8699102829537612 0.10925925925925926 0.020013802622498276
0 0.6412037037037037 0.9026915113871635 0.14907407407407408 0.028985507246376812
2 0.9226851851851852 0.901656314699793 0.12129629629629629 0.018633540372670808
1 0.7712962962962963 0.7708764665286404 0.4111111111111111 0.026224982746721876
1 0.7726851851851851 0.8378191856452726 0.41388888888888886 0.01932367149758454
1 0.7731481481481481 0.805728088336784 0.40925925925925927 0.02139406487232574
1 0.774074074074074 0.9033816425120773 0.4203703703703704 0.031746031746031744
1 0.7754629629629629 0.8688750862663907 0.41388888888888886 0.01932367149758454
2 0.4935185185185185 0.3119392684610076 0.05925925925925926 0.023464458247066944
2 0.487962962962963 0.34575569358178054 0.06666666666666667 0.022084195997239476
2 0.4925925925925926 0.37888198757763975 0.06666666666666667 0.022084195997239476
2 0.48055555555555557 0.49620427881297446 0.06666666666666667 0.022084195997239476
2 0.4842592592592593 0.5293305728088337 0.06666666666666667 0.022084195997239476
2 0.49074074074074076 0.4610075914423741 0.05925925925925926 0.023464458247066944
1 0.2828703703703704 0.3119392684610076 0.48055555555555557 0.023464458247066944
1 0.2791666666666667 0.4610075914423741 0.4787037037037037 0.028985507246376812
1 0.2824074074074074 0.378191856452726 0.48703703703703705 0.027605244996549344
1 0.2833333333333333 0.34575569358178054 0.48703703703703705 0.027605244996549344
1 0.274537037037037 0.49827467218771565 0.475 0.024844720496894408
1 0.2791666666666667 0.52864044168392 0.48055555555555557 0.023464458247066944
1 0.7712962962962963 0.37060041407867494 0.4074074074074074 0.023464458247066944
1 0.7712962962962963 0.46859903381642515 0.4074074074074074 0.023464458247066944
1 0.7712962962962963 0.43202208419599725 0.4074074074074074 0.023464458247066944
1 0.7717592592592593 0.40407177363699104 0.4083333333333333 0.024154589371980676
1 0.7717592592592593 0.5024154589371981 0.4064814814814815 0.03036576949620428
1 0.7717592592592593 0.5365769496204279 0.4064814814814815 0.022774327122153208
1 0.7726851851851851 0.5993788819875776 0.4064814814814815 0.022774327122153208
1 0.7726851851851851 0.6331953071083506 0.4064814814814815 0.022774327122153208
1 0.7708333333333334 0.668391994478951 0.4064814814814815 0.022774327122153208
1 0.7726851851851851 0.5665976535541752 0.4064814814814815 0.016563146997929608
