0 0.20555555555555555 0.18055555555555555 0.3388888888888889 0.03985507246376811
0 0.45555555555555555 0.17572463768115942 0.09074074074074075 0.030193236714975844
0 0.7203703703703703 0.18508454106280192 0.2814814814814815 0.035628019323671496
0 0.44722222222222224 0.21105072463768115 0.09074074074074075 0.030797101449275364
0 0.20185185185185187 0.21557971014492755 0.3314814814814815 0.042270531400966184
0 0.7263888888888889 0.21618357487922704 0.2898148148148148 0.030193236714975844
0 0.1986111111111111 0.25181159420289856 0.325 0.03985507246376811
2 0.45231481481481484 0.24667874396135267 0.08796296296296297 0.029589371980676328
0 0.7310185185185185 0.25030193236714976 0.29907407407407405 0.03321256038647343
0 0.21435185185185185 0.2847222222222222 0.35833333333333334 0.03804347826086957
0 0.6199074074074075 0.2913647342995169 0.09351851851851851 0.0464975845410628
2 0.9388888888888889 0.21769323671497584 0.09074074074074075 0.030797101449275364
0 0.8106481481481481 0.28955314009661837 0.062037037037037036 0.0320048309178744
0 0.21574074074074073 0.3176328502415459 0.3648148148148148 0.036231884057971016
0 0.21944444444444444 0.35628019323671495 0.37037037037037035 0.03985507246376811
0 0.7111111111111111 0.3789251207729469 0.26666666666666666 0.030797101449275364
2 0.9208333333333333 0.37832125603864736 0.0787037037037037 0.029589371980676328
0 0.7212962962962963 0.4148550724637681 0.28703703703703703 0.03140096618357488
0 0.7231481481481481 0.44806763285024154 0.30185185185185187 0.035024154589371984
0 0.21388888888888888 0.4583333333333333 0.35555555555555557 0.03864734299516908
2 0.9236111111111112 0.4830917874396135 0.07685185185185185 0.030193236714975844
0 0.7148148148148148 0.483695652173913 0.27037037037037037 0.028985507246376812
0 0.21157407407407408 0.4936594202898551 0.35462962962962963 0.042874396135265704
2 0.43796296296296294 0.490036231884058 0.09259259259259259 0.035628019323671496
0 0.7300925925925926 0.5208333333333334 0.30462962962962964 0.041666666666666664
0 0.22037037037037038 0.5301932367149759 0.37407407407407406 0.03864734299516908
0 0.711574074074074 0.5582729468599034 0.2712962962962963 0.04045893719806763
2 0.9263888888888889 0.5528381642512077 0.0787037037037037 0.030797101449275364
0 0.6583333333333333 0.5926932367149759 0.1685185185185185 0.03683574879227053
2 0.9236111111111112 0.5887681159420289 0.07685185185185185 0.028985507246376812
2 0.4444444444444444 0.6210748792270532 0.08888888888888889 0.030797101449275364
0 0.175 0.6259057971014492 0.2851851851851852 0.03804347826086957
0 0.21481481481481482 0.6603260869565217 0.3648148148148148 0.03683574879227053
0 0.6537037037037037 0.6832729468599034 0.16111111111111112 0.034420289855072464
2 0.9152777777777777 0.6875 0.11203703703703703 0.04045893719806763
0 0.21851851851851853 0.6920289855072463 0.37222222222222223 0.03260869565217391
0 0.6611111111111111 0.7179951690821256 0.17407407407407408 0.028985507246376812
2 0.9013888888888889 0.7222222222222222 0.1398148148148148 0.043478260869565216
0 0.2162037037037037 0.7273550724637681 0.3675925925925926 0.030797101449275364
2 0.44305555555555554 0.7291666666666666 0.09166666666666666 0.03321256038647343
0 0.6768518518518518 0.7575483091787439 0.2037037037037037 0.04045893719806763
2 0.8944444444444445 0.7563405797101449 0.1574074074074074 0.03683574879227053
0 0.21666666666666667 0.7629830917874396 0.362962962962963 0.034420289855072464
2 0.44212962962962965 0.7650966183574879 0.08981481481481482 0.035024154589371984
0 0.6944444444444444 0.7922705314009661 0.2388888888888889 0.03743961352657005
0 0.2152777777777778 0.7983091787439613 0.36018518518518516 0.03743961352657005
2 0.43287037037037035 0.7992149758454107 0.08796296296296297 0.0320048309178744
0 0.6930555555555555 0.8294082125603864 0.23981481481481481 0.04045893719806763
0 0.21666666666666667 0.8351449275362319 0.3611111111111111 0.03864734299516908
0 0.6412037037037037 0.8647342995169082 0.13796296296296295 0.035024154589371984
2 0.8796296296296297 0.8620169082125604 0.1574074074074074 0.03321256038647343
0 0.27037037037037037 0.8780193236714976 0.1537037037037037 0.027777777777777776
0 0.6796296296296296 0.8961352657004831 0.2074074074074074 0.033816425120772944
0 0.24768518518518517 0.907608695652174 0.11574074074074074 0.033816425120772944
2 0.4064814814814815 0.907608695652174 0.13333333333333333 0.022946859903381644
2 0.8680555555555556 0.9332729468599034 0.21388888888888888 0.03804347826086957
0 0.22268518518518518 0.9341787439613527 0.049074074074074076 0.024154589371980676
2 0.40555555555555556 0.9347826086956522 0.1388888888888889 0.025362318840579712
2 0.41574074074074074 0.8792270531400966 0.13333333333333333 0.022946859903381644
2 0.888425925925926 0.8964371980676329 0.21388888888888888 0.03804347826086957
2 0.8916666666666667 0.8269927536231884 0.1574074074074074 0.03321256038647343
2 0.8935185185185185 0.7907608695652174 0.1574074074074074 0.03321256038647343
2 0.4476851851851852 0.6923309178743962 0.09166666666666666 0.03321256038647343
2 0.4486111111111111 0.6591183574879227 0.09166666666666666 0.03321256038647343
2 0.4388888888888889 0.8342391304347826 0.08888888888888889 0.030797101449275364
2 0.44907407407407407 0.5304951690821256 0.09259259259259259 0.035628019323671496
2 0.45185185185185184 0.4544082125603865 0.09259259259259259 0.035628019323671496
2 0.9282407407407407 0.5190217391304348 0.0787037037037037 0.030797101449275364
2 0.9236111111111112 0.4498792270531401 0.07685185185185185 0.030193236714975844
2 0.9254629629629629 0.4136473429951691 0.07685185185185185 0.030193236714975844
2 0.9310185185185185 0.28592995169082125 0.0787037037037037 0.029589371980676328
2 0.9393518518518519 0.25271739130434784 0.08981481481481482 0.0320048309178744
2 0.9314814814814815 0.1823671497584541 0.09074074074074075 0.03260869565217391
2 0.4486111111111111 0.28291062801932365 0.08796296296296297 0.029589371980676328
2 0.449537037037037 0.31733091787439616 0.08796296296296297 0.029589371980676328
2 0.449537037037037 0.3523550724637681 0.08796296296296297 0.029589371980676328
1 0.26990740740740743 0.17904589371980675 0.47314814814814815 0.03804347826086957
1 0.2652777777777778 0.2143719806763285 0.4564814814814815 0.04106280193236715
1 0.26666666666666666 0.24788647342995168 0.46296296296296297 0.035628019323671496
1 0.26851851851851855 0.2847222222222222 0.46296296296296297 0.034420289855072464
1 0.2657407407407407 0.31914251207729466 0.4648148148148148 0.03683574879227053
1 0.2625 0.35597826086956524 0.4638888888888889 0.035628019323671496
1 0.7796296296296297 0.1823671497584541 0.3962962962962963 0.033816425120772944
1 0.7828703703703703 0.2195048309178744 0.4064814814814815 0.03683574879227053
1 0.7819444444444444 0.24909420289855072 0.4064814814814815 0.03683574879227053
1 0.7726851851851851 0.2886473429951691 0.4083333333333333 0.04710144927536232
1 0.2675925925925926 0.4559178743961353 0.4648148148148148 0.036231884057971016
1 0.2625 0.4927536231884058 0.475 0.03743961352657005
1 0.262037037037037 0.5295893719806763 0.4648148148148148 0.036231884057971016
1 0.7685185185185185 0.37681159420289856 0.3851851851851852 0.03260869565217391
1 0.7685185185185185 0.446256038647343 0.3851851851851852 0.03260869565217391
1 0.7685185185185185 0.41243961352657005 0.3851851851851852 0.03260869565217391
1 0.7703703703703704 0.48188405797101447 0.3851851851851852 0.03260869565217391
1 0.7685185185185185 0.5549516908212561 0.3888888888888889 0.03985507246376811
1 0.7722222222222223 0.5193236714975845 0.3888888888888889 0.03985507246376811
1 0.7685185185185185 0.5929951690821256 0.3888888888888889 0.03985507246376811
1 0.26064814814814813 0.6246980676328503 0.4601851851851852 0.034420289855072464
1 0.2625 0.6603260869565217 0.4601851851851852 0.034420289855072464
1 0.26342592592592595 0.7617753623188406 0.4601851851851852 0.034420289855072464
1 0.26157407407407407 0.726147342995169 0.4601851851851852 0.034420289855072464
1 0.25972222222222224 0.7249396135265701 0.4601851851851852 0.034420289855072464
1 0.25601851851851853 0.7961956521739131 0.4601851851851852 0.034420289855072464
1 0.2550925925925926 0.8342391304347826 0.4601851851851852 0.034420289855072464
1 0.33796296296296297 0.8777173913043478 0.29074074074074074 0.028381642512077296
1 0.3333333333333333 0.9057971014492754 0.2814814814814815 0.028985507246376812
1 0.3388888888888889 0.9338768115942029 0.2796296296296296 0.025966183574879228
1 0.7708333333333334 0.6856884057971014 0.3990740740740741 0.035628019323671496
1 0.7763888888888889 0.7895531400966184 0.3990740740740741 0.035628019323671496
1 0.7736111111111111 0.722524154589372 0.3990740740740741 0.035628019323671496
1 0.774074074074074 0.7569444444444444 0.4 0.0392512077294686
1 0.7722222222222223 0.8263888888888888 0.4 0.0392512077294686
1 0.7652777777777777 0.8617149758454107 0.38981481481481484 0.036231884057971016
1 0.7837962962962963 0.9166666666666666 0.4212962962962963 0.07246376811594203
