0 0.7439814814814815 0.22882513661202186 0.3972222222222222 0.04781420765027322
0 0.6995370370370371 0.30191256830601093 0.3101851851851852 0.07923497267759563
0 0.6851851851851852 0.39207650273224043 0.2537037037037037 0.040983606557377046
2 0.9208333333333333 0.3927595628415301 0.05277777777777778 0.031420765027322405
0 0.12268518518518519 0.40027322404371585 0.16944444444444445 0.03551912568306011
0 0.1574074074074074 0.4542349726775956 0.2388888888888889 0.03961748633879782
0 0.6694444444444444 0.453551912568306 0.2222222222222222 0.03551912568306011
2 0.924537037037037 0.4521857923497268 0.058333333333333334 0.03278688524590164
0 0.11944444444444445 0.5027322404371585 0.1648148148148148 0.040983606557377046
0 0.7074074074074074 0.505464480874317 0.29814814814814816 0.03551912568306011
2 0.925 0.5109289617486339 0.05925925925925926 0.03551912568306011
2 0.3819444444444444 0.5662568306010929 0.1675925925925926 0.07513661202185792
0 0.1439814814814815 0.5532786885245902 0.21574074074074073 0.04644808743169399
0 0.6680555555555555 0.5642076502732241 0.2212962962962963 0.04371584699453552
2 0.924537037037037 0.5689890710382514 0.058333333333333334 0.031420765027322405
0 0.6509259259259259 0.6256830601092896 0.18703703703703703 0.03825136612021858
2 0.9254629629629629 0.6270491803278688 0.06018518518518518 0.03278688524590164
0 0.3106481481481482 0.671448087431694 0.14537037037037037 0.03961748633879782
0 0.3416666666666667 0.7233606557377049 0.2074074074074074 0.045081967213114756
0 0.3055555555555556 0.7725409836065574 0.13518518518518519 0.03961748633879782
0 0.7310185185185185 0.8080601092896175 0.06574074074074074 0.025956284153005466
0 0.8763888888888889 0.8087431693989071 0.041666666666666664 0.01912568306010929
0 0.5861111111111111 0.8087431693989071 0.04814814814814815 0.02185792349726776
2 0.6527777777777778 0.8087431693989071 0.022222222222222223 0.02185792349726776
2 0.9564814814814815 0.8080601092896175 0.02962962962962963 0.020491803278688523
2 0.7944444444444444 0.8101092896174863 0.022222222222222223 0.02185792349726776
0 0.3282407407407407 0.8237704918032787 0.18055555555555555 0.040983606557377046
0 0.5884259259259259 0.8401639344262295 0.05462962962962963 0.02459016393442623
0 0.7314814814814815 0.8408469945355191 0.07037037037037037 0.025956284153005466
2 0.6546296296296297 0.8415300546448088 0.03148148148148148 0.02459016393442623
2 0.7949074074074074 0.842896174863388 0.023148148148148147 0.02185792349726776
2 0.1388888888888889 0.8565573770491803 0.1537037037037037 0.04644808743169399
2 0.9574074074074074 0.8490437158469946 0.03148148148148148 0.025956284153005466
0 0.8689814814814815 0.8497267759562842 0.03425925925925926 0.02185792349726776
0 0.31666666666666665 0.875 0.1574074074074074 0.03961748633879782
0 0.5986111111111111 0.8729508196721312 0.075 0.02459016393442623
0 0.7379629629629629 0.8743169398907104 0.08518518518518518 0.02459016393442623
0 0.8962962962962963 0.89275956284153 0.08703703703703704 0.025956284153005466
0 0.6365740740740741 0.9084699453551912 0.15092592592592594 0.030054644808743168
2 0.9185185185185185 0.31693989071038253 0.12777777777777777 0.09016393442622951
1 0.762962962962963 0.28346994535519127 0.4388888888888889 0.16530054644808742
1 0.2513888888888889 0.4918032786885246 0.4287037037037037 0.22131147540983606
1 0.25277777777777777 0.7725409836065574 0.38333333333333336 0.24453551912568305
1 0.9143518518518519 0.8497267759562842 0.12314814814814815 0.0273224043715847
2 0.9564814814814815 0.8913934426229508 0.02962962962962963 0.020491803278688523
2 0.7245370370370371 0.9084699453551912 0.025 0.0273224043715847
2 0.6564814814814814 0.8756830601092896 0.03148148148148148 0.02459016393442623
2 0.7976851851851852 0.8756830601092896 0.025 0.0273224043715847
1 0.6129629629629629 0.8087431693989071 0.1037037037037037 0.02459016393442623
1 0.65 0.9091530054644809 0.17962962962962964 0.028688524590163935
1 0.6152777777777778 0.8415300546448088 0.10833333333333334 0.02459016393442623
1 0.6171296296296296 0.875 0.11018518518518519 0.028688524590163935
1 0.7513888888888889 0.8080601092896175 0.11018518518518519 0.031420765027322405
1 0.7532407407407408 0.8422131147540983 0.11388888888888889 0.028688524590163935
1 0.7527777777777778 0.8743169398907104 0.11481481481481481 0.0273224043715847
1 0.912962962962963 0.8920765027322405 0.11851851851851852 0.030054644808743168
1 0.7532407407407408 0.39139344262295084 0.39166666666666666 0.045081967213114756
1 0.7560185185185185 0.625 0.3990740740740741 0.04234972677595628
1 0.7550925925925925 0.5648907103825137 0.3990740740740741 0.04781420765027322
1 0.7546296296296297 0.45286885245901637 0.3962962962962963 0.036885245901639344
1 0.7564814814814815 0.5075136612021858 0.3962962962962963 0.03961748633879782
