0 0.3125 0.12447405329593268 0.19537037037037036 0.0273492286115007
2 0.46805555555555556 0.12166900420757364 0.025 0.016129032258064516
2 0.5263888888888889 0.12166900420757364 0.026851851851851852 0.016129032258064516
0 0.6912037037037037 0.12447405329593268 0.12314814814814815 0.02314165497896213
2 0.9189814814814815 0.12622720897615708 0.028703703703703703 0.0182328190743338
0 0.6833333333333333 0.14971949509116408 0.1037037037037037 0.024544179523141654
2 0.9189814814814815 0.15042075736325386 0.028703703703703703 0.01753155680224404
0 0.6597222222222222 0.17461430575035064 0.06388888888888888 0.029453015427769985
2 0.9189814814814815 0.17566619915848528 0.028703703703703703 0.01753155680224404
0 0.30787037037037035 0.18513323983169705 0.18611111111111112 0.021037868162692847
2 0.4652777777777778 0.18408134642356241 0.025 0.016129032258064516
2 0.5300925925925926 0.18478260869565216 0.028703703703703703 0.01753155680224404
0 0.6782407407407407 0.2005610098176718 0.09722222222222222 0.02244039270687237
2 0.9189814814814815 0.20161290322580644 0.028703703703703703 0.01753155680224404
0 0.700462962962963 0.2240532959326788 0.14166666666666666 0.020336605890603085
2 0.9189814814814815 0.2240532959326788 0.028703703703703703 0.01753155680224404
0 0.7226851851851852 0.24579242636746143 0.18611111111111112 0.01753155680224404
2 0.9189814814814815 0.24579242636746143 0.028703703703703703 0.01753155680224404
0 0.3212962962962963 0.25105189340813466 0.21296296296296297 0.025245441795231416
2 0.46805555555555556 0.2478962131837307 0.025 0.016129032258064516
2 0.5337962962962963 0.24859747545582048 0.028703703703703703 0.01753155680224404
0 0.7064814814814815 0.26753155680224405 0.1537037037037037 0.018934081346423562
2 0.9189814814814815 0.26823281907433383 0.028703703703703703 0.01753155680224404
0 0.6754629629629629 0.2903225806451613 0.09166666666666666 0.0182328190743338
2 0.9189814814814815 0.2903225806451613 0.028703703703703703 0.0182328190743338
0 0.3 0.30995792426367463 0.17037037037037037 0.023842917251051893
2 0.46805555555555556 0.3103085553997195 0.025 0.016129032258064516
2 0.5337962962962963 0.311711079943899 0.028703703703703703 0.016129032258064516
0 0.32083333333333336 0.3744740532959327 0.21203703703703702 0.02244039270687237
2 0.4685185185185185 0.3748246844319776 0.027777777777777776 0.01753155680224404
2 0.5319444444444444 0.3748246844319776 0.028703703703703703 0.01753155680224404
0 0.7055555555555556 0.40848527349228614 0.15185185185185185 0.018934081346423562
2 0.9189814814814815 0.40883590462833097 0.028703703703703703 0.0182328190743338
0 0.7208333333333333 0.4305750350631136 0.18425925925925926 0.023842917251051893
2 0.9189814814814815 0.42952314165497896 0.028703703703703703 0.01753155680224404
0 0.6694444444444444 0.4526647966339411 0.07962962962962963 0.018934081346423562
2 0.9189814814814815 0.4519635343618513 0.028703703703703703 0.01753155680224404
0 0.6902777777777778 0.4744039270687237 0.12314814814814815 0.02314165497896213
2 0.9189814814814815 0.4737026647966339 0.028703703703703703 0.01753155680224404
0 0.2861111111111111 0.4894810659186536 0.19074074074074074 0.025245441795231416
2 0.5319444444444444 0.4884291725105189 0.028703703703703703 0.01753155680224404
2 0.4726851851851852 0.4884291725105189 0.026851851851851852 0.014726507713884993
0 0.6875 0.49544179523141657 0.1175925925925926 0.024544179523141654
2 0.9189814814814815 0.4961430575035063 0.028703703703703703 0.01753155680224404
0 0.3148148148148148 0.5504908835904628 0.24814814814814815 0.02664796633941094
2 0.5356481481481481 0.5522440392706872 0.028703703703703703 0.01753155680224404
0 0.6851851851851852 0.5718793828892006 0.10740740740740741 0.018934081346423562
2 0.9189814814814815 0.5715287517531557 0.025 0.0182328190743338
0 0.6921296296296297 0.5950210378681627 0.12129629629629629 0.01753155680224404
2 0.9189814814814815 0.594319775596073 0.028703703703703703 0.016129032258064516
0 0.6851851851851852 0.6626928471248247 0.10740740740740741 0.0182328190743338
2 0.924074074074074 0.6619915848527349 0.014814814814814815 0.016830294530154277
0 0.22546296296296298 0.6826788218793829 0.11944444444444445 0.021739130434782608
2 0.43472222222222223 0.6823281907433381 0.026851851851851852 0.015427769985974754
0 0.6569444444444444 0.6840813464235624 0.05092592592592592 0.016129032258064516
2 0.9180555555555555 0.6840813464235624 0.026851851851851852 0.016129032258064516
0 0.22453703703703703 0.7170406732117812 0.11944444444444445 0.024544179523141654
2 0.4337962962962963 0.7156381486676017 0.025 0.016129032258064516
0 0.25462962962962965 0.7492987377279102 0.17777777777777778 0.021739130434782608
2 0.4356481481481482 0.7485974754558204 0.028703703703703703 0.01753155680224404
0 0.2064814814814815 0.7815568022440392 0.08518518518518518 0.018934081346423562
2 0.43472222222222223 0.7812061711079944 0.026851851851851852 0.015427769985974754
0 0.6597222222222222 0.802945301542777 0.2657407407407407 0.019635343618513323
2 0.774537037037037 0.8032959326788219 0.028703703703703703 0.01753155680224404
0 0.19953703703703704 0.8138148667601683 0.06759259259259259 0.020336605890603085
2 0.43472222222222223 0.8138148667601683 0.026851851851851852 0.014726507713884993
0 0.23981481481481481 0.8460729312762973 0.15185185185185185 0.020336605890603085
2 0.4356481481481482 0.8474754558204769 0.028703703703703703 0.01753155680224404
0 0.2518518518518518 0.8804347826086957 0.17592592592592593 0.020336605890603085
2 0.4356481481481482 0.8804347826086957 0.028703703703703703 0.01753155680224404
0 0.6592592592592592 0.8835904628330996 0.26666666666666666 0.023842917251051893
0 0.24583333333333332 0.9126928471248247 0.1638888888888889 0.020336605890603085
2 0.4356481481481482 0.9140953716690042 0.028703703703703703 0.01753155680224404
2 0.774537037037037 0.8832398316970547 0.028703703703703703 0.01753155680224404
2 0.47175925925925927 0.5508415147265077 0.028703703703703703 0.01753155680224404
1 0.3055555555555556 0.6826788218793829 0.2851851851851852 0.02314165497896213
1 0.30925925925925923 0.7156381486676017 0.2851851851851852 0.02314165497896213
1 0.30833333333333335 0.7492987377279102 0.2851851851851852 0.02314165497896213
1 0.30925925925925923 0.7808555399719496 0.2851851851851852 0.02314165497896213
1 0.30787037037037035 0.8131136044880786 0.2824074074074074 0.020336605890603085
1 0.3074074074074074 0.8460729312762973 0.28888888888888886 0.024544179523141654
1 0.3074074074074074 0.879382889200561 0.28888888888888886 0.019635343618513323
1 0.30648148148148147 0.9130434782608695 0.28888888888888886 0.02244039270687237
1 0.7819444444444444 0.6623422159887798 0.30092592592592593 0.018934081346423562
1 0.7828703703703703 0.6840813464235624 0.30092592592592593 0.018934081346423562
1 0.7810185185185186 0.5725806451612904 0.29907407407407405 0.021739130434782608
1 0.7837962962962963 0.5936185133239832 0.29907407407407405 0.021739130434782608
1 0.36944444444444446 0.5592566619915849 0.362962962962963 0.04417952314165498
1 0.3675925925925926 0.4992987377279102 0.35555555555555557 0.04488078541374474
1 0.7824074074074074 0.40883590462833097 0.3055555555555556 0.019635343618513323
1 0.7805555555555556 0.4305750350631136 0.30925925925925923 0.025245441795231416
1 0.7810185185185186 0.4523141654978962 0.3101851851851852 0.02244039270687237
1 0.7810185185185186 0.49368863955119213 0.3101851851851852 0.02244039270687237
1 0.7828703703703703 0.47335203366058903 0.3101851851851852 0.02244039270687237
1 0.3787037037037037 0.13183730715287517 0.32592592592592595 0.043478260869565216
1 0.37824074074074077 0.19389901823281908 0.33055555555555555 0.042776998597475455
1 0.38101851851851853 0.3190743338008415 0.33611111111111114 0.04488078541374474
1 0.3787037037037037 0.38429172510518933 0.3333333333333333 0.04207573632538569
1 0.3824074074074074 0.2573632538569425 0.3333333333333333 0.04207573632538569
1 0.7810185185185186 0.17391304347826086 0.30648148148148147 0.028050490883590462
1 0.7810185185185186 0.12517531556802244 0.30648148148148147 0.02314165497896213
1 0.7837962962962963 0.14831697054698456 0.30648148148148147 0.02314165497896213
1 0.7828703703703703 0.19985974754558206 0.3101851851851852 0.02244039270687237
1 0.7814814814814814 0.22159887798036465 0.3055555555555556 0.023842917251051893
1 0.7824074074074074 0.24403927068723702 0.3037037037037037 0.019635343618513323
1 0.7833333333333333 0.26718092566619916 0.3037037037037037 0.019635343618513323
1 0.7805555555555556 0.28962131837307153 0.3037037037037037 0.019635343618513323
