0 0.4986111111111111 0.28541666666666665 0.14537037037037037 0.027083333333333334
2 0.6782407407407407 0.2864583333333333 0.0787037037037037 0.025
0 0.45694444444444443 0.3333333333333333 0.062037037037037036 0.022916666666666665
2 0.6819444444444445 0.33489583333333334 0.06944444444444445 0.019791666666666666
0 0.15601851851851853 0.34739583333333335 0.12685185185185185 0.023958333333333335
2 0.35694444444444445 0.35052083333333334 0.06388888888888888 0.017708333333333333
0 0.4986111111111111 0.38333333333333336 0.14537037037037037 0.022916666666666665
2 0.6842592592592592 0.3848958333333333 0.06481481481481481 0.019791666666666666
0 0.14583333333333334 0.3885416666666667 0.10648148148148148 0.020833333333333332
2 0.3037037037037037 0.3927083333333333 0.17037037037037037 0.022916666666666665
0 0.1587962962962963 0.42916666666666664 0.13240740740740742 0.022916666666666665
2 0.3421296296296296 0.43125 0.08611111111111111 0.020833333333333332
0 0.4736111111111111 0.43333333333333335 0.09537037037037037 0.022916666666666665
2 0.6768518518518518 0.43385416666666665 0.08333333333333333 0.021875
0 0.1337962962962963 0.46979166666666666 0.0824074074074074 0.022916666666666665
2 0.3486111111111111 0.471875 0.08055555555555556 0.025
0 0.5314814814814814 0.48072916666666665 0.2111111111111111 0.023958333333333335
0 0.12685185185185185 0.5078125 0.06851851851851852 0.026041666666666668
2 0.3375 0.5114583333333333 0.10277777777777777 0.022916666666666665
0 0.5300925925925926 0.5328125 0.20833333333333334 0.026041666666666668
0 0.16296296296296298 0.5489583333333333 0.1388888888888889 0.022916666666666665
2 0.3578703703703704 0.5505208333333333 0.062037037037037036 0.017708333333333333
0 0.49537037037037035 0.58125 0.1388888888888889 0.027083333333333334
2 0.6791666666666667 0.5833333333333334 0.06574074074074074 0.022916666666666665
0 0.1699074074074074 0.5885416666666666 0.15462962962962962 0.022916666666666665
2 0.3541666666666667 0.5911458333333334 0.0712962962962963 0.019791666666666666
0 0.2023148148148148 0.6286458333333333 0.21944444444444444 0.023958333333333335
0 0.649074074074074 0.6421875 0.13148148148148148 0.021875
2 0.8689814814814815 0.6427083333333333 0.058333333333333334 0.016666666666666666
0 0.15833333333333333 0.66875 0.12962962962962962 0.022916666666666665
0 0.6444444444444445 0.6661458333333333 0.12222222222222222 0.017708333333333333
2 0.8671296296296296 0.6671875 0.062037037037037036 0.015625
2 0.34675925925925927 0.6723958333333333 0.08425925925925926 0.019791666666666666
0 0.6851851851851852 0.6901041666666666 0.2037037037037037 0.021875
2 0.8689814814814815 0.6921875 0.058333333333333334 0.015625
0 0.15787037037037038 0.7104166666666667 0.13055555555555556 0.022916666666666665
2 0.3486111111111111 0.7119791666666667 0.08055555555555556 0.023958333333333335
0 0.6527777777777778 0.7145833333333333 0.1388888888888889 0.016666666666666666
2 0.8671296296296296 0.7151041666666667 0.062037037037037036 0.015625
0 0.6736111111111112 0.7375 0.18055555555555555 0.01875
2 0.8680555555555556 0.7395833333333334 0.06018518518518518 0.01875
0 0.1449074074074074 0.7505208333333333 0.10462962962962963 0.023958333333333335
2 0.3490740740740741 0.7520833333333333 0.07962962962962963 0.022916666666666665
0 0.6481481481481481 0.7625 0.12962962962962962 0.01875
2 0.8685185185185185 0.7630208333333334 0.05925925925925926 0.017708333333333333
0 0.6444444444444445 0.7864583333333334 0.12222222222222222 0.016666666666666666
0 0.18981481481481483 0.7901041666666667 0.1925925925925926 0.021875
2 0.8689814814814815 0.7880208333333333 0.058333333333333334 0.017708333333333333
2 0.3453703703703704 0.7921875 0.07592592592592592 0.019791666666666666
0 0.6226851851851852 0.8114583333333333 0.0787037037037037 0.016666666666666666
2 0.8648148148148148 0.8114583333333333 0.06666666666666667 0.016666666666666666
1 0.7412037037037037 0.6411458333333333 0.31574074074074077 0.023958333333333335
1 0.7425925925925926 0.665625 0.31851851851851853 0.01875
1 0.7393518518518518 0.6885416666666667 0.3138888888888889 0.022916666666666665
1 0.7425925925925926 0.7375 0.31666666666666665 0.020833333333333332
1 0.7435185185185185 0.7145833333333333 0.31851851851851853 0.01875
1 0.7435185185185185 0.7614583333333333 0.31666666666666665 0.020833333333333332
1 0.7416666666666667 0.8104166666666667 0.31666666666666665 0.020833333333333332
1 0.7407407407407407 0.7854166666666667 0.31666666666666665 0.020833333333333332
2 0.3523148148148148 0.6322916666666667 0.07685185185185185 0.020833333333333332
2 0.6768518518518518 0.5328125 0.07777777777777778 0.021875
2 0.6768518518518518 0.4817708333333333 0.07777777777777778 0.021875
1 0.2388888888888889 0.7901041666666667 0.29074074074074074 0.023958333333333335
1 0.24212962962962964 0.5875 0.29907407407407405 0.025
1 0.2412037037037037 0.7109375 0.2972222222222222 0.023958333333333335
1 0.24027777777777778 0.6671875 0.2972222222222222 0.023958333333333335
1 0.2412037037037037 0.7494791666666667 0.2972222222222222 0.023958333333333335
1 0.24212962962962964 0.6296875 0.2972222222222222 0.023958333333333335
1 0.24212962962962964 0.5479166666666667 0.29907407407407405 0.025
1 0.5717592592592593 0.53125 0.2916666666666667 0.022916666666666665
1 0.5699074074074074 0.5817708333333333 0.2898148148148148 0.026041666666666668
1 0.5708333333333333 0.434375 0.2916666666666667 0.022916666666666665
1 0.5726851851851852 0.48020833333333335 0.2916666666666667 0.022916666666666665
1 0.5699074074074074 0.38229166666666664 0.2916666666666667 0.022916666666666665
1 0.24074074074074073 0.5083333333333333 0.29814814814814816 0.03125
1 0.2412037037037037 0.4703125 0.2953703703703704 0.028125
1 0.23935185185185184 0.4276041666666667 0.2953703703703704 0.028125
1 0.24027777777777778 0.38697916666666665 0.2953703703703704 0.028125
1 0.24027777777777778 0.3494791666666667 0.2953703703703704 0.028125
1 0.5717592592592593 0.33229166666666665 0.2916666666666667 0.022916666666666665
1 0.5708333333333333 0.28541666666666665 0.2916666666666667 0.022916666666666665
