0 0.11296296296296296 0.23161764705882354 0.08888888888888889 0.026260504201680673
2 0.24722222222222223 0.23161764705882354 0.044444444444444446 0.026260504201680673
2 0.5953703703703703 0.23161764705882354 0.044444444444444446 0.026260504201680673
0 0.7203703703703703 0.23161764705882354 0.10555555555555556 0.026260504201680673
0 0.3541666666666667 0.23214285714285715 0.06759259259259259 0.025210084033613446
2 0.9398148148148148 0.23214285714285715 0.044444444444444446 0.025210084033613446
0 0.11064814814814815 0.2820378151260504 0.08425925925925926 0.026260504201680673
2 0.24722222222222223 0.2820378151260504 0.044444444444444446 0.026260504201680673
2 0.5953703703703703 0.2820378151260504 0.044444444444444446 0.026260504201680673
0 0.7481481481481481 0.28256302521008403 0.16111111111111112 0.0273109243697479
2 0.9398148148148148 0.2820378151260504 0.044444444444444446 0.026260504201680673
0 0.35 0.28256302521008403 0.06296296296296296 0.025210084033613446
0 0.125 0.3324579831932773 0.11296296296296296 0.026260504201680673
2 0.24722222222222223 0.3314075630252101 0.044444444444444446 0.02415966386554622
0 0.37407407407407406 0.3329831932773109 0.10740740740740741 0.0273109243697479
2 0.5962962962962963 0.3314075630252101 0.04259259259259259 0.02415966386554622
0 0.7458333333333333 0.3324579831932773 0.15648148148148147 0.026260504201680673
2 0.9398148148148148 0.3314075630252101 0.044444444444444446 0.02415966386554622
0 0.12314814814814815 0.38182773109243695 0.10925925925925926 0.028361344537815126
2 0.24675925925925926 0.38130252100840334 0.04537037037037037 0.025210084033613446
0 0.3768518518518518 0.38287815126050423 0.11296296296296296 0.028361344537815126
2 0.5958333333333333 0.38130252100840334 0.04351851851851852 0.025210084033613446
0 0.7532407407407408 0.38182773109243695 0.1712962962962963 0.03466386554621849
2 0.9398148148148148 0.38130252100840334 0.044444444444444446 0.025210084033613446
2 0.24675925925925926 0.43119747899159666 0.04537037037037037 0.026260504201680673
0 0.37037037037037035 0.4327731092436975 0.10185185185185185 0.03361344537815126
2 0.5953703703703703 0.43119747899159666 0.044444444444444446 0.026260504201680673
0 0.7458333333333333 0.43119747899159666 0.15648148148148147 0.026260504201680673
2 0.9388888888888889 0.43119747899159666 0.046296296296296294 0.026260504201680673
0 0.11064814814814815 0.4322478991596639 0.08425925925925926 0.026260504201680673
0 0.14583333333333334 0.4810924369747899 0.15462962962962962 0.029411764705882353
0 0.39861111111111114 0.48161764705882354 0.16018518518518518 0.026260504201680673
2 0.5953703703703703 0.48161764705882354 0.044444444444444446 0.026260504201680673
0 0.7273148148148149 0.48266806722689076 0.1175925925925926 0.03046218487394958
2 0.9393518518518519 0.48161764705882354 0.04537037037037037 0.026260504201680673
0 0.12916666666666668 0.5330882352941176 0.12129629629629629 0.028361344537815126
2 0.2462962962962963 0.5309873949579832 0.04259259259259259 0.02415966386554622
0 0.4125 0.5320378151260504 0.18796296296296297 0.03466386554621849
2 0.5953703703703703 0.5309873949579832 0.044444444444444446 0.02415966386554622
0 0.725462962962963 0.5309873949579832 0.11574074074074074 0.02415966386554622
2 0.9398148148148148 0.5309873949579832 0.044444444444444446 0.02415966386554622
0 0.1425925925925926 0.5808823529411765 0.14814814814814814 0.031512605042016806
0 0.42314814814814816 0.5835084033613446 0.20555555555555555 0.032563025210084036
0 0.7162037037037037 0.5824579831932774 0.09537037037037037 0.03676470588235294
2 0.5953703703703703 0.5808823529411765 0.044444444444444446 0.025210084033613446
2 0.9398148148148148 0.5808823529411765 0.044444444444444446 0.025210084033613446
0 0.09722222222222222 0.6313025210084033 0.05740740740740741 0.0273109243697479
0 0.4439814814814815 0.6323529411764706 0.24722222222222223 0.029411764705882353
0 0.3912037037037037 0.6811974789915967 0.14166666666666666 0.028361344537815126
2 0.5953703703703703 0.680672268907563 0.044444444444444446 0.025210084033613446
0 0.725 0.7195378151260504 0.11296296296296296 0.03361344537815126
0 0.18194444444444444 0.7205882352941176 0.24166666666666667 0.029411764705882353
2 0.9453703703703704 0.7211134453781513 0.03333333333333333 0.02415966386554622
0 0.6995370370370371 0.7694327731092437 0.062037037037037036 0.03046218487394958
0 0.09490740740740741 0.7720588235294118 0.06944444444444445 0.03361344537815126
2 0.33055555555555555 0.7694327731092437 0.053703703703703705 0.026260504201680673
2 0.9398148148148148 0.770483193277311 0.044444444444444446 0.026260504201680673
0 0.7342592592592593 0.8198529411764706 0.12777777777777777 0.03046218487394958
2 0.9398148148148148 0.8209033613445378 0.044444444444444446 0.026260504201680673
0 0.736574074074074 0.8697478991596639 0.13240740740740742 0.031512605042016806
2 0.9398148148148148 0.8702731092436975 0.044444444444444446 0.02415966386554622
2 0.3314814814814815 0.720063025210084 0.053703703703703705 0.026260504201680673
1 0.20925925925925926 0.720063025210084 0.2962962962962963 0.028361344537815126
1 0.20416666666666666 0.7972689075630253 0.30462962962962964 0.07983193277310924
1 0.8166666666666667 0.7190126050420168 0.29444444444444445 0.032563025210084036
1 0.8148148148148148 0.7694327731092437 0.29444444444444445 0.032563025210084036
1 0.8175925925925925 0.8198529411764706 0.29444444444444445 0.032563025210084036
1 0.8166666666666667 0.868172268907563 0.29444444444444445 0.032563025210084036
2 0.24537037037037038 0.5814075630252101 0.04259259259259259 0.02415966386554622
2 0.24722222222222223 0.631827731092437 0.04259259259259259 0.02415966386554622
2 0.24722222222222223 0.48161764705882354 0.04259259259259259 0.02415966386554622
2 0.5972222222222222 0.6323529411764706 0.044444444444444446 0.025210084033613446
1 0.1685185185185185 0.23161764705882354 0.20185185185185187 0.02415966386554622
1 0.1685185185185185 0.2809873949579832 0.20185185185185187 0.02415966386554622
1 0.1675925925925926 0.3324579831932773 0.20185185185185187 0.02415966386554622
1 0.1675925925925926 0.38182773109243695 0.20185185185185187 0.02415966386554622
1 0.1685185185185185 0.4322478991596639 0.20185185185185187 0.02415966386554622
1 0.16898148148148148 0.4800420168067227 0.20277777777777778 0.029411764705882353
1 0.16620370370370371 0.5330882352941176 0.20092592592592592 0.028361344537815126
1 0.16805555555555557 0.5814075630252101 0.20277777777777778 0.03046218487394958
1 0.17083333333333334 0.6323529411764706 0.20277777777777778 0.029411764705882353
1 0.4689814814814815 0.23161764705882354 0.2972222222222222 0.02415966386554622
1 0.4689814814814815 0.38130252100840334 0.30092592592592593 0.031512605042016806
1 0.46805555555555556 0.3324579831932773 0.2972222222222222 0.02415966386554622
1 0.4671296296296296 0.2809873949579832 0.2972222222222222 0.02415966386554622
1 0.4689814814814815 0.4317226890756303 0.30092592592592593 0.031512605042016806
1 0.46805555555555556 0.5304621848739496 0.30092592592592593 0.031512605042016806
1 0.4708333333333333 0.5819327731092437 0.30092592592592593 0.031512605042016806
1 0.4689814814814815 0.4810924369747899 0.29907407407407405 0.025210084033613446
1 0.4708333333333333 0.6323529411764706 0.30092592592592593 0.031512605042016806
1 0.46805555555555556 0.6796218487394958 0.30092592592592593 0.031512605042016806
1 0.8134259259259259 0.6060924369747899 0.2953703703703704 0.08823529411764706
1 0.8157407407407408 0.23056722689075632 0.29444444444444445 0.026260504201680673
1 0.8157407407407408 0.4805672268907563 0.29444444444444445 0.026260504201680673
1 0.8148148148148148 0.3314075630252101 0.29444444444444445 0.026260504201680673
1 0.8138888888888889 0.42909663865546216 0.29444444444444445 0.026260504201680673
1 0.8148148148148148 0.529936974789916 0.29444444444444445 0.026260504201680673
1 0.8152777777777778 0.38182773109243695 0.2953703703703704 0.03466386554621849
1 0.8157407407407408 0.28308823529411764 0.29444444444444445 0.028361344537815126
0 0.8421296296296297 0.6302521008403361 0.08981481481481482 0.03571428571428571
0 0.7518518518518519 0.6313025210084033 0.07962962962962963 0.03361344537815126
0 0.6875 0.6297268907563025 0.049074074074074076 0.03046218487394958
0 0.08842592592592592 0.8182773109243697 0.06944444444444445 0.03361344537815126
0 0.26296296296296295 0.8230042016806722 0.08148148148148149 0.03676470588235294
0 0.16944444444444445 0.8224789915966386 0.08333333333333333 0.03361344537815126
0 0.14953703703703702 0.6323529411764706 0.04351851851851852 0.0273109243697479
0 0.20046296296296295 0.6302521008403361 0.028703703703703703 0.025210084033613446
