0 0.323943661971831 0.17391304347826086 0.22183098591549297 0.021151586368977675
0 0.875 0.1745005875440658 0.1795774647887324 0.0199764982373678
0 0.5774647887323944 0.17391304347826086 0.17253521126760563 0.01645123384253819
0 0.596830985915493 0.3396004700352526 0.2711267605633803 0.021151586368977675
0 0.8838028169014085 0.34136310223266747 0.15492957746478872 0.01762632197414806
0 0.2975352112676056 0.3425381903642773 0.08450704225352113 0.01762632197414806
0 0.2720070422535211 0.5405405405405406 0.16725352112676056 0.01880141010575793
0 0.8107394366197183 0.5399529964747356 0.12147887323943662 0.01762632197414806
0 0.5625 0.5411280846063454 0.18838028169014084 0.022326674500587545
0 0.28257042253521125 0.7256169212690952 0.1813380281690141 0.01762632197414806
0 0.8389084507042254 0.7244418331374853 0.14964788732394366 0.01762632197414806
0 0.5616197183098591 0.7238542890716804 0.2007042253521127 0.01645123384253819
0 0.5836267605633803 0.9030552291421856 0.198943661971831 0.0199764982373678
0 0.28257042253521125 0.9247943595769683 0.1637323943661972 0.01645123384253819
0 0.8591549295774648 0.9247943595769683 0.20422535211267606 0.01645123384253819
2 0.3890845070422535 0.3601645123384254 0.0880281690140845 0.01527614571092832
2 0.9119718309859155 0.19153936545240893 0.0880281690140845 0.01645123384253819
2 0.6285211267605634 0.19153936545240893 0.0880281690140845 0.01645123384253819
2 0.9216549295774648 0.3601645123384254 0.0897887323943662 0.01527614571092832
2 0.6848591549295775 0.3601645123384254 0.0880281690140845 0.01527614571092832
2 0.3908450704225352 0.19153936545240893 0.0880281690140845 0.01645123384253819
2 0.3996478873239437 0.5411280846063454 0.0880281690140845 0.01527614571092832
2 0.9524647887323944 0.7232667450058754 0.07746478873239436 0.01762632197414806
2 0.9295774647887324 0.5417156286721504 0.08450704225352113 0.01410105757931845
2 0.6963028169014085 0.5405405405405406 0.07922535211267606 0.01880141010575793
2 0.7033450704225352 0.7250293772032902 0.07922535211267606 0.01880141010575793
2 0.4119718309859155 0.7250293772032902 0.07394366197183098 0.01880141010575793
2 0.38204225352112675 0.9424206815511164 0.07394366197183098 0.01880141010575793
2 0.9524647887323944 0.9447708578143361 0.07394366197183098 0.01880141010575793
2 0.625 0.9412455934195064 0.07746478873239436 0.01645123384253819
1 0.30985915492957744 0.9330199764982373 0.2147887323943662 0.03525264394829612
1 0.5801056338028169 0.9230317273795534 0.20246478873239437 0.06227967097532315
1 0.8670774647887324 0.9353701527614571 0.2482394366197183 0.03760282021151586
1 0.31866197183098594 0.7244418331374853 0.2605633802816901 0.01762632197414806
1 0.6029929577464789 0.7250293772032902 0.2869718309859155 0.01880141010575793
1 0.8767605633802817 0.7226792009400705 0.2323943661971831 0.021151586368977675
1 0.31778169014084506 0.5411280846063454 0.25528169014084506 0.01762632197414806
1 0.602112676056338 0.5399529964747356 0.2711267605633803 0.022326674500587545
1 0.8600352112676056 0.5405405405405406 0.22359154929577466 0.01645123384253819
1 0.34507042253521125 0.3525264394829612 0.18309859154929578 0.03525264394829612
1 0.6003521126760564 0.3472385428907168 0.2640845070422535 0.038777908343125736
1 0.8846830985915493 0.3495887191539365 0.1637323943661972 0.038777908343125736
1 0.3230633802816901 0.1809635722679201 0.22711267605633803 0.0399529964747356
1 0.5845070422535211 0.1809635722679201 0.1936619718309859 0.03760282021151586
1 0.8767605633802817 0.18037602820211515 0.18661971830985916 0.036427732079905996
0 0.5818661971830986 0.9253819036427732 0.13556338028169015 0.01762632197414806
