0 0.8327464788732394 0.13043478260869565 0.14788732394366197 0.021151586368977675
0 0.2878521126760563 0.15158636897767333 0.17781690140845072 0.021151586368977675
0 0.5933098591549296 0.1509988249118684 0.22887323943661972 0.022326674500587545
0 0.33274647887323944 0.2978848413631022 0.16901408450704225 0.022326674500587545
0 0.6056338028169014 0.2984723854289072 0.16901408450704225 0.01880141010575793
0 0.8644366197183099 0.3196239717978848 0.2605633802816901 0.023501762632197415
0 0.289612676056338 0.47297297297297297 0.1637323943661972 0.022326674500587545
0 0.5977112676056338 0.47473560517038776 0.2130281690140845 0.021151586368977675
0 0.8529929577464789 0.4764982373678026 0.24471830985915494 0.024676850763807285
0 0.8679577464788732 0.6263219741480611 0.2112676056338028 0.021151586368977675
0 0.6047535211267606 0.6292596944770857 0.2482394366197183 0.024676850763807285
0 0.30985915492957744 0.6316098707403055 0.22183098591549297 0.022326674500587545
0 0.31866197183098594 0.781433607520564 0.22183098591549297 0.021151586368977675
0 0.5801056338028169 0.782021151586369 0.20598591549295775 0.0199764982373678
0 0.8133802816901409 0.782021151586369 0.14788732394366197 0.0199764982373678
0 0.3926056338028169 0.918918918918919 0.2746478873239437 0.021151586368977675
0 0.7878521126760564 0.9171562867215041 0.22711267605633803 0.0199764982373678
2 0.8776408450704225 0.9341950646298472 0.07922535211267606 0.01645123384253819
2 0.6892605633802817 0.8014101057579318 0.07922535211267606 0.01645123384253819
2 0.9392605633802817 0.781433607520564 0.07922535211267606 0.01645123384253819
2 0.4727112676056338 0.936545240893067 0.07922535211267606 0.01645123384253819
2 0.39172535211267606 0.6486486486486487 0.07922535211267606 0.01645123384253819
2 0.6681338028169014 0.6474735605170387 0.07922535211267606 0.01645123384253819
2 0.9427816901408451 0.645123384253819 0.07922535211267606 0.01645123384253819
2 0.4005281690140845 0.800235017626322 0.07922535211267606 0.01645123384253819
1 0.3926056338028169 0.9277320799059929 0.2746478873239437 0.041128084606345476
1 0.7966549295774648 0.9253819036427732 0.24119718309859156 0.036427732079905996
1 0.3230633802816901 0.7890716803760282 0.2306338028169014 0.041128084606345476
1 0.6056338028169014 0.7914218566392479 0.25704225352112675 0.041128084606345476
1 0.8626760563380281 0.782608695652174 0.24295774647887325 0.023501762632197415
1 0.31514084507042256 0.6398354876615746 0.23943661971830985 0.043478260869565216
1 0.6056338028169014 0.63572267920094 0.2535211267605634 0.0399529964747356
2 0.9269366197183099 0.49236192714453586 0.07922535211267606 0.01645123384253819
2 0.4163732394366197 0.47473560517038776 0.07922535211267606 0.01645123384253819
2 0.6540492957746479 0.491186839012926 0.07922535211267606 0.01645123384253819
1 0.8732394366197183 0.6351351351351351 0.22183098591549297 0.038777908343125736
2 0.6610915492957746 0.33490011750881316 0.07922535211267606 0.01645123384253819
1 0.5950704225352113 0.4811985898942421 0.2112676056338028 0.038777908343125736
1 0.3301056338028169 0.46474735605170386 0.2517605633802817 0.038777908343125736
1 0.852112676056338 0.48237367802585196 0.2535211267605634 0.038777908343125736
2 0.9630281690140845 0.1492361927144536 0.07042253521126761 0.01410105757931845
2 0.4198943661971831 0.1492361927144536 0.07922535211267606 0.01645123384253819
2 0.6857394366197183 0.1692126909518214 0.07922535211267606 0.01645123384253819
2 0.920774647887324 0.33607520564042304 0.08450704225352113 0.01410105757931845
2 0.386443661971831 0.3372502937720329 0.07922535211267606 0.01645123384253819
1 0.31954225352112675 0.31609870740305523 0.22007042253521128 0.06110458284371328
1 0.608274647887324 0.31609870740305523 0.1954225352112676 0.06110458284371328
1 0.8600352112676056 0.32608695652173914 0.26936619718309857 0.036427732079905996
1 0.32922535211267606 0.14218566392479437 0.2605633802816901 0.0399529964747356
1 0.6038732394366197 0.16039952996474735 0.25 0.041128084606345476
1 0.8697183098591549 0.1410105757931845 0.2605633802816901 0.04465334900117509
0 0.2869718309859155 0.4535840188014101 0.13380281690140844 0.01645123384253819
0 0.3257042253521127 0.3172737955346651 0.1795774647887324 0.01880141010575793
0 0.6038732394366197 0.3172737955346651 0.16901408450704225 0.01880141010575793
0 0.8327464788732394 0.15041128084606345 0.1936619718309859 0.01880141010575793
0 0.2860915492957746 0.13043478260869565 0.1426056338028169 0.01645123384253819
