0 0.24559859154929578 0.172737955346651 0.0721830985915493 0.01645123384253819
0 0.5334507042253521 0.17215041128084607 0.22183098591549297 0.01527614571092832
0 0.8741197183098591 0.172737955346651 0.051056338028169015 0.01645123384253819
0 0.3001760563380282 0.3390129259694477 0.17781690140845072 0.0199764982373678
0 0.840669014084507 0.3401880141010576 0.14612676056338028 0.01527614571092832
0 0.5836267605633803 0.3407755581668625 0.1426056338028169 0.01645123384253819
0 0.38028169014084506 0.3619271445358402 0.07394366197183098 0.021151586368977675
0 0.32922535211267606 0.5317273795534665 0.24295774647887325 0.0199764982373678
0 0.5994718309859155 0.5311398354876615 0.24119718309859156 0.021151586368977675
0 0.29313380281690143 0.5511163337250293 0.07922535211267606 0.01880141010575793
0 0.5580985915492958 0.5505287896592245 0.07746478873239436 0.01762632197414806
0 0.8265845070422535 0.5511163337250293 0.0897887323943662 0.01880141010575793
0 0.9075704225352113 0.7138660399529965 0.061619718309859156 0.0199764982373678
0 0.35827464788732394 0.7150411280846063 0.301056338028169 0.0199764982373678
0 0.6936619718309859 0.7150411280846063 0.3028169014084507 0.0199764982373678
0 0.30369718309859156 0.7350176263219741 0.0721830985915493 0.022326674500587545
0 0.6294014084507042 0.7344300822561692 0.07570422535211267 0.01880141010575793
2 0.9066901408450704 0.7326674500587544 0.07746478873239436 0.0199764982373678
0 0.3591549295774648 0.9118683901292597 0.2992957746478873 0.01880141010575793
0 0.6936619718309859 0.9118683901292597 0.3028169014084507 0.01880141010575793
0 0.30985915492957744 0.9318448883666275 0.08450704225352113 0.023501762632197415
0 0.6487676056338029 0.9318448883666275 0.0897887323943662 0.021151586368977675
2 0.38204225352112675 0.736192714453584 0.07746478873239436 0.0199764982373678
2 0.7139084507042254 0.7332549941245593 0.08626760563380281 0.01880141010575793
2 0.38028169014084506 0.5517038777908343 0.0880281690140845 0.01762632197414806
2 0.9172535211267606 0.5505287896592245 0.0880281690140845 0.01762632197414806
2 0.6461267605633803 0.5517038777908343 0.0880281690140845 0.01762632197414806
2 0.7015845070422535 0.3396004700352526 0.07922535211267606 0.01880141010575793
2 0.43661971830985913 0.3390129259694477 0.0880281690140845 0.01762632197414806
2 0.9586267605633803 0.3384253819036428 0.07922535211267606 0.01880141010575793
2 0.9533450704225352 0.17391304347826086 0.07922535211267606 0.01880141010575793
2 0.6892605633802817 0.17038777908343125 0.07922535211267606 0.01880141010575793
2 0.3248239436619718 0.172737955346651 0.07922535211267606 0.01880141010575793
1 0.2878521126760563 0.172737955346651 0.15669014084507044 0.01880141010575793
1 0.5757042253521126 0.17156286721504113 0.30633802816901406 0.01880141010575793
1 0.9198943661971831 0.17508813160987075 0.14612676056338028 0.01880141010575793
1 0.3477112676056338 0.35135135135135137 0.2764084507042254 0.04700352526439483
1 0.6258802816901409 0.3407755581668625 0.23415492957746478 0.023501762632197415
1 0.8829225352112676 0.3419506462984724 0.23415492957746478 0.025851938895417155
1 0.3301056338028169 0.5423031727379554 0.2482394366197183 0.041128084606345476
0 0.863556338028169 0.5299647473560517 0.24119718309859156 0.021151586368977675
1 0.6003521126760564 0.5417156286721504 0.24647887323943662 0.0399529964747356
1 0.8626760563380281 0.5405405405405406 0.24647887323943662 0.0399529964747356
1 0.3573943661971831 0.7244418331374853 0.3028169014084507 0.041128084606345476
1 0.6936619718309859 0.7256169212690952 0.3028169014084507 0.041128084606345476
1 0.9066901408450704 0.7215041128084606 0.08098591549295775 0.04230317273795535
1 0.6954225352112676 0.9206815511163338 0.30985915492957744 0.036427732079905996
2 0.7420774647887324 0.9330199764982373 0.0897887323943662 0.021151586368977675
2 0.4110915492957746 0.9306698002350177 0.09683098591549295 0.01880141010575793
1 0.3609154929577465 0.9224441833137486 0.3028169014084507 0.04230317273795535
0 0.2764084507042254 0.3625146886016451 0.13380281690140844 0.0199764982373678
