0 0.31514084507042256 0.172737955346651 0.23591549295774647 0.01880141010575793
0 0.5536971830985915 0.172737955346651 0.17781690140845072 0.01880141010575793
0 0.8257042253521126 0.1745005875440658 0.176056338028169 0.01762632197414806
0 0.2975352112676056 0.3419506462984724 0.20774647887323944 0.01880141010575793
2 0.3573943661971831 0.3589894242068155 0.07746478873239436 0.01527614571092832
0 0.5572183098591549 0.34136310223266747 0.18838028169014084 0.01762632197414806
0 0.8274647887323944 0.34136310223266747 0.17253521126760563 0.0199764982373678
0 0.8626760563380281 0.5070505287896592 0.25 0.022326674500587545
0 0.3019366197183099 0.5088131609870741 0.2306338028169014 0.021151586368977675
0 0.5845070422535211 0.5088131609870741 0.2323943661971831 0.01880141010575793
0 0.301056338028169 0.6756756756756757 0.20774647887323944 0.01880141010575793
0 0.5695422535211268 0.6768507638072856 0.2306338028169014 0.01880141010575793
0 0.8169014084507042 0.6756756756756757 0.176056338028169 0.021151586368977675
2 0.3899647887323944 0.6938895417156287 0.07922535211267606 0.01762632197414806
0 0.3019366197183099 0.8437132784958872 0.20246478873239437 0.021151586368977675
0 0.6875 0.9030552291421856 0.2130281690140845 0.01762632197414806
2 0.7772887323943662 0.9200940070505288 0.07922535211267606 0.01645123384253819
2 0.3987676056338028 0.8625146886016452 0.07922535211267606 0.01645123384253819
2 0.9445422535211268 0.6768507638072856 0.08626760563380281 0.01880141010575793
2 0.6716549295774648 0.6938895417156287 0.07922535211267606 0.01762632197414806
2 0.6751760563380281 0.5258519388954171 0.07922535211267606 0.01762632197414806
2 0.9410211267605634 0.527027027027027 0.07922535211267606 0.01762632197414806
2 0.3829225352112676 0.5282021151586369 0.07922535211267606 0.01762632197414806
2 0.9471830985915493 0.34136310223266747 0.07746478873239436 0.01527614571092832
2 0.6919014084507042 0.34136310223266747 0.07746478873239436 0.01527614571092832
2 0.4154929577464789 0.19212690951821387 0.07746478873239436 0.01527614571092832
2 0.6813380281690141 0.17332549941245592 0.07746478873239436 0.01527614571092832
2 0.954225352112676 0.17332549941245592 0.07746478873239436 0.01527614571092832
1 0.3257042253521127 0.18155111633372503 0.2676056338028169 0.03407755581668625
1 0.5924295774647887 0.17332549941245592 0.25880281690140844 0.0199764982373678
1 0.8661971830985915 0.17332549941245592 0.2605633802816901 0.01762632197414806
1 0.2975352112676056 0.3507638072855464 0.20774647887323944 0.038777908343125736
1 0.5959507042253521 0.34136310223266747 0.272887323943662 0.01762632197414806
1 0.8661971830985915 0.34136310223266747 0.25 0.01762632197414806
1 0.30633802816901406 0.5158636897767332 0.23943661971830985 0.03525264394829612
1 0.5915492957746479 0.518213866039953 0.2535211267605634 0.0399529964747356
1 0.8600352112676056 0.5164512338425382 0.25528169014084506 0.041128084606345476
1 0.3142605633802817 0.6844888366627497 0.23415492957746478 0.038777908343125736
1 0.585387323943662 0.6833137485311398 0.25528169014084506 0.036427732079905996
1 0.8591549295774648 0.6750881316098707 0.2676056338028169 0.0199764982373678
1 0.31866197183098594 0.8507638072855465 0.23943661971830985 0.0399529964747356
1 0.7015845070422535 0.9130434782608695 0.24119718309859156 0.03525264394829612
