0 0.829225352112676 0.23325499412455933 0.24647887323943662 0.01762632197414806
0 0.40580985915492956 0.23501762632197415 0.23767605633802816 0.01880141010575793
2 0.49119718309859156 0.25146886016451236 0.09154929577464789 0.01880141010575793
2 0.9119718309859155 0.2520564042303173 0.09507042253521127 0.01762632197414806
0 0.3767605633802817 0.42596944770857814 0.23943661971830985 0.0199764982373678
0 0.8098591549295775 0.42596944770857814 0.23943661971830985 0.01762632197414806
2 0.4647887323943662 0.44242068155111636 0.0880281690140845 0.01762632197414806
0 0.829225352112676 0.5863689776733255 0.24647887323943662 0.01880141010575793
2 0.8072183098591549 0.6286721504112809 0.0897887323943662 0.01645123384253819
0 0.3301056338028169 0.7855464159811986 0.23767605633802816 0.024676850763807285
2 0.3301056338028169 0.8419506462984724 0.0897887323943662 0.01762632197414806
2 0.9330985915492958 0.4435957696827262 0.09507042253521127 0.01762632197414806
1 0.4119718309859155 0.24206815511163338 0.25704225352112675 0.03525264394829612
1 0.8318661971830986 0.2444183313748531 0.2623239436619718 0.0399529964747356
1 0.3301056338028169 0.8137485311398355 0.23767605633802816 0.08343125734430082
1 0.3829225352112676 0.43537015276145713 0.25528169014084506 0.03407755581668625
1 0.8283450704225352 0.6075205640423031 0.2482394366197183 0.06110458284371328
1 0.8345070422535211 0.43419506462984725 0.29577464788732394 0.036427732079905996
