0 0.2711267605633803 0.15334900117508812 0.15845070422535212 0.022326674500587545
0 0.596830985915493 0.15334900117508812 0.28169014084507044 0.022326674500587545
2 0.3846830985915493 0.15393654524089306 0.07922535211267606 0.01645123384253819
0 0.5642605633802817 0.31433607520564044 0.20246478873239437 0.0199764982373678
0 0.8186619718309859 0.31433607520564044 0.1795774647887324 0.01762632197414806
0 0.2772887323943662 0.31433607520564044 0.14612676056338028 0.01762632197414806
0 0.2772887323943662 0.4882491186839013 0.1637323943661972 0.0199764982373678
0 0.5563380281690141 0.4888366627497062 0.19718309859154928 0.021151586368977675
0 0.8626760563380281 0.4888366627497062 0.25 0.025851938895417155
0 0.2746478873239437 0.6433607520564042 0.1619718309859155 0.01762632197414806
0 0.545774647887324 0.6439482961222092 0.16901408450704225 0.01880141010575793
0 0.8389084507042254 0.645123384253819 0.3045774647887324 0.021151586368977675
0 0.6126760563380281 0.8084606345475911 0.19718309859154928 0.021151586368977675
2 0.9181338028169014 0.6615746180963572 0.07922535211267606 0.01645123384253819
0 0.8741197183098591 0.8084606345475911 0.22359154929577466 0.023501762632197415
0 0.3529929577464789 0.8043478260869565 0.29401408450704225 0.022326674500587545
2 0.9427816901408451 0.8237367802585194 0.08274647887323944 0.01410105757931845
0 0.47975352112676056 0.9406580493537016 0.11443661971830986 0.01762632197414806
0 0.8133802816901409 0.9418331374853114 0.17253521126760563 0.022326674500587545
2 0.4507042253521127 0.8237367802585194 0.08450704225352113 0.01410105757931845
2 0.5466549295774648 0.9588719153936546 0.07922535211267606 0.01880141010575793
2 0.7095070422535211 0.8237367802585194 0.08450704225352113 0.01410105757931845
2 0.9436619718309859 0.9418331374853114 0.08450704225352113 0.01762632197414806
2 0.3961267605633803 0.6427732079905993 0.08450704225352113 0.01410105757931845
2 0.6355633802816901 0.6609870740305523 0.08450704225352113 0.01527614571092832
2 0.39436619718309857 0.4864864864864865 0.08450704225352113 0.01410105757931845
2 0.6883802816901409 0.4864864864864865 0.08450704225352113 0.01410105757931845
2 0.9436619718309859 0.5052878965922444 0.08450704225352113 0.01410105757931845
1 0.5044014084507042 0.9477085781433607 0.17077464788732394 0.03407755581668625
1 0.858274647887324 0.9430082256169212 0.25528169014084506 0.022326674500587545
1 0.6355633802816901 0.8160987074030552 0.24647887323943662 0.036427732079905996
1 0.352112676056338 0.8108108108108109 0.29577464788732394 0.03525264394829612
1 0.8741197183098591 0.8160987074030552 0.22007042253521128 0.043478260869565216
2 0.9524647887323944 0.3137485311398355 0.08450704225352113 0.01410105757931845
2 0.3908450704225352 0.3137485311398355 0.08450704225352113 0.01410105757931845
2 0.6408450704225352 0.3325499412455934 0.08450704225352113 0.01410105757931845
1 0.31514084507042256 0.4870740305522914 0.23943661971830985 0.0199764982373678
1 0.31690140845070425 0.6439482961222092 0.24647887323943662 0.021151586368977675
1 0.5959507042253521 0.48766157461809634 0.2764084507042254 0.023501762632197415
1 0.8653169014084507 0.49588719153936545 0.2517605633802817 0.0399529964747356
1 0.5704225352112676 0.6521739130434783 0.21830985915492956 0.03760282021151586
1 0.8424295774647887 0.6509988249118684 0.301056338028169 0.03525264394829612
0 0.8494718309859155 0.15569917743830788 0.20598591549295775 0.022326674500587545
2 0.9524647887323944 0.17156286721504113 0.07746478873239436 0.01410105757931845
2 0.6892605633802817 0.17156286721504113 0.07922535211267606 0.01645123384253819
1 0.30985915492957744 0.15276145710928318 0.23943661971830985 0.023501762632197415
1 0.5977112676056338 0.1609870740305523 0.27992957746478875 0.0399529964747356
1 0.8732394366197183 0.16157461809635723 0.25 0.03172737955346651
1 0.3221830985915493 0.31551116333725027 0.23591549295774647 0.01762632197414806
1 0.5713028169014085 0.32314923619271446 0.22711267605633803 0.04230317273795535
1 0.863556338028169 0.31551116333725027 0.272887323943662 0.0199764982373678
