0 0.2869718309859155 0.2673325499412456 0.18661971830985916 0.022326674500587545
0 0.8221830985915493 0.2696827262044653 0.18309859154929578 0.022326674500587545
0 0.5765845070422535 0.26850763807285544 0.2306338028169014 0.0199764982373678
2 0.6575704225352113 0.28672150411280845 0.07570422535211267 0.01645123384253819
0 0.8125 0.46768507638072854 0.2517605633802817 0.021151586368977675
0 0.3767605633802817 0.4712103407755582 0.2323943661971831 0.021151586368977675
2 0.8943661971830986 0.48766157461809634 0.07746478873239436 0.01645123384253819
0 0.8309859154929577 0.6739130434782609 0.2746478873239437 0.022326674500587545
0 0.4040492957746479 0.6739130434782609 0.2658450704225352 0.022326674500587545
2 0.4903169014084507 0.6933019976498237 0.07922535211267606 0.01645123384253819
0 0.40316901408450706 0.8965922444183314 0.2711267605633803 0.023501762632197415
0 0.8177816901408451 0.8977673325499412 0.34683098591549294 0.021151586368977675
2 0.4903169014084507 0.9153936545240893 0.07922535211267606 0.01645123384253819
2 0.9392605633802817 0.28672150411280845 0.07570422535211267 0.01645123384253819
2 0.3899647887323944 0.2878965922444183 0.07570422535211267 0.01645123384253819
2 0.926056338028169 0.6933019976498237 0.07746478873239436 0.01645123384253819
2 0.4524647887323944 0.4900117508813161 0.07746478873239436 0.01645123384253819
1 0.31514084507042256 0.27614571092831963 0.24295774647887325 0.0399529964747356
1 0.5801056338028169 0.2790834312573443 0.23767605633802816 0.043478260869565216
1 0.8565140845070423 0.2779083431257344 0.2517605633802817 0.041128084606345476
1 0.3767605633802817 0.4800235017626322 0.23591549295774647 0.038777908343125736
1 0.8133802816901409 0.47473560517038776 0.2535211267605634 0.0399529964747356
2 0.8987676056338029 0.9165687426556992 0.07922535211267606 0.01645123384253819
1 0.4005281690140845 0.9071680376028202 0.26936619718309857 0.04700352526439483
1 0.8160211267605634 0.9048178613396005 0.3397887323943662 0.03525264394829612
1 0.4040492957746479 0.6827262044653349 0.26936619718309857 0.0399529964747356
1 0.8336267605633803 0.68213866039953 0.2764084507042254 0.041128084606345476
