0 0.8274647887323944 0.22267920094007052 0.10915492957746478 0.0199764982373678
0 0.26672535211267606 0.2209165687426557 0.14612676056338028 0.01880141010575793
0 0.539612676056338 0.22267920094007052 0.15316901408450703 0.0199764982373678
2 0.9278169014084507 0.22267920094007052 0.09154929577464789 0.01762632197414806
0 0.2737676056338028 0.42655699177438305 0.13556338028169015 0.01880141010575793
0 0.551056338028169 0.42655699177438305 0.19014084507042253 0.021151586368977675
0 0.8274647887323944 0.427144535840188 0.17253521126760563 0.01762632197414806
0 0.28257042253521125 0.6486486486486487 0.1742957746478873 0.021151586368977675
0 0.5563380281690141 0.6498237367802585 0.18309859154929578 0.01880141010575793
0 0.8309859154929577 0.6515863689776733 0.19014084507042253 0.0199764982373678
0 0.511443661971831 0.9071680376028202 0.13556338028169015 0.01645123384253819
2 0.6338028169014085 0.9077555816686251 0.09154929577464789 0.0199764982373678
2 0.9551056338028169 0.427144535840188 0.07922535211267606 0.01527614571092832
2 0.38380281690140844 0.22150411280846063 0.09154929577464789 0.01762632197414806
2 0.6619718309859155 0.22150411280846063 0.09154929577464789 0.01762632197414806
2 0.40757042253521125 0.6492361927144535 0.07922535211267606 0.01527614571092832
2 0.6857394366197183 0.427144535840188 0.07922535211267606 0.01527614571092832
2 0.3829225352112676 0.42479435957696826 0.07922535211267606 0.01527614571092832
2 0.6875 0.6504112808460635 0.07922535211267606 0.01527614571092832
2 0.960387323943662 0.6492361927144535 0.07922535211267606 0.01527614571092832
1 0.5633802816901409 0.9065804935370153 0.23591549295774647 0.01762632197414806
1 0.32130281690140844 0.6468860164512339 0.25880281690140844 0.024676850763807285
1 0.6003521126760564 0.6498237367802585 0.2746478873239437 0.021151586368977675
1 0.8688380281690141 0.6492361927144535 0.2623239436619718 0.024676850763807285
1 0.31778169014084506 0.427144535840188 0.22007042253521128 0.01762632197414806
1 0.5915492957746479 0.42596944770857814 0.27816901408450706 0.0199764982373678
1 0.8661971830985915 0.4283196239717979 0.2535211267605634 0.01527614571092832
1 0.31161971830985913 0.22150411280846063 0.23943661971830985 0.01762632197414806
1 0.585387323943662 0.2209165687426557 0.24471830985915494 0.01880141010575793
1 0.8732394366197183 0.22209165687426558 0.20422535211267606 0.021151586368977675
