0 0.5369718309859155 0.19212690951821387 0.20422535211267606 0.022326674500587545
0 0.25528169014084506 0.1956521739130435 0.13028169014084506 0.0199764982373678
0 0.8204225352112676 0.19330199764982373 0.3345070422535211 0.022326674500587545
0 0.5977112676056338 0.41539365452408933 0.1813380281690141 0.0199764982373678
0 0.8538732394366197 0.41539365452408933 0.2640845070422535 0.01762632197414806
0 0.31690140845070425 0.43595769682726204 0.23591549295774647 0.023501762632197415
0 0.4251760563380282 0.63689776733255 0.23415492957746478 0.021151586368977675
0 0.8036971830985915 0.6374853113983548 0.2482394366197183 0.0199764982373678
0 0.6065140845070423 0.8484136310223267 0.16725352112676056 0.01880141010575793
0 0.33186619718309857 0.8490011750881316 0.1742957746478873 0.0199764982373678
0 0.8714788732394366 0.8695652173913043 0.23591549295774647 0.025851938895417155
2 0.9419014084507042 0.8883666274970623 0.08450704225352113 0.01645123384253819
2 0.9119718309859155 0.6780258519388954 0.08450704225352113 0.01645123384253819
2 0.41725352112676056 0.8883666274970623 0.08450704225352113 0.01645123384253819
2 0.704225352112676 0.8883666274970623 0.07746478873239436 0.01645123384253819
2 0.4964788732394366 0.6780258519388954 0.08450704225352113 0.01645123384253819
2 0.9242957746478874 0.4535840188014101 0.08450704225352113 0.01645123384253819
1 0.3477112676056338 0.8689776733254995 0.22007042253521128 0.05992949471210341
1 0.6285211267605634 0.8672150411280846 0.24295774647887325 0.05875440658049354
1 0.8697183098591549 0.8766157461809636 0.24295774647887325 0.04230317273795535
2 0.42077464788732394 0.4535840188014101 0.08450704225352113 0.01645123384253819
2 0.6954225352112676 0.45475910693301996 0.08450704225352113 0.01645123384253819
2 0.5915492957746479 0.21151586368977673 0.08450704225352113 0.01645123384253819
1 0.4242957746478873 0.6562867215041128 0.23591549295774647 0.05992949471210341
1 0.8195422535211268 0.6580493537015276 0.2764084507042254 0.06345475910693302
1 0.33274647887323944 0.44477085781433606 0.2676056338028169 0.043478260869565216
1 0.6109154929577465 0.4336075205640423 0.24647887323943662 0.06110458284371328
1 0.8556338028169014 0.4336075205640423 0.2640845070422535 0.05875440658049354
2 0.9330985915492958 0.21269095182138661 0.08450704225352113 0.01645123384253819
2 0.33098591549295775 0.21269095182138661 0.08450704225352113 0.01645123384253819
1 0.28433098591549294 0.20270270270270271 0.18838028169014084 0.038777908343125736
1 0.5369718309859155 0.20152761457109283 0.20422535211267606 0.041128084606345476
1 0.8248239436619719 0.20211515863689777 0.3397887323943662 0.0399529964747356
0 0.6029929577464789 0.43654524089306695 0.20246478873239437 0.01762632197414806
0 0.8547535211267606 0.43537015276145713 0.1813380281690141 0.01762632197414806
0 0.8036971830985915 0.6586368977673326 0.2482394366197183 0.0199764982373678
0 0.43309859154929575 0.6586368977673326 0.13732394366197184 0.01762632197414806
0 0.3283450704225352 0.8689776733254995 0.1813380281690141 0.01527614571092832
0 0.5994718309859155 0.8689776733254995 0.1813380281690141 0.01762632197414806
