0 0.30721830985915494 0.19741480611045828 0.2306338028169014 0.021151586368977675
0 0.5501760563380281 0.19800235017626322 0.13908450704225353 0.0199764982373678
2 0.3996478873239437 0.21504112808460635 0.07746478873239436 0.01645123384253819
0 0.8177816901408451 0.19741480611045828 0.198943661971831 0.01410105757931845
0 0.2737676056338028 0.36662749706227965 0.16725352112676056 0.021151586368977675
0 0.545774647887324 0.3654524089306698 0.1619718309859155 0.01880141010575793
0 0.8257042253521126 0.36486486486486486 0.1443661971830986 0.022326674500587545
0 0.31161971830985913 0.5334900117508813 0.19014084507042253 0.023501762632197415
0 0.6029929577464789 0.5323149236192715 0.22711267605633803 0.021151586368977675
0 0.8125 0.5334900117508813 0.12147887323943662 0.01880141010575793
0 0.5783450704225352 0.699177438307873 0.18838028169014084 0.023501762632197415
0 0.2720070422535211 0.700940070505288 0.11091549295774648 0.0199764982373678
2 0.397887323943662 0.699177438307873 0.07746478873239436 0.01645123384253819
0 0.8257042253521126 0.700352526439483 0.1443661971830986 0.01880141010575793
0 0.545774647887324 0.9353701527614571 0.17253521126760563 0.01880141010575793
2 0.9436619718309859 0.699177438307873 0.07746478873239436 0.01645123384253819
2 0.698943661971831 0.7191539365452408 0.07746478873239436 0.01645123384253819
2 0.670774647887324 0.9341950646298472 0.07746478873239436 0.01645123384253819
2 0.9392605633802817 0.5323149236192715 0.07922535211267606 0.01645123384253819
2 0.6795774647887324 0.5475910693301997 0.07746478873239436 0.01645123384253819
2 0.44014084507042256 0.5311398354876615 0.07746478873239436 0.01645123384253819
1 0.5880281690140845 0.9341950646298472 0.2535211267605634 0.01880141010575793
1 0.3283450704225352 0.700940070505288 0.22711267605633803 0.022326674500587545
1 0.6126760563380281 0.7074030552291422 0.25704225352112675 0.0399529964747356
1 0.8679577464788732 0.6985898942420682 0.22535211267605634 0.0199764982373678
2 0.9419014084507042 0.36427732079905994 0.07746478873239436 0.01645123384253819
1 0.8688380281690141 0.5352526439482961 0.2306338028169014 0.022326674500587545
2 0.6848591549295775 0.36427732079905994 0.07746478873239436 0.01645123384253819
2 0.40492957746478875 0.38307873090481787 0.07746478873239436 0.01645123384253819
1 0.31690140845070425 0.37426556991774385 0.25704225352112675 0.038777908343125736
1 0.5959507042253521 0.3654524089306698 0.2623239436619718 0.021151586368977675
1 0.8688380281690141 0.36486486486486486 0.23415492957746478 0.022326674500587545
2 0.9577464788732394 0.19741480611045828 0.07746478873239436 0.01645123384253819
2 0.670774647887324 0.19623971797884843 0.07746478873239436 0.01645123384253819
1 0.31690140845070425 0.2056404230317274 0.2535211267605634 0.0399529964747356
1 0.5933098591549296 0.19800235017626322 0.22887323943661972 0.0199764982373678
1 0.8547535211267606 0.19682726204465334 0.2834507042253521 0.01762632197414806
1 0.6056338028169014 0.5387779083431258 0.22887323943661972 0.036427732079905996
1 0.3459507042253521 0.5317273795534665 0.2658450704225352 0.02702702702702703
