0 0.2975352112676056 0.17156286721504113 0.21830985915492956 0.021151586368977675
0 0.5897887323943662 0.17332549941245592 0.24295774647887325 0.0199764982373678
2 0.41901408450704225 0.19153936545240893 0.07746478873239436 0.01645123384253819
0 0.8301056338028169 0.172737955346651 0.18485915492957747 0.01880141010575793
0 0.31161971830985913 0.3407755581668625 0.2323943661971831 0.023501762632197415
2 0.9559859154929577 0.3584018801410106 0.07746478873239436 0.01880141010575793
0 0.551056338028169 0.3419506462984724 0.176056338028169 0.021151586368977675
0 0.8565140845070423 0.3396004700352526 0.2764084507042254 0.01645123384253819
0 0.8670774647887324 0.5217391304347826 0.20246478873239437 0.021151586368977675
0 0.3371478873239437 0.5405405405405406 0.301056338028169 0.01645123384253819
0 0.5959507042253521 0.5411280846063454 0.19190140845070422 0.024676850763807285
0 0.5801056338028169 0.7561692126909518 0.22711267605633803 0.0199764982373678
2 0.5695422535211268 0.8219741480611046 0.17077464788732394 0.036427732079905996
0 0.41901408450704225 0.9206815511163338 0.11267605633802817 0.01762632197414806
0 0.7279929577464789 0.9236192714453584 0.11443661971830986 0.023501762632197415
2 0.9410211267605634 0.1891891891891892 0.07570422535211267 0.01645123384253819
2 0.6883802816901409 0.19153936545240893 0.07746478873239436 0.01645123384253819
2 0.9436619718309859 0.5616921269095182 0.07746478873239436 0.01880141010575793
2 0.4022887323943662 0.3607520564042303 0.07922535211267606 0.01880141010575793
2 0.6698943661971831 0.3419506462984724 0.07922535211267606 0.01880141010575793
2 0.4128521126760563 0.5593419506462984 0.07922535211267606 0.01880141010575793
2 0.6452464788732394 0.5593419506462984 0.07922535211267606 0.01880141010575793
2 0.676056338028169 0.7761457109283196 0.09154929577464789 0.0199764982373678
1 0.5765845070422535 0.8713278495887191 0.4278169014084507 0.12808460634547592
1 0.5924295774647887 0.7649823736780259 0.2623239436619718 0.03760282021151586
1 0.3371478873239437 0.5505287896592245 0.301056338028169 0.03172737955346651
1 0.5959507042253521 0.5481786133960047 0.18838028169014084 0.038777908343125736
1 0.8767605633802817 0.5417156286721504 0.21830985915492956 0.05875440658049354
1 0.3221830985915493 0.3507638072855464 0.2535211267605634 0.041128084606345476
1 0.5880281690140845 0.34136310223266747 0.25 0.022326674500587545
1 0.858274647887324 0.3501762632197415 0.27992957746478875 0.0399529964747356
1 0.3221830985915493 0.1792009400705053 0.27816901408450706 0.043478260869565216
1 0.5994718309859155 0.1792009400705053 0.2658450704225352 0.043478260869565216
1 0.8600352112676056 0.1809635722679201 0.25528169014084506 0.0399529964747356
0 0.8688380281690141 0.5423031727379554 0.1426056338028169 0.0199764982373678
