0 0.5945 0.3935 0.065 0.019
2 0.74 0.364 0.022 0.02
0 0.3495 0.5095 0.073 0.019
0 0.3895 0.587 0.161 0.022
0 0.5925 0.4135 0.065 0.019
2 0.743 0.304 0.022 0.02
2 0.735 0.423 0.022 0.02
2 0.741 0.324 0.02 0.018
2 0.74 0.344 0.022 0.02
2 0.737 0.382 0.022 0.02
2 0.739 0.402 0.022 0.02
0 0.5935 0.3745 0.065 0.019
0 0.63 0.338 0.13 0.02
0 0.602 0.3535 0.078 0.017
0 0.629 0.318 0.13 0.02
0 0.6 0.297 0.068 0.022
2 0.5045 0.69 0.031 0.018
2 0.5055 0.671 0.031 0.018
2 0.5075 0.65 0.031 0.018
2 0.5065 0.63 0.031 0.018
2 0.5085 0.611 0.031 0.018
2 0.5095 0.591 0.031 0.018
2 0.7195 0.696 0.031 0.018
2 0.7205 0.677 0.031 0.018
2 0.7215 0.658 0.027 0.018
2 0.722 0.638 0.03 0.014
2 0.723 0.6195 0.032 0.015
2 0.7225 0.6 0.031 0.018
0 0.3605 0.4485 0.089 0.023
0 0.3575 0.43 0.079 0.022
0 0.369 0.407 0.102 0.022
0 0.366 0.4705 0.106 0.025
0 0.355 0.489 0.086 0.018
0 0.4775 0.344 0.093 0.022
0 0.463 0.322 0.062 0.022
0 0.381 0.688 0.16 0.02
0 0.36 0.668 0.118 0.02
0 0.3855 0.647 0.163 0.02
0 0.388 0.6275 0.162 0.021
0 0.3945 0.608 0.173 0.022
0 0.616 0.6945 0.166 0.023
0 0.59 0.673 0.118 0.02
0 0.62 0.655 0.172 0.02
0 0.5905 0.633 0.109 0.02
0 0.5885 0.614 0.109 0.02
0 0.604 0.5955 0.136 0.021
1 0.4155 0.587 0.217 0.022
1 0.4155 0.608 0.217 0.022
1 0.4155 0.628 0.217 0.02
1 0.4135 0.648 0.217 0.022
1 0.4105 0.668 0.217 0.022
1 0.4105 0.6895 0.219 0.021
1 0.636 0.596 0.202 0.024
1 0.636 0.616 0.206 0.02
1 0.636 0.635 0.202 0.02
1 0.6345 0.655 0.201 0.024
1 0.6335 0.675 0.205 0.02
1 0.634 0.694 0.204 0.022
1 0.661 0.299 0.19 0.026
1 0.6585 0.32 0.187 0.024
1 0.658 0.341 0.186 0.024
1 0.6565 0.359 0.189 0.026
1 0.6545 0.3795 0.187 0.025
1 0.656 0.3975 0.188 0.029
1 0.6535 0.4185 0.187 0.029
