0 0.583125 0.1811111111111111 0.28625 0.05555555555555555
2 0.3625 0.18 0.025 0.035555555555555556
0 0.07875 0.18777777777777777 0.135 0.05555555555555555
2 0.848125 0.18666666666666668 0.02625 0.035555555555555556
2 0.5825 0.24333333333333335 0.1925 0.05555555555555555
2 0.3625 0.23666666666666666 0.025 0.03333333333333333
2 0.410625 0.23666666666666666 0.02375 0.03333333333333333
0 0.065625 0.24444444444444444 0.10875 0.044444444444444446
2 0.363125 0.2966666666666667 0.02625 0.03777777777777778
0 0.536875 0.3022222222222222 0.19625 0.06222222222222222
0 0.06 0.3011111111111111 0.0975 0.042222222222222223
0 0.700625 0.3055555555555556 0.04875 0.042222222222222223
2 0.848125 0.3055555555555556 0.02625 0.03777777777777778
2 0.3625 0.35444444444444445 0.025 0.03777777777777778
2 0.410625 0.35555555555555557 0.02375 0.035555555555555556
0 0.111875 0.36333333333333334 0.20125 0.04666666666666667
0 0.73125 0.36777777777777776 0.1075 0.051111111111111114
2 0.5375 0.3711111111111111 0.055 0.044444444444444446
2 0.848125 0.36666666666666664 0.02625 0.035555555555555556
2 0.363125 0.4122222222222222 0.02625 0.03777777777777778
2 0.410625 0.4111111111111111 0.02375 0.035555555555555556
0 0.11125 0.4211111111111111 0.2 0.05555555555555555
0 0.7225 0.43 0.0875 0.03777777777777778
2 0.84875 0.43 0.0275 0.03777777777777778
0 0.10125 0.47555555555555556 0.18 0.04888888888888889
2 0.363125 0.4722222222222222 0.02625 0.03777777777777778
2 0.410625 0.4711111111111111 0.02375 0.035555555555555556
2 0.363125 0.5277777777777778 0.02625 0.03777777777777778
2 0.410625 0.5244444444444445 0.02375 0.035555555555555556
0 0.085625 0.5355555555555556 0.14875 0.04
0 0.5375 0.54 0.1775 0.044444444444444446
0 0.700625 0.5422222222222223 0.04875 0.035555555555555556
2 0.84875 0.5422222222222223 0.0275 0.035555555555555556
2 0.3625 0.5855555555555556 0.025 0.03777777777777778
2 0.410625 0.5855555555555556 0.02375 0.03777777777777778
0 0.093125 0.5922222222222222 0.15875 0.042222222222222223
2 0.5375 0.6077777777777778 0.055 0.04666666666666667
0 0.73125 0.6055555555555555 0.1075 0.04666666666666667
2 0.84875 0.6044444444444445 0.0275 0.035555555555555556
0 0.085625 0.6477777777777778 0.14875 0.04666666666666667
2 0.3625 0.6433333333333333 0.025 0.03777777777777778
0 0.7225 0.6666666666666666 0.0875 0.035555555555555556
2 0.848125 0.6666666666666666 0.02625 0.035555555555555556
2 0.363125 0.7033333333333334 0.02625 0.03777777777777778
2 0.411875 0.7033333333333334 0.02625 0.03777777777777778
0 0.06875 0.7111111111111111 0.115 0.04
2 0.3625 0.7577777777777778 0.025 0.035555555555555556
2 0.410625 0.7577777777777778 0.02375 0.035555555555555556
0 0.049375 0.7666666666666667 0.07625 0.04
0 0.538125 0.7811111111111111 0.20125 0.04666666666666667
2 0.84875 0.7766666666666666 0.0275 0.03777777777777778
0 0.108125 0.8233333333333334 0.19375 0.06
2 0.3625 0.8177777777777778 0.025 0.035555555555555556
2 0.3625 0.8766666666666667 0.025 0.03333333333333333
2 0.410625 0.8766666666666667 0.02375 0.03333333333333333
0 0.056875 0.8822222222222222 0.09125 0.04
0 0.543125 0.9011111111111111 0.20875 0.04666666666666667
2 0.849375 0.9 0.02625 0.035555555555555556
2 0.3625 0.9333333333333333 0.025 0.035555555555555556
2 0.410625 0.9333333333333333 0.02375 0.035555555555555556
0 0.11125 0.9433333333333334 0.2 0.04666666666666667
1 0.77 0.30444444444444446 0.185 0.044444444444444446
1 0.5375 0.33444444444444443 0.1975 0.12222222222222222
1 0.769375 0.36444444444444446 0.18375 0.04888888888888889
1 0.65125 0.21333333333333335 0.4225 0.11555555555555555
1 0.77 0.4311111111111111 0.185 0.044444444444444446
1 0.769375 0.5422222222222223 0.18625 0.035555555555555556
1 0.653125 0.3688888888888889 0.42375 0.17777777777777778
1 0.77 0.6044444444444445 0.1875 0.04888888888888889
1 0.77125 0.6644444444444444 0.185 0.04
1 0.650625 0.7833333333333333 0.42875 0.051111111111111114
1 0.651875 0.8988888888888888 0.42875 0.051111111111111114
2 0.41125 0.8188888888888889 0.0325 0.03333333333333333
1 0.21625 0.9444444444444444 0.4125 0.04888888888888889
1 0.2175 0.8177777777777778 0.4125 0.04888888888888889
1 0.216875 0.8811111111111111 0.41125 0.03777777777777778
1 0.21625 0.7611111111111111 0.4125 0.04666666666666667
1 0.219375 0.7044444444444444 0.41375 0.04
1 0.218125 0.6444444444444445 0.41375 0.04
1 0.218125 0.5288888888888889 0.41375 0.04
1 0.219375 0.5888888888888889 0.41375 0.04
2 0.40875 0.2966666666666667 0.03 0.03777777777777778
2 0.41 0.18 0.025 0.035555555555555556
1 0.218125 0.4711111111111111 0.41125 0.04888888888888889
1 0.216875 0.41555555555555557 0.41125 0.04888888888888889
1 0.216875 0.3622222222222222 0.41125 0.04888888888888889
1 0.219375 0.18666666666666668 0.41125 0.04888888888888889
1 0.218125 0.23777777777777778 0.41125 0.04888888888888889
1 0.218125 0.3 0.41125 0.04888888888888889
1 0.654375 0.61 0.41875 0.17555555555555555
