0 0.22325102880658437 0.35101744186046513 0.11316872427983539 0.0188953488372093
0 0.808641975308642 0.35101744186046513 0.102880658436214 0.0188953488372093
2 0.22325102880658437 0.37863372093023256 0.10082304526748971 0.02180232558139535
2 0.8076131687242798 0.37863372093023256 0.10082304526748971 0.02180232558139535
0 0.22325102880658437 0.6286337209302325 0.06378600823045268 0.0188953488372093
0 0.8076131687242798 0.6308139534883721 0.10082304526748971 0.020348837209302327
2 0.22530864197530864 0.6613372093023255 0.10082304526748971 0.020348837209302327
2 0.8076131687242798 0.6584302325581395 0.10082304526748971 0.020348837209302327
0 0.5041152263374485 0.934593023255814 0.102880658436214 0.020348837209302327
2 0.5041152263374485 0.9622093023255814 0.102880658436214 0.020348837209302327
1 0.5041152263374485 0.9484011627906976 0.10699588477366255 0.050872093023255814
1 0.22530864197530864 0.6438953488372093 0.10493827160493827 0.055232558139534885
1 0.8065843621399177 0.6438953488372093 0.102880658436214 0.05232558139534884
1 0.2222222222222222 0.36555232558139533 0.11934156378600823 0.05377906976744186
1 0.808641975308642 0.36555232558139533 0.10699588477366255 0.04796511627906977
