0 0.647329650092081 0.19401041666666666 0.21178637200736647 0.03125
0 0.14825046040515655 0.19401041666666666 0.11602209944751381 0.026041666666666668
2 0.43186003683241253 0.19466145833333334 0.03867403314917127 0.02734375
2 0.8987108655616943 0.193359375 0.04788213627992634 0.024739583333333332
0 0.651012891344383 0.22721354166666666 0.20441988950276244 0.029947916666666668
2 0.8987108655616943 0.2265625 0.04788213627992634 0.026041666666666668
0 0.15561694290976058 0.22721354166666666 0.11602209944751381 0.024739583333333332
2 0.43186003683241253 0.22981770833333334 0.03867403314917127 0.024739583333333332
0 0.6583793738489871 0.2591145833333333 0.23388581952117865 0.026041666666666668
2 0.8987108655616943 0.2610677083333333 0.04788213627992634 0.024739583333333332
0 0.16298342541436464 0.2662760416666667 0.14548802946593 0.029947916666666668
2 0.43186003683241253 0.2662760416666667 0.03867403314917127 0.024739583333333332
0 0.6372007366482505 0.294921875 0.17679558011049723 0.02734375
2 0.8987108655616943 0.2942708333333333 0.04788213627992634 0.026041666666666668
0 0.1574585635359116 0.3014322916666667 0.13075506445672191 0.029947916666666668
2 0.43186003683241253 0.30078125 0.03867403314917127 0.026041666666666668
0 0.6141804788213628 0.328125 0.13443830570902393 0.028645833333333332
2 0.8987108655616943 0.3287760416666667 0.04788213627992634 0.024739583333333332
0 0.18968692449355432 0.3352864583333333 0.19521178637200737 0.024739583333333332
2 0.43186003683241253 0.3372395833333333 0.03867403314917127 0.026041666666666668
0 0.5994475138121547 0.3619791666666667 0.10865561694290976 0.033854166666666664
2 0.8987108655616943 0.3619791666666667 0.04788213627992634 0.026041666666666668
0 0.15009208103130756 0.37109375 0.1270718232044199 0.0234375
2 0.43278084714548803 0.3723958333333333 0.03683241252302026 0.026041666666666668
0 0.6758747697974218 0.396484375 0.2578268876611418 0.029947916666666668
2 0.8987108655616943 0.396484375 0.04788213627992634 0.024739583333333332
0 0.1464088397790055 0.4088541666666667 0.12338858195211787 0.026041666666666668
2 0.43186003683241253 0.4088541666666667 0.03867403314917127 0.026041666666666668
0 0.6003683241252302 0.4290364583333333 0.10313075506445672 0.02734375
2 0.8987108655616943 0.4296875 0.04788213627992634 0.026041666666666668
0 0.1694290976058932 0.4453125 0.15101289134438306 0.028645833333333332
2 0.43186003683241253 0.4446614583333333 0.03867403314917127 0.02734375
0 0.6049723756906077 0.4622395833333333 0.11970534069981584 0.033854166666666664
2 0.8996316758747698 0.4641927083333333 0.04604051565377532 0.024739583333333332
0 0.24953959484346225 0.4798177083333333 0.31123388581952116 0.029947916666666668
0 0.639963167587477 0.498046875 0.1860036832412523 0.029947916666666668
2 0.8959484346224678 0.4973958333333333 0.053406998158379376 0.026041666666666668
0 0.20349907918968693 0.515625 0.19337016574585636 0.028645833333333332
2 0.43278084714548803 0.5162760416666666 0.03683241252302026 0.024739583333333332
0 0.6427255985267035 0.53125 0.19521178637200737 0.03125
2 0.8959484346224678 0.5319010416666666 0.053406998158379376 0.024739583333333332
0 0.18047882136279927 0.55078125 0.15837937384898712 0.026041666666666668
2 0.43186003683241253 0.55078125 0.03867403314917127 0.026041666666666668
0 0.6482504604051565 0.5657552083333334 0.2136279926335175 0.029947916666666668
2 0.8959484346224678 0.56640625 0.053406998158379376 0.026041666666666668
0 0.20810313075506445 0.5891927083333334 0.20626151012891344 0.032552083333333336
2 0.427255985267035 0.5872395833333334 0.04788213627992634 0.026041666666666668
0 0.6058931860036832 0.5970052083333334 0.12154696132596685 0.02734375
2 0.8959484346224678 0.599609375 0.053406998158379376 0.024739583333333332
0 0.1703499079189687 0.6223958333333334 0.11970534069981584 0.036458333333333336
2 0.427255985267035 0.6236979166666666 0.04788213627992634 0.026041666666666668
0 0.6132596685082873 0.6315104166666666 0.13627992633517497 0.028645833333333332
2 0.8959484346224678 0.6334635416666666 0.053406998158379376 0.02734375
0 0.19521178637200737 0.6595052083333334 0.1878453038674033 0.02734375
2 0.427255985267035 0.6595052083333334 0.04788213627992634 0.02734375
0 0.64548802946593 0.6647135416666666 0.19705340699815838 0.02734375
2 0.8959484346224678 0.6673177083333334 0.053406998158379376 0.024739583333333332
0 0.23756906077348067 0.6979166666666666 0.26887661141804786 0.03125
2 0.427255985267035 0.6953125 0.04788213627992634 0.026041666666666668
0 0.6952117863720073 0.6966145833333334 0.30386740331491713 0.03125
2 0.8968692449355433 0.701171875 0.05156537753222836 0.02734375
0 0.2302025782688766 0.7311197916666666 0.2541436464088398 0.02734375
2 0.427255985267035 0.7317708333333334 0.04788213627992634 0.026041666666666668
0 0.6519337016574586 0.734375 0.21731123388581952 0.028645833333333332
2 0.8959484346224678 0.7350260416666666 0.053406998158379376 0.024739583333333332
0 0.19705340699815838 0.765625 0.1878453038674033 0.028645833333333332
0 0.6556169429097606 0.7682291666666666 0.2136279926335175 0.028645833333333332
2 0.425414364640884 0.7669270833333334 0.05156537753222836 0.0234375
2 0.8959484346224678 0.7688802083333334 0.053406998158379376 0.02734375
0 0.6537753222836096 0.8001302083333334 0.21731123388581952 0.024739583333333332
0 0.212707182320442 0.802734375 0.22283609576427257 0.024739583333333332
2 0.427255985267035 0.802734375 0.04788213627992634 0.024739583333333332
2 0.8895027624309392 0.802734375 0.06629834254143646 0.024739583333333332
2 0.4300184162062615 0.48046875 0.03867403314917127 0.026041666666666668
1 0.27071823204419887 0.19205729166666666 0.36095764272559855 0.02734375
1 0.27624309392265195 0.2265625 0.3462246777163904 0.028645833333333332
1 0.26979742173112337 0.2643229166666667 0.35911602209944754 0.03125
1 0.27255985267034993 0.3014322916666667 0.3572744014732965 0.029947916666666668
1 0.27255985267034993 0.3359375 0.35359116022099446 0.026041666666666668
1 0.26887661141804786 0.37109375 0.36464088397790057 0.026041666666666668
1 0.26887661141804786 0.408203125 0.36464088397790057 0.02734375
1 0.27255985267034993 0.4459635416666667 0.35359116022099446 0.029947916666666668
1 0.28084714548802947 0.6217447916666666 0.3370165745856354 0.03515625
1 0.27900552486187846 0.513671875 0.3406998158379374 0.029947916666666668
1 0.27440147329650094 0.55078125 0.3425414364640884 0.028645833333333332
1 0.27900552486187846 0.587890625 0.3443830570902394 0.032552083333333336
1 0.27255985267034993 0.48046875 0.3572744014732965 0.033854166666666664
1 0.27716390423572745 0.6588541666666666 0.34806629834254144 0.03125
1 0.27716390423572745 0.6966145833333334 0.34806629834254144 0.03125
1 0.27808471454880296 0.7298177083333334 0.3462246777163904 0.029947916666666668
1 0.27808471454880296 0.763671875 0.34990791896869244 0.029947916666666668
1 0.27716390423572745 0.802734375 0.34806629834254144 0.02734375
1 0.7329650092081031 0.19270833333333334 0.37937384898710863 0.033854166666666664
1 0.7375690607734806 0.224609375 0.3701657458563536 0.02734375
1 0.7311233885819521 0.2584635416666667 0.3756906077348066 0.02734375
1 0.7338858195211786 0.2942708333333333 0.3738489871086556 0.026041666666666668
1 0.7348066298342542 0.3255208333333333 0.3720073664825046 0.028645833333333332
1 0.7348066298342542 0.3639322916666667 0.3756906077348066 0.029947916666666668
1 0.7357274401473296 0.396484375 0.3775322283609576 0.029947916666666668
1 0.7366482504604052 0.4270833333333333 0.3756906077348066 0.028645833333333332
1 0.7348066298342542 0.4967447916666667 0.37937384898710863 0.029947916666666668
1 0.7348066298342542 0.4622395833333333 0.3756906077348066 0.033854166666666664
1 0.7348066298342542 0.53125 0.3756906077348066 0.033854166666666664
1 0.7338858195211786 0.5631510416666666 0.3812154696132597 0.029947916666666668
1 0.7329650092081031 0.59765625 0.37937384898710863 0.026041666666666668
1 0.7329650092081031 0.732421875 0.3756906077348066 0.02734375
1 0.7329650092081031 0.6315104166666666 0.37937384898710863 0.028645833333333332
1 0.7338858195211786 0.6634114583333334 0.3775322283609576 0.029947916666666668
1 0.7366482504604052 0.7682291666666666 0.3756906077348066 0.03125
1 0.7357274401473296 0.7981770833333334 0.3738489871086556 0.026041666666666668
1 0.7329650092081031 0.6959635416666666 0.37937384898710863 0.032552083333333336
