0 0.15963161933998465 0.2598684210526316 0.20107444359171142 0.01864035087719298
2 0.4512663085188028 0.2604166666666667 0.044512663085188024 0.017543859649122806
0 0.16231772831926325 0.28673245614035087 0.2064466615502686 0.017543859649122806
2 0.4512663085188028 0.28728070175438597 0.044512663085188024 0.01644736842105263
0 0.23138910207214122 0.31414473684210525 0.3430544896392939 0.021929824561403508
0 0.21258633921719108 0.3393640350877193 0.3069838833461243 0.01864035087719298
2 0.44858019953952416 0.3399122807017544 0.04681504221028396 0.017543859649122806
0 0.2175748273215656 0.46765350877192985 0.3215656178050652 0.020833333333333332
0 0.18534151957022257 0.4917763157894737 0.2555640828856485 0.01864035087719298
2 0.4528012279355334 0.49122807017543857 0.044512663085188024 0.017543859649122806
0 0.17421335379892555 0.5161732456140351 0.2348426707597851 0.022478070175438597
2 0.4528012279355334 0.5158991228070176 0.044512663085188024 0.017543859649122806
0 0.14428242517267845 0.5400219298245614 0.17344589409056024 0.01864035087719298
2 0.4528012279355334 0.5405701754385965 0.044512663085188024 0.017543859649122806
0 0.4029163468917882 0.6565241228070176 0.27168073676132004 0.022478070175438597
2 0.7010744435917114 0.6557017543859649 0.04834996162701458 0.01864035087719298
0 0.3656945510360706 0.6850328947368421 0.1987720644666155 0.024671052631578948
2 0.7018419033000768 0.6842105263157895 0.04834996162701458 0.01864035087719298
0 0.3772064466615503 0.7124451754385965 0.22179585571757482 0.020285087719298246
2 0.7018419033000768 0.7129934210526315 0.04834996162701458 0.01918859649122807
2 0.4512663085188028 0.46655701754385964 0.044512663085188024 0.017543859649122806
1 0.4957789716039908 0.6554276315789473 0.45740598618572526 0.023574561403508772
1 0.4957789716039908 0.6850328947368421 0.45740598618572526 0.023574561403508772
1 0.4957789716039908 0.7108004385964912 0.45740598618572526 0.023574561403508772
1 0.26438986953184956 0.46847587719298245 0.4151957022256332 0.02138157894736842
1 0.2651573292402149 0.5167214912280702 0.4151957022256332 0.02138157894736842
1 0.26438986953184956 0.49040570175438597 0.4151957022256332 0.02138157894736842
1 0.2659247889485802 0.5397478070175439 0.4151957022256332 0.02138157894736842
2 0.4516500383729854 0.31469298245614036 0.04681504221028396 0.017543859649122806
1 0.26554105909439757 0.25959429824561403 0.41442824251726784 0.02138157894736842
1 0.26554105909439757 0.2864583333333333 0.41596316193399846 0.018092105263157895
1 0.2670759785111282 0.31277412280701755 0.41442824251726784 0.02138157894736842
1 0.2640061396776669 0.3379934210526316 0.41442824251726784 0.02138157894736842
