0 0.5427960057061341 0.22477522477522477 0.19258202567760344 0.03196803196803197
2 0.9051355206847361 0.22777222777222778 0.09843081312410841 0.025974025974025976
0 0.6034236804564908 0.25924075924075923 0.31383737517831667 0.028971028971028972
2 0.8801711840228246 0.26073926073926074 0.14835948644793154 0.025974025974025976
0 0.5385164051355207 0.2937062937062937 0.1840228245363766 0.029970029970029972
2 0.9051355206847361 0.2947052947052947 0.09843081312410841 0.027972027972027972
0 0.5855920114122682 0.32667332667332666 0.2781740370898716 0.029970029970029972
2 0.9051355206847361 0.32967032967032966 0.09843081312410841 0.027972027972027972
0 0.5156918687589158 0.3611388611388611 0.1383737517831669 0.026973026973026972
2 0.9044222539229672 0.36313686313686316 0.09985734664764621 0.026973026973026972
0 0.507132667617689 0.3941058941058941 0.12410841654778887 0.028971028971028972
2 0.9051355206847361 0.3966033966033966 0.09843081312410841 0.025974025974025976
0 0.5998573466476462 0.42957042957042957 0.3067047075606277 0.03196803196803197
2 0.9051355206847361 0.43156843156843155 0.09843081312410841 0.025974025974025976
0 0.615549215406562 0.463036963036963 0.33808844507845937 0.028971028971028972
2 0.9051355206847361 0.466033966033966 0.09843081312410841 0.026973026973026972
0 0.594151212553495 0.4975024975024975 0.29814550641940085 0.027972027972027972
2 0.9051355206847361 0.4995004995004995 0.09843081312410841 0.025974025974025976
0 0.5855920114122682 0.5309690309690309 0.2810271041369472 0.028971028971028972
2 0.9051355206847361 0.5339660339660339 0.09843081312410841 0.026973026973026972
0 0.5877318116975749 0.5659340659340659 0.28530670470756064 0.028971028971028972
2 0.9051355206847361 0.5674325674325674 0.09843081312410841 0.025974025974025976
0 0.6077032810271041 0.6003996003996004 0.3252496433666191 0.03196803196803197
2 0.9051355206847361 0.6018981018981019 0.09843081312410841 0.026973026973026972
0 0.6169757489300999 0.6318681318681318 0.340941512125535 0.030969030969030968
2 0.9051355206847361 0.6353646353646354 0.09843081312410841 0.025974025974025976
0 0.6126961483594865 0.6668331668331668 0.33238231098430815 0.028971028971028972
2 0.9051355206847361 0.6698301698301699 0.09843081312410841 0.026973026973026972
0 0.6255349500713266 0.7022977022977023 0.35805991440798857 0.03196803196803197
2 0.9051355206847361 0.7027972027972028 0.09843081312410841 0.026973026973026972
0 0.6148359486447932 0.7357642357642358 0.33951497860199714 0.030969030969030968
2 0.905848787446505 0.7377622377622378 0.09985734664764621 0.024975024975024976
0 0.5320970042796006 0.8466533466533467 0.17118402282453637 0.028971028971028972
2 0.9072753209700428 0.8481518481518482 0.09415121255349501 0.025974025974025976
0 0.6255349500713266 0.8826173826173827 0.35805991440798857 0.028971028971028972
2 0.9072753209700428 0.8841158841158842 0.09415121255349501 0.025974025974025976
0 0.6119828815977175 0.9195804195804196 0.3309557774607703 0.030969030969030968
2 0.9072753209700428 0.9215784215784216 0.09415121255349501 0.026973026973026972
0 0.5064194008559201 0.9560439560439561 0.11982881597717546 0.03196803196803197
2 0.9051355206847361 0.958041958041958 0.09843081312410841 0.027972027972027972
1 0.7018544935805991 0.22327672327672327 0.5106990014265336 0.03296703296703297
1 0.6990014265335235 0.3931068931068931 0.5106990014265336 0.03296703296703297
1 0.7004279600570613 0.25924075924075923 0.5106990014265336 0.03296703296703297
1 0.7004279600570613 0.3261738261738262 0.5106990014265336 0.03296703296703297
1 0.7018544935805991 0.29120879120879123 0.5106990014265336 0.03296703296703297
1 0.7018544935805991 0.3611388611388611 0.5106990014265336 0.03296703296703297
1 0.7004279600570613 0.5309690309690309 0.5106990014265336 0.03296703296703297
1 0.6990014265335235 0.46403596403596403 0.5106990014265336 0.03296703296703297
1 0.6975748930099858 0.49600399600399603 0.5106990014265336 0.03296703296703297
1 0.6975748930099858 0.43006993006993005 0.5106990014265336 0.03296703296703297
1 0.7047075606276747 0.564935064935065 0.5106990014265336 0.03296703296703297
1 0.703281027104137 0.6008991008991009 0.5106990014265336 0.03296703296703297
1 0.7018544935805991 0.6348651348651349 0.5106990014265336 0.03296703296703297
1 0.7004279600570613 0.6698301698301699 0.5106990014265336 0.03296703296703297
1 0.7004279600570613 0.7047952047952047 0.5106990014265336 0.03296703296703297
1 0.7004279600570613 0.7337662337662337 0.5106990014265336 0.03296703296703297
1 0.6990014265335235 0.8466533466533467 0.5106990014265336 0.03296703296703297
1 0.7018544935805991 0.8826173826173827 0.5106990014265336 0.03296703296703297
1 0.7018544935805991 0.9215784215784216 0.5106990014265336 0.03296703296703297
1 0.6990014265335235 0.9555444555444556 0.5106990014265336 0.03296703296703297
