0 0.5113293051359517 0.22983014861995754 0.1283987915407855 0.02653927813163482
2 0.9018126888217523 0.22983014861995754 0.09667673716012085 0.02653927813163482
0 0.5105740181268882 0.262208067940552 0.1268882175226586 0.029723991507430998
2 0.9018126888217523 0.2638004246284501 0.09667673716012085 0.02653927813163482
0 0.5626888217522659 0.2961783439490446 0.2311178247734139 0.029723991507430998
2 0.9033232628398792 0.29830148619957536 0.09365558912386707 0.025477707006369428
0 0.5626888217522659 0.32961783439490444 0.2311178247734139 0.03078556263269639
2 0.9033232628398792 0.3322717622080679 0.09365558912386707 0.025477707006369428
0 0.4954682779456193 0.3651804670912951 0.09667673716012085 0.027600849256900213
2 0.9018126888217523 0.3657112526539278 0.09667673716012085 0.02653927813163482
0 0.5015105740181269 0.3970276008492569 0.10876132930513595 0.029723991507430998
2 0.9018126888217523 0.398619957537155 0.09667673716012085 0.02653927813163482
0 0.513595166163142 0.4309978768577495 0.13293051359516617 0.029723991507430998
2 0.9018126888217523 0.4325902335456476 0.09667673716012085 0.02653927813163482
0 0.520392749244713 0.46496815286624205 0.14652567975830816 0.029723991507430998
2 0.9010574018126888 0.46656050955414013 0.09818731117824774 0.02653927813163482
0 0.5558912386706949 0.4989384288747346 0.2175226586102719 0.029723991507430998
2 0.9010574018126888 0.5010615711252654 0.09818731117824774 0.025477707006369428
0 0.5120845921450151 0.5329087048832272 0.1299093655589124 0.029723991507430998
2 0.9018126888217523 0.5345010615711253 0.09667673716012085 0.02653927813163482
0 0.5211480362537765 0.5668789808917197 0.14803625377643503 0.029723991507430998
2 0.9018126888217523 0.5684713375796179 0.09667673716012085 0.02653927813163482
0 0.5241691842900302 0.6024416135881104 0.15709969788519637 0.02653927813163482
2 0.9018126888217523 0.6024416135881104 0.09667673716012085 0.02653927813163482
0 0.5438066465256798 0.6348195329087049 0.19637462235649547 0.029723991507430998
2 0.9010574018126888 0.6342887473460722 0.09818731117824774 0.02653927813163482
0 0.5234138972809668 0.6682590233545648 0.15256797583081572 0.03078556263269639
2 0.9010574018126888 0.6703821656050956 0.09818731117824774 0.02653927813163482
0 0.5045317220543807 0.6995753715498938 0.11782477341389729 0.03184713375796178
2 0.9010574018126888 0.7022292993630573 0.09818731117824774 0.02653927813163482
0 0.5302114803625377 0.7361995753715499 0.1661631419939577 0.03078556263269639
2 0.9018126888217523 0.7377919320594479 0.09667673716012085 0.02335456475583864
0 0.6110271903323263 0.7691082802547771 0.32779456193353473 0.028662420382165606
2 0.9010574018126888 0.7701698513800425 0.09818731117824774 0.02653927813163482
0 0.6238670694864048 0.8030785562632696 0.35347432024169184 0.032908704883227176
2 0.9018126888217523 0.8057324840764332 0.09667673716012085 0.02335456475583864
0 0.5898791540785498 0.8370488322717622 0.2854984894259819 0.028662420382165606
2 0.9010574018126888 0.8381104033970276 0.09818731117824774 0.02653927813163482
0 0.5657099697885196 0.8699575371549894 0.23716012084592145 0.03078556263269639
2 0.9010574018126888 0.8720806794055201 0.09818731117824774 0.02653927813163482
1 0.7001510574018127 0.22983014861995754 0.5060422960725075 0.028662420382165606
1 0.6941087613293051 0.3646496815286624 0.5060422960725075 0.028662420382165606
1 0.697129909365559 0.33067940552016983 0.5060422960725075 0.028662420382165606
1 0.6986404833836858 0.29670912951167727 0.5060422960725075 0.028662420382165606
1 0.7001510574018127 0.2638004246284501 0.5060422960725075 0.028662420382165606
1 0.7016616314199395 0.398619957537155 0.5060422960725075 0.028662420382165606
1 0.7031722054380665 0.4315286624203822 0.5060422960725075 0.028662420382165606
1 0.7031722054380665 0.46549893842887474 0.5060422960725075 0.028662420382165606
1 0.7001510574018127 0.4984076433121019 0.5060422960725075 0.028662420382165606
1 0.697129909365559 0.5334394904458599 0.5060422960725075 0.028662420382165606
1 0.697129909365559 0.5695329087048833 0.5060422960725075 0.028662420382165606
1 0.7001510574018127 0.6035031847133758 0.5060422960725075 0.028662420382165606
1 0.6986404833836858 0.6358811040339702 0.5090634441087614 0.03184713375796178
1 0.697129909365559 0.6682590233545648 0.5060422960725075 0.028662420382165606
1 0.6986404833836858 0.7022292993630573 0.5060422960725075 0.028662420382165606
1 0.7001510574018127 0.7393842887473461 0.5030211480362538 0.03503184713375796
1 0.697129909365559 0.7712314225053079 0.5060422960725075 0.028662420382165606
1 0.7016616314199395 0.8036093418259024 0.5060422960725075 0.036093418259023353
1 0.697129909365559 0.8370488322717622 0.5060422960725075 0.028662420382165606
1 0.7016616314199395 0.8731422505307855 0.5060422960725075 0.028662420382165606
