0 0.08416252072968491 0.25064599483204136 0.06882255389718077 0.03359173126614987
2 0.9033996683250415 0.27002583979328165 0.06716417910447761 0.023255813953488372
0 0.7533167495854063 0.270671834625323 0.04560530679933665 0.021963824289405683
0 0.7504145936981758 0.29198966408268734 0.03482587064676617 0.020671834625323
0 0.10033167495854063 0.29651162790697677 0.08291873963515754 0.02454780361757106
2 0.9050580431177446 0.31589147286821706 0.07545605306799337 0.01937984496124031
0 0.12189054726368159 0.31912144702842377 0.12769485903814262 0.020671834625323
0 0.7781923714759535 0.31718346253229973 0.09369817578772803 0.021963824289405683
2 0.9046434494195689 0.3385012919896641 0.07462686567164178 0.020671834625323
0 0.7777777777777778 0.3397932816537468 0.09286898839137644 0.023255813953488372
0 0.09867330016583747 0.34108527131782945 0.0779436152570481 0.020671834625323
2 0.9033996683250415 0.35917312661498707 0.07213930348258707 0.023255813953488372
0 0.7649253731343284 0.3624031007751938 0.06550580431177445 0.021963824289405683
0 0.12023217247097844 0.3649870801033592 0.12437810945273632 0.021963824289405683
2 0.9038142620232172 0.38372093023255816 0.07296849087893864 0.023255813953488372
0 0.10033167495854063 0.38824289405684753 0.0845771144278607 0.02454780361757106
0 0.7549751243781094 0.3856589147286822 0.0472636815920398 0.01937984496124031
2 0.9017412935323383 0.40568475452196384 0.07379767827529021 0.020671834625323
0 0.7553897180762852 0.4069767441860465 0.04643449419568822 0.023255813953488372
2 0.9021558872305141 0.4289405684754522 0.06965174129353234 0.020671834625323
0 0.7574626865671642 0.43023255813953487 0.0538971807628524 0.020671834625323
0 0.08706467661691543 0.4625322997416021 0.07628524046434494 0.041343669250646
0 0.8325041459369817 0.48643410852713176 0.22056384742951907 0.07364341085271318
0 0.08499170812603649 0.4967700258397933 0.0538971807628524 0.02454780361757106
2 0.814262023217247 0.5129198966408268 0.03814262023217247 0.020671834625323
0 0.1011608623548922 0.520671834625323 0.0812603648424544 0.023255813953488372
0 0.7516583747927031 0.5387596899224806 0.0406301824212272 0.025839793281653745
0 0.13432835820895522 0.5419896640826873 0.14925373134328357 0.021963824289405683
0 0.7657545605306799 0.5633074935400517 0.07048092868988391 0.023255813953488372
0 0.08955223880597014 0.5671834625322998 0.05804311774461028 0.023255813953488372
0 0.7632669983416253 0.5852713178294574 0.05887230514096186 0.023255813953488372
0 0.7466832504145937 0.6085271317829457 0.02902155887230514 0.020671834625323
0 0.0845771144278607 0.6285529715762274 0.07131011608623548 0.037467700258397935
0 0.7549751243781094 0.6304909560723514 0.04892205638474295 0.023255813953488372
0 0.7835820895522388 0.6550387596899225 0.1044776119402985 0.023255813953488372
0 0.09660033167495855 0.6660206718346253 0.07213930348258707 0.021963824289405683
0 0.10074626865671642 0.6886304909560723 0.08208955223880597 0.020671834625323
0 0.763681592039801 0.7047803617571059 0.08291873963515754 0.03488372093023256
0 0.10737976782752902 0.710594315245478 0.09535655058043117 0.023255813953488372
0 0.10074626865671642 0.7357881136950905 0.07877280265339967 0.021963824289405683
0 0.7686567164179104 0.7409560723514211 0.06633499170812604 0.021963824289405683
0 0.10986733001658375 0.7577519379844961 0.09535655058043117 0.021963824289405683
0 0.7939469320066335 0.7616279069767442 0.12354892205638475 0.02454780361757106
0 0.134742951907131 0.7797157622739018 0.148424543946932 0.021963824289405683
0 0.12064676616915423 0.8036175710594315 0.11691542288557213 0.020671834625323
0 0.08623548922056384 0.8255813953488372 0.05306799336650083 0.023255813953488372
0 0.7591210613598673 0.8339793281653747 0.0505804311774461 0.01937984496124031
2 0.8988391376451078 0.8417312661498708 0.07131011608623548 0.01937984496124031
0 0.7516583747927031 0.8591731266149871 0.03565505804311774 0.023255813953488372
2 0.896351575456053 0.8643410852713178 0.07131011608623548 0.023255813953488372
2 0.8262852404643449 0.7118863049095607 0.03897180762852405 0.01808785529715762
1 0.8345771144278606 0.834625322997416 0.20149253731343283 0.020671834625323
1 0.8341625207296849 0.8604651162790697 0.2023217247097844 0.025839793281653745
1 0.7844112769485904 0.7060723514211886 0.12437810945273632 0.03488372093023256
1 0.8325041459369817 0.4870801033591731 0.22056384742951907 0.07235142118863049
1 0.835820895522388 0.270671834625323 0.208955223880597 0.021963824289405683
1 0.835820895522388 0.31718346253229973 0.208955223880597 0.021963824289405683
1 0.837893864013267 0.3404392764857881 0.20978441127694858 0.021963824289405683
1 0.8370646766169154 0.3624031007751938 0.20812603648424544 0.021963824289405683
1 0.835820895522388 0.3856589147286822 0.208955223880597 0.021963824289405683
1 0.8374792703150912 0.4069767441860465 0.20729684908789386 0.023255813953488372
1 0.8362354892205639 0.42958656330749356 0.20978441127694858 0.02454780361757106
2 0.14593698175787728 0.46963824289405687 0.03648424543946932 0.016795865633074936
2 0.14096185737976782 0.6350129198966409 0.03648424543946932 0.016795865633074936
2 0.14262023217247097 0.25775193798449614 0.03980099502487562 0.016795865633074936
1 0.10655058043117745 0.25387596899224807 0.11691542288557213 0.04263565891472868
1 0.10696517412935323 0.6311369509043928 0.11774461028192372 0.040051679586563305
1 0.10903814262023218 0.46124031007751937 0.12354892205638475 0.04392764857881137
