0 0.64501953125 0.07745504840940526 0.0751953125 0.030428769017980636
2 0.90673828125 0.08091286307053942 0.0458984375 0.029045643153526972
0 0.6396484375 0.14315352697095435 0.06640625 0.034578146611341634
2 0.90673828125 0.14730290456431536 0.0458984375 0.029045643153526972
0 0.66357421875 0.2074688796680498 0.1201171875 0.03319502074688797
2 0.908203125 0.2143845089903181 0.044921875 0.030428769017980636
0 0.13916015625 0.2690179806362379 0.0966796875 0.0318118948824343
2 0.42333984375 0.2697095435684647 0.0478515625 0.030428769017980636
0 0.6591796875 0.2773167358229599 0.111328125 0.0318118948824343
2 0.91015625 0.28284923928077454 0.046875 0.0318118948824343
0 0.6787109375 0.3367911479944675 0.154296875 0.034578146611341634
2 0.908203125 0.3409405255878285 0.044921875 0.029045643153526972
0 0.16064453125 0.34854771784232363 0.1376953125 0.035961272475795295
2 0.42333984375 0.3506224066390041 0.0478515625 0.0318118948824343
0 0.67919921875 0.40110650069156295 0.1513671875 0.035961272475795295
2 0.9052734375 0.40594744121715076 0.04296875 0.029045643153526972
2 0.421875 0.42738589211618255 0.048828125 0.035961272475795295
0 0.67236328125 0.47441217150760717 0.1474609375 0.035961272475795295
2 0.90869140625 0.47441217150760717 0.0419921875 0.030428769017980636
2 0.4228515625 0.49377593360995853 0.046875 0.03319502074688797
0 0.15283203125 0.495850622406639 0.1259765625 0.029045643153526972
0 0.67578125 0.5352697095435685 0.15234375 0.03319502074688797
2 0.908203125 0.5387275242047026 0.04296875 0.029045643153526972
0 0.12451171875 0.5636237897648686 0.0751953125 0.034578146611341634
2 0.42333984375 0.5636237897648686 0.0498046875 0.034578146611341634
0 0.66650390625 0.6009681881051175 0.1396484375 0.034578146611341634
2 0.908203125 0.6078838174273858 0.044921875 0.0318118948824343
0 0.17724609375 0.627939142461964 0.1767578125 0.030428769017980636
2 0.4228515625 0.627939142461964 0.046875 0.030428769017980636
0 0.6611328125 0.6639004149377593 0.125 0.035961272475795295
2 0.9072265625 0.6659751037344398 0.041015625 0.029045643153526972
0 0.1767578125 0.6970954356846473 0.18359375 0.03872752420470263
2 0.42333984375 0.6984785615491009 0.0478515625 0.035961272475795295
0 0.6591796875 0.7247579529737206 0.123046875 0.035961272475795295
2 0.908203125 0.7275242047026279 0.04296875 0.030428769017980636
0 0.1181640625 0.7621023513139695 0.064453125 0.03319502074688797
2 0.4228515625 0.7607192254495159 0.048828125 0.030428769017980636
0 0.6796875 0.7835408022130014 0.166015625 0.03734439834024896
2 0.90673828125 0.7876901798063624 0.0419921875 0.029045643153526972
0 0.142578125 0.8257261410788381 0.119140625 0.035961272475795295
2 0.42236328125 0.8278008298755186 0.0478515625 0.0318118948824343
0 0.6552734375 0.8499308437067773 0.107421875 0.03734439834024896
2 0.90673828125 0.851313969571231 0.0419921875 0.029045643153526972
0 0.1279296875 0.8907330567081605 0.08984375 0.04149377593360996
2 0.42138671875 0.896957123098202 0.0478515625 0.0318118948824343
0 0.677734375 0.9080221300138313 0.154296875 0.040110650069156296
2 0.9091796875 0.9107883817427386 0.04296875 0.029045643153526972
1 0.267578125 0.2697095435684647 0.35546875 0.035961272475795295
1 0.26904296875 0.49446749654218536 0.3583984375 0.034578146611341634
1 0.2685546875 0.42531120331950206 0.359375 0.042876901798063624
1 0.2705078125 0.34716459197787 0.359375 0.03872752420470263
0 0.1357421875 0.42946058091286304 0.09375 0.034578146611341634
1 0.26904296875 0.5663900414937759 0.3642578125 0.0318118948824343
1 0.267578125 0.6272475795297372 0.359375 0.0318118948824343
1 0.26708984375 0.6970954356846473 0.3681640625 0.03872752420470263
1 0.267578125 0.7621023513139695 0.36328125 0.035961272475795295
1 0.26416015625 0.8271092669432918 0.3623046875 0.03319502074688797
1 0.263671875 0.892807745504841 0.361328125 0.042876901798063624
1 0.76904296875 0.07538035961272475 0.3232421875 0.03734439834024896
1 0.767578125 0.14315352697095435 0.328125 0.034578146611341634
1 0.7666015625 0.21023513139695713 0.330078125 0.03872752420470263
1 0.765625 0.40110650069156295 0.328125 0.04149377593360996
1 0.76708984375 0.338865836791148 0.3330078125 0.03872752420470263
1 0.7685546875 0.27869986168741356 0.33203125 0.03734439834024896
1 0.76416015625 0.47372060857538034 0.3330078125 0.03734439834024896
1 0.76708984375 0.5352697095435685 0.3330078125 0.035961272475795295
1 0.76513671875 0.6023513139695712 0.3310546875 0.03734439834024896
1 0.76416015625 0.6625172890733056 0.3310546875 0.035961272475795295
1 0.76318359375 0.7240663900414938 0.3330078125 0.03734439834024896
1 0.76171875 0.7842323651452282 0.333984375 0.03319502074688797
1 0.765625 0.8499308437067773 0.330078125 0.034578146611341634
1 0.7666015625 0.9094052558782849 0.330078125 0.040110650069156296
