0 0.22736220472440946 0.24585365853658536 0.3641732283464567 0.0351219512195122
2 0.6328740157480315 0.24439024390243902 0.10433070866141732 0.026341463414634145
0 0.2106299212598425 0.2839024390243902 0.3228346456692913 0.027317073170731707
2 0.6318897637795275 0.2824390243902439 0.11023622047244094 0.024390243902439025
0 0.23228346456692914 0.32195121951219513 0.3700787401574803 0.02926829268292683
2 0.6318897637795275 0.32146341463414635 0.11023622047244094 0.026341463414634145
0 0.1860236220472441 0.3595121951219512 0.27755905511811024 0.02829268292682927
2 0.6318897637795275 0.3590243902439024 0.11023622047244094 0.025365853658536587
0 0.1624015748031496 0.39951219512195124 0.2421259842519685 0.04
2 0.6328740157480315 0.39707317073170734 0.10433070866141732 0.025365853658536587
0 0.26476377952755903 0.43414634146341463 0.43503937007874016 0.02926829268292683
2 0.6328740157480315 0.4351219512195122 0.10433070866141732 0.027317073170731707
0 0.2017716535433071 0.4717073170731707 0.3090551181102362 0.03024390243902439
2 0.6309055118110236 0.47365853658536583 0.10826771653543307 0.026341463414634145
0 0.27755905511811024 0.511219512195122 0.46062992125984253 0.025365853658536587
2 0.6338582677165354 0.511219512195122 0.11023622047244094 0.027317073170731707
0 0.2204724409448819 0.5497560975609757 0.3464566929133858 0.026341463414634145
2 0.6318897637795275 0.5492682926829269 0.11023622047244094 0.025365853658536587
0 0.25196850393700787 0.5902439024390244 0.4094488188976378 0.033170731707317075
2 0.6318897637795275 0.5882926829268292 0.11023622047244094 0.025365853658536587
0 0.28346456692913385 0.6282926829268293 0.47244094488188976 0.033170731707317075
2 0.6338582677165354 0.6258536585365854 0.1062992125984252 0.026341463414634145
0 0.20570866141732283 0.6653658536585366 0.32086614173228345 0.0351219512195122
2 0.6338582677165354 0.6639024390243903 0.1062992125984252 0.026341463414634145
0 0.22539370078740156 0.7053658536585365 0.3562992125984252 0.03121951219512195
2 0.6309055118110236 0.7029268292682926 0.10826771653543307 0.026341463414634145
0 0.24114173228346455 0.7434146341463415 0.38779527559055116 0.03121951219512195
2 0.6328740157480315 0.7404878048780488 0.10433070866141732 0.025365853658536587
0 0.296259842519685 0.7804878048780488 0.49803149606299213 0.03121951219512195
0 0.25196850393700787 0.8190243902439024 0.4094488188976378 0.03219512195121951
2 0.6318897637795275 0.8170731707317073 0.11023622047244094 0.024390243902439025
0 0.2234251968503937 0.855609756097561 0.35236220472440943 0.02926829268292683
2 0.6338582677165354 0.8551219512195122 0.1062992125984252 0.026341463414634145
0 0.3080708661417323 0.8917073170731707 0.5216535433070866 0.03121951219512195
0 0.21456692913385828 0.9297560975609757 0.3346456692913386 0.02926829268292683
2 0.6318897637795275 0.9317073170731708 0.11023622047244094 0.025365853658536587
0 0.21751968503937008 0.9707317073170731 0.33661417322834647 0.033170731707317075
2 0.6299212598425197 0.9682926829268292 0.1141732283464567 0.026341463414634145
2 0.6338582677165354 0.78 0.11023622047244094 0.024390243902439025
2 0.6358267716535433 0.8951219512195122 0.1062992125984252 0.026341463414634145
1 0.3641732283464567 0.24536585365853658 0.6456692913385826 0.03609756097560975
1 0.36811023622047245 0.32390243902439025 0.6377952755905512 0.02926829268292683
1 0.3641732283464567 0.28585365853658534 0.6417322834645669 0.02926829268292683
1 0.3671259842519685 0.3975609756097561 0.6515748031496063 0.04
1 0.3700787401574803 0.36097560975609755 0.6456692913385826 0.033170731707317075
1 0.3661417322834646 0.43609756097560975 0.6377952755905512 0.033170731707317075
1 0.3671259842519685 0.47024390243902436 0.639763779527559 0.033170731707317075
1 0.37106299212598426 0.5121951219512195 0.639763779527559 0.02926829268292683
1 0.36811023622047245 0.5482926829268293 0.6417322834645669 0.027317073170731707
1 0.36811023622047245 0.5902439024390244 0.6338582677165354 0.0351219512195122
1 0.3641732283464567 0.6282926829268293 0.6456692913385826 0.037073170731707315
1 0.3671259842519685 0.6643902439024391 0.639763779527559 0.0351219512195122
1 0.3700787401574803 0.7058536585365853 0.6456692913385826 0.03414634146341464
1 0.3661417322834646 0.7414634146341463 0.6338582677165354 0.0351219512195122
1 0.3671259842519685 0.7804878048780488 0.6515748031496063 0.027317073170731707
1 0.3661417322834646 0.82 0.6377952755905512 0.03414634146341464
1 0.3690944881889764 0.853170731707317 0.639763779527559 0.03219512195121951
1 0.3700787401574803 0.8917073170731707 0.6456692913385826 0.0351219512195122
1 0.3661417322834646 0.9307317073170732 0.6417322834645669 0.03121951219512195
1 0.36811023622047245 0.9702439024390244 0.6417322834645669 0.03219512195121951
