0 0.2953125 0.2203125 0.115625 0.040625
2 0.71875 0.2203125 0.04375 0.040625
0 0.2953125 0.2671875 0.115625 0.040625
2 0.71875 0.2640625 0.04375 0.034375
2 0.71875 0.309375 0.04375 0.0375
0 0.3203125 0.309375 0.165625 0.0375
0 0.303125 0.35625 0.13125 0.0375
2 0.7140625 0.3578125 0.059375 0.034375
0 0.303125 0.4015625 0.125 0.034375
2 0.721875 0.403125 0.04375 0.03125
0 0.3015625 0.446875 0.128125 0.04375
2 0.709375 0.44375 0.06875 0.0375
0 0.2953125 0.4921875 0.115625 0.040625
2 0.7109375 0.490625 0.065625 0.03125
0 0.33125 0.5359375 0.19375 0.046875
2 0.7109375 0.534375 0.065625 0.0375
0 0.35 0.5796875 0.225 0.046875
2 0.709375 0.5796875 0.06875 0.040625
0 0.315625 0.625 0.15625 0.0375
2 0.6640625 0.6265625 0.159375 0.046875
2 0.6625 0.6703125 0.1625 0.046875
0 0.3109375 0.6703125 0.140625 0.034375
0 0.440625 0.715625 0.40625 0.04375
2 0.7109375 0.7140625 0.065625 0.034375
1 0.4890625 0.2203125 0.503125 0.040625
1 0.4890625 0.2671875 0.503125 0.040625
1 0.4890625 0.3078125 0.503125 0.040625
1 0.4890625 0.3546875 0.503125 0.040625
1 0.4921875 0.4015625 0.503125 0.040625
1 0.4890625 0.4453125 0.503125 0.040625
1 0.4890625 0.4921875 0.503125 0.040625
1 0.4921875 0.5390625 0.503125 0.040625
1 0.4890625 0.5796875 0.503125 0.040625
1 0.4890625 0.6234375 0.503125 0.040625
1 0.4890625 0.6703125 0.503125 0.040625
1 0.4890625 0.7140625 0.503125 0.040625
