0 0.3330078125 0.36852085967130216 0.212890625 0.02402022756005057
0 0.2822265625 0.4020227560050569 0.119140625 0.022756005056890013
0 0.2587890625 0.43489254108723135 0.064453125 0.022756005056890013
0 0.3505859375 0.46776232616940583 0.251953125 0.025284450063211124
0 0.306640625 0.5012642225031606 0.1640625 0.021491782553729456
0 0.2939453125 0.5322376738305942 0.126953125 0.022756005056890013
0 0.3486328125 0.6485461441213654 0.244140625 0.025284450063211124
0 0.31640625 0.6814159292035398 0.1796875 0.020227560050568902
0 0.326171875 0.713653603034134 0.19921875 0.02402022756005057
0 0.3603515625 0.7458912768647282 0.267578125 0.025284450063211124
0 0.31640625 0.7787610619469026 0.1796875 0.025284450063211124
0 0.4033203125 0.8116308470290771 0.353515625 0.025284450063211124
2 0.70703125 0.36852085967130216 0.1171875 0.018963337547408345
2 0.7060546875 0.3975979772439949 0.111328125 0.021491782553729456
2 0.7080078125 0.4304677623261694 0.111328125 0.021491782553729456
2 0.7080078125 0.461441213653603 0.111328125 0.022756005056890013
2 0.708984375 0.4911504424778761 0.11328125 0.021491782553729456
2 0.705078125 0.649810366624526 0.125 0.022756005056890013
2 0.7041015625 0.6788874841972187 0.126953125 0.022756005056890013
2 0.7080078125 0.7149178255372945 0.126953125 0.018963337547408345
2 0.7099609375 0.7458912768647282 0.119140625 0.022756005056890013
2 0.7099609375 0.7793931731984829 0.119140625 0.021491782553729456
2 0.7060546875 0.8097345132743363 0.111328125 0.02402022756005057
2 0.7099609375 0.5221238938053098 0.115234375 0.020227560050568902
1 0.49609375 0.36788874841972186 0.54296875 0.022756005056890013
1 0.49609375 0.3994943109987358 0.54296875 0.022756005056890013
1 0.49609375 0.43236409608091025 0.54296875 0.022756005056890013
1 0.49609375 0.4664981036662453 0.5390625 0.02781289506953224
1 0.49609375 0.49620733249051835 0.5390625 0.02654867256637168
1 0.4990234375 0.5284450063211125 0.541015625 0.03286978508217446
1 0.498046875 0.649810366624526 0.54296875 0.03034134007585335
1 0.498046875 0.6820480404551201 0.54296875 0.02654867256637168
1 0.4990234375 0.713653603034134 0.541015625 0.0316055625790139
1 0.5 0.7465233881163085 0.54296875 0.029077117572692796
1 0.4990234375 0.7781289506953224 0.541015625 0.029077117572692796
1 0.498046875 0.8116308470290771 0.5390625 0.02781289506953224
