2 0.8766666666666667 0.6189634864546525 0.09666666666666666 0.02237926972909305
0 0.5583333333333333 0.13191990577149587 0.19 0.02591283863368669
0 0.555 0.287396937573616 0.19 0.02591283863368669
0 0.5691666666666667 0.23498233215547704 0.21166666666666667 0.03180212014134275
0 0.5708333333333333 0.18315665488810365 0.21166666666666667 0.03180212014134275
0 0.57 0.3409893992932862 0.22 0.03180212014134275
0 0.56 0.4134275618374558 0.19 0.02591283863368669
0 0.5358333333333334 0.6696113074204947 0.15166666666666667 0.027090694935217905
0 0.5566666666666666 0.4652532391048292 0.19 0.02591283863368669
0 0.5791666666666667 0.5188457008244994 0.23166666666666666 0.03415783274440518
0 0.5725 0.5694935217903416 0.23166666666666666 0.03415783274440518
0 0.5625 0.6201413427561837 0.205 0.02944640753828033
2 0.8783333333333333 0.5665488810365136 0.09666666666666666 0.02591283863368669
2 0.8825 0.4134275618374558 0.095 0.023557126030624265
2 0.8825 0.5159010600706714 0.095 0.02120141342756184
2 0.8833333333333333 0.4652532391048292 0.09 0.02591283863368669
2 0.8791666666666667 0.6678445229681979 0.10166666666666667 0.023557126030624265
2 0.8858333333333334 0.23439340400471143 0.095 0.023557126030624265
2 0.8825 0.2838633686690224 0.095 0.023557126030624265
2 0.8775 0.33568904593639576 0.095 0.023557126030624265
2 0.8825 0.12956419316843346 0.095 0.023557126030624265
2 0.8808333333333334 0.18138987043580684 0.095 0.023557126030624265
1 0.6983333333333334 0.18080094228504123 0.47 0.03180212014134275
1 0.6966666666666667 0.12956419316843346 0.47 0.02591283863368669
1 0.6983333333333334 0.5176678445229682 0.47 0.03180212014134275
1 0.7 0.23380447585394581 0.47 0.03180212014134275
1 0.6966666666666667 0.2850412249705536 0.47 0.02591283863368669
1 0.6983333333333334 0.4122497055359246 0.47 0.02591283863368669
1 0.6966666666666667 0.4652532391048292 0.47 0.02591283863368669
1 0.695 0.6690223792697291 0.47 0.02591283863368669
1 0.695 0.6207302709069493 0.47 0.02591283863368669
1 0.695 0.5694935217903416 0.47 0.03180212014134275
1 0.6933333333333334 0.3404004711425206 0.47333333333333333 0.0353356890459364
