0 0.39625 0.15330188679245282 0.06416666666666666 0.025943396226415096
0 0.0875 0.15271226415094338 0.105 0.02240566037735849
0 0.23166666666666666 0.15566037735849056 0.095 0.02830188679245283
0 0.5620833333333334 0.15625 0.08416666666666667 0.0294811320754717
2 0.07208333333333333 0.24528301886792453 0.07416666666666667 0.02122641509433962
2 0.22041666666666668 0.24528301886792453 0.07416666666666667 0.02122641509433962
2 0.4025 0.24528301886792453 0.075 0.02122641509433962
2 0.5575 0.24528301886792453 0.075 0.02122641509433962
0 0.08583333333333333 0.2930424528301887 0.10166666666666667 0.027122641509433963
0 0.23416666666666666 0.2965801886792453 0.10166666666666667 0.0294811320754717
0 0.4083333333333333 0.3125 0.08666666666666667 0.02830188679245283
2 0.07208333333333333 0.38148584905660377 0.07416666666666667 0.024764150943396228
2 0.22041666666666668 0.38207547169811323 0.07416666666666667 0.02358490566037736
2 0.4025 0.4050707547169811 0.075 0.02240566037735849
0 0.22958333333333333 0.4428066037735849 0.09083333333333334 0.04363207547169811
0 0.08666666666666667 0.4375 0.1 0.02830188679245283
0 0.41208333333333336 0.4522405660377358 0.09583333333333334 0.027122641509433963
0 0.5666666666666667 0.4545990566037736 0.09333333333333334 0.031839622641509434
2 0.07208333333333333 0.5082547169811321 0.07416666666666667 0.02122641509433962
2 0.22083333333333333 0.5247641509433962 0.075 0.02122641509433962
2 0.4025 0.5283018867924528 0.075 0.02358490566037736
2 0.5575 0.5400943396226415 0.075 0.02122641509433962
0 0.0875 0.5748820754716981 0.105 0.024764150943396228
0 0.4083333333333333 0.5961084905660378 0.08666666666666667 0.024764150943396228
0 0.5691666666666667 0.6037735849056604 0.10166666666666667 0.04245283018867924
2 0.07208333333333333 0.6485849056603774 0.07416666666666667 0.02122641509433962
2 0.4025 0.6686320754716981 0.075 0.02122641509433962
2 0.5575 0.6910377358490566 0.075 0.02122641509433962
0 0.23375 0.7211084905660378 0.09416666666666666 0.041273584905660375
0 0.40791666666666665 0.7122641509433962 0.08416666666666667 0.025943396226415096
0 0.08875 0.7134433962264151 0.1025 0.030660377358490566
0 0.5529166666666666 0.7429245283018868 0.06583333333333333 0.030660377358490566
2 0.0775 0.8012971698113207 0.07333333333333333 0.02240566037735849
2 0.22291666666666668 0.8018867924528302 0.07416666666666667 0.02358490566037736
2 0.4025 0.8160377358490566 0.075 0.02122641509433962
2 0.5575 0.84375 0.075 0.02240566037735849
1 0.08833333333333333 0.7547169811320755 0.10333333333333333 0.11556603773584906
1 0.23333333333333334 0.7564858490566038 0.09666666666666666 0.11674528301886793
1 0.40708333333333335 0.7635613207547169 0.08416666666666667 0.13089622641509435
1 0.55875 0.7900943396226415 0.08083333333333333 0.12971698113207547
1 0.08583333333333333 0.6108490566037735 0.105 0.09905660377358491
1 0.4083333333333333 0.6314858490566038 0.08833333333333333 0.09787735849056604
1 0.5679166666666666 0.6420990566037735 0.10083333333333333 0.11910377358490566
1 0.08625 0.4716981132075472 0.10083333333333333 0.09433962264150944
1 0.22958333333333333 0.47877358490566035 0.0925 0.11556603773584906
1 0.4116666666666667 0.48997641509433965 0.09333333333333334 0.10259433962264151
1 0.5679166666666666 0.49528301886792453 0.09416666666666666 0.11556603773584906
1 0.08666666666666667 0.19693396226415094 0.10333333333333333 0.11320754716981132
1 0.08625 0.33667452830188677 0.10416666666666667 0.11438679245283019
1 0.23375 0.33667452830188677 0.1025 0.11438679245283019
1 0.23125 0.19693396226415094 0.09083333333333334 0.11320754716981132
1 0.4033333333333333 0.19811320754716982 0.08 0.1179245283018868
1 0.56125 0.19929245283018868 0.08416666666666667 0.1179245283018868
1 0.4066666666666667 0.3590801886792453 0.085 0.11910377358490566
