0 0.15795454545454546 0.1652490886998785 0.20227272727272727 0.031591737545565005
2 0.15454545454545454 0.21628189550425272 0.19545454545454546 0.019441069258809233
0 0.1715909090909091 0.25394896719319565 0.22045454545454546 0.031591737545565005
2 0.1590909090909091 0.30741190765492105 0.19545454545454546 0.019441069258809233
0 0.2159090909090909 0.34933171324422846 0.3181818181818182 0.03766707168894289
2 0.15454545454545454 0.3997569866342649 0.19545454545454546 0.019441069258809233
0 0.6954545454545454 0.4416767922235723 0.2636363636363636 0.030376670716889428
0 0.2159090909090909 0.4416767922235723 0.3090909090909091 0.03523693803159174
2 0.1590909090909091 0.4908869987849332 0.19545454545454546 0.019441069258809233
2 0.6613636363636364 0.4908869987849332 0.19545454545454546 0.019441069258809233
2 0.6613636363636364 0.6962332928311057 0.19545454545454546 0.019441069258809233
0 0.6465909090909091 0.7351154313487241 0.15227272727272728 0.02916160388821385
2 0.6647727272727273 0.787363304981774 0.19772727272727272 0.019441069258809233
0 0.22272727272727272 0.824422843256379 0.2409090909090909 0.032806804374240585
0 0.6795454545454546 0.8256379100850547 0.21818181818181817 0.027946537059538274
2 0.19772727272727272 0.8778857837181046 0.19545454545454546 0.018226002430133656
2 0.6647727272727273 0.8778857837181046 0.19772727272727272 0.018226002430133656
0 0.26022727272727275 0.9210206561360875 0.3159090909090909 0.03402187120291616
0 0.6931818181818182 0.9191980558930741 0.24545454545454545 0.030376670716889428
2 0.19772727272727272 0.9708383961117861 0.19545454545454546 0.01701093560145808
2 0.6647727272727273 0.9708383961117861 0.19772727272727272 0.01701093560145808
0 0.6443181818181818 0.6427703523693803 0.18863636363636363 0.026731470230862697
1 0.2034090909090909 0.18833535844471447 0.29318181818181815 0.07776427703523693
1 0.2318181818181818 0.2782503037667072 0.34545454545454546 0.07776427703523693
1 0.2840909090909091 0.36998784933171325 0.45454545454545453 0.07897934386391252
1 0.275 0.4617253948967193 0.4318181818181818 0.07533414337788578
1 0.6988636363636364 0.4629404617253949 0.275 0.07776427703523693
1 0.31477272727272726 0.8475091130012151 0.4340909090909091 0.08383961117861483
1 0.2806818181818182 0.9410692588092345 0.3568181818181818 0.07654921020656136
1 0.7579545454545454 0.939854191980559 0.375 0.07897934386391252
1 0.6840909090909091 0.8499392466585662 0.22727272727272727 0.07897934386391252
1 0.6977272727272728 0.758809234507898 0.2545454545454545 0.07897934386391252
1 0.6659090909090909 0.6670716889428918 0.2318181818181818 0.07533414337788578
