0 0.68140589569161 0.16342648845686514 0.19727891156462585 0.027946537059538274
2 0.6780045351473923 0.21688942891859053 0.19501133786848074 0.018226002430133656
0 0.7448979591836735 0.25698663426488455 0.31519274376417233 0.030376670716889428
2 0.6825396825396826 0.30741190765492105 0.19954648526077098 0.019441069258809233
0 0.7188208616780045 0.3469015795868773 0.26303854875283444 0.030376670716889428
2 0.6848072562358276 0.3985419198055893 0.19501133786848074 0.019441069258809233
0 0.23809523809523808 0.48055893074119077 0.35374149659863946 0.027946537059538274
2 0.15873015873015872 0.5334143377885784 0.19501133786848074 0.01701093560145808
0 0.14625850340136054 0.5710814094775213 0.16099773242630386 0.03645200486026731
2 0.15759637188208617 0.6257594167679222 0.1927437641723356 0.01701093560145808
0 0.22448979591836735 0.6658566221142163 0.32653061224489793 0.031591737545565005
2 0.09863945578231292 0.7193195625759417 0.07482993197278912 0.019441069258809233
1 0.2256235827664399 0.6889428918590522 0.3287981859410431 0.08019441069258809
1 0.23469387755102042 0.5048602673147023 0.35147392290249435 0.07654921020656136
1 0.1564625850340136 0.5972053462940462 0.19954648526077098 0.08383961117861483
1 0.7210884353741497 0.3712029161603888 0.26303854875283444 0.07654921020656136
1 0.7505668934240363 0.2770352369380316 0.32653061224489793 0.07776427703523693
1 0.6802721088435374 0.1865127582017011 0.19954648526077098 0.08140947752126367
