0 0.1746031746031746 0.2761087267525036 0.19444444444444445 0.034334763948497854
0 0.20436507936507936 0.32045779685264664 0.2619047619047619 0.04291845493562232
0 0.16666666666666666 0.36409155937052934 0.17857142857142858 0.030042918454935622
0 0.21329365079365079 0.40772532188841204 0.27976190476190477 0.034334763948497854
2 0.5515873015873016 0.4270386266094421 0.2619047619047619 0.0357653791130186
0 0.17857142857142858 0.45278969957081544 0.1984126984126984 0.032904148783977114
0 0.19543650793650794 0.49642346208869814 0.2361111111111111 0.031473533619456366
0 0.5337301587301587 0.5708154506437768 0.11904761904761904 0.034334763948497854
0 0.19642857142857142 0.572961373390558 0.2619047619047619 0.0357653791130186
0 0.5634920634920635 0.6144492131616596 0.18253968253968253 0.032904148783977114
0 0.21428571428571427 0.6144492131616596 0.2896825396825397 0.030042918454935622
0 0.7093253968253969 0.655937052932761 0.4742063492063492 0.03862660944206009
0 0.20238095238095238 0.6587982832618026 0.26587301587301587 0.032904148783977114
0 0.19543650793650794 0.7017167381974249 0.25595238095238093 0.03862660944206009
0 0.6597222222222222 0.703862660944206 0.36706349206349204 0.03719599427753934
0 0.13988095238095238 0.7467811158798283 0.14484126984126985 0.034334763948497854
0 0.5357142857142857 0.746065808297568 0.11904761904761904 0.030042918454935622
0 0.25 0.7896995708154506 0.35714285714285715 0.034334763948497854
0 0.628968253968254 0.7896995708154506 0.3055555555555556 0.034334763948497854
2 0.3968253968253968 0.3197424892703863 0.11507936507936507 0.03862660944206009
1 0.2648809523809524 0.3197424892703863 0.38293650793650796 0.044349070100143065
1 0.3740079365079365 0.45493562231759654 0.6091269841269841 0.12017167381974249
2 0.3680555555555556 0.7045779685264664 0.08531746031746032 0.032904148783977114
2 0.37797619047619047 0.5715307582260372 0.08531746031746032 0.032904148783977114
2 0.6359126984126984 0.5715307582260372 0.08531746031746032 0.032904148783977114
2 0.691468253968254 0.6158798283261803 0.08531746031746032 0.032904148783977114
1 0.24603174603174602 0.572961373390558 0.35714285714285715 0.0357653791130186
1 0.24107142857142858 0.7031473533619457 0.3472222222222222 0.0357653791130186
1 0.6041666666666666 0.6144492131616596 0.26785714285714285 0.032904148783977114
1 0.5763888888888888 0.5708154506437768 0.2123015873015873 0.031473533619456366
