0 0.19814814814814816 0.18413978494623656 0.25555555555555554 0.02956989247311828
2 0.462037037037037 0.18413978494623656 0.08333333333333333 0.021505376344086023
0 0.6796296296296296 0.1922043010752688 0.25925925925925924 0.026881720430107527
2 0.8944444444444445 0.1922043010752688 0.08148148148148149 0.01881720430107527
0 0.1712962962962963 0.2103494623655914 0.19444444444444445 0.0228494623655914
2 0.4601851851851852 0.20833333333333334 0.07962962962962963 0.01881720430107527
0 0.6361111111111111 0.21841397849462366 0.17222222222222222 0.020161290322580645
2 0.8944444444444445 0.21774193548387097 0.08148148148148149 0.01881720430107527
2 0.46111111111111114 0.2325268817204301 0.07777777777777778 0.021505376344086023
0 0.2037037037037037 0.23319892473118278 0.25925925925925924 0.0228494623655914
0 0.6194444444444445 0.24327956989247312 0.1388888888888889 0.021505376344086023
2 0.8935185185185185 0.24260752688172044 0.07962962962962963 0.020161290322580645
0 0.19074074074074074 0.25739247311827956 0.23703703703703705 0.020161290322580645
2 0.46296296296296297 0.2567204301075269 0.08148148148148149 0.01881720430107527
0 0.6342592592592593 0.2661290322580645 0.1685185185185185 0.026881720430107527
2 0.8935185185185185 0.2661290322580645 0.07962962962962963 0.01881720430107527
0 0.1685185185185185 0.28293010752688175 0.1962962962962963 0.0228494623655914
2 0.46111111111111114 0.28225806451612906 0.07777777777777778 0.01881720430107527
0 0.65 0.2916666666666667 0.2 0.021505376344086023
2 0.8944444444444445 0.290994623655914 0.08148148148148149 0.020161290322580645
0 0.1685185185185185 0.3077956989247312 0.18888888888888888 0.021505376344086023
2 0.46296296296296297 0.3071236559139785 0.08148148148148149 0.020161290322580645
0 0.6972222222222222 0.31586021505376344 0.29444444444444445 0.024193548387096774
0 0.21944444444444444 0.33131720430107525 0.29074074074074074 0.020161290322580645
2 0.46296296296296297 0.33064516129032256 0.08148148148148149 0.01881720430107527
0 0.2351851851851852 0.35618279569892475 0.32592592592592595 0.024193548387096774
2 0.8935185185185185 0.40658602150537637 0.08333333333333333 0.020161290322580645
0 0.6148148148148148 0.40793010752688175 0.1259259259259259 0.0228494623655914
0 0.6712962962962963 0.4321236559139785 0.24259259259259258 0.0228494623655914
2 0.8944444444444445 0.4307795698924731 0.08148148148148149 0.020161290322580645
2 0.4601851851851852 0.45161290322580644 0.07962962962962963 0.021505376344086023
0 0.14074074074074075 0.4529569892473118 0.13333333333333333 0.021505376344086023
0 0.674074074074074 0.4549731182795699 0.24074074074074073 0.020161290322580645
2 0.8944444444444445 0.4549731182795699 0.08148148148148149 0.020161290322580645
0 0.1675925925925926 0.4778225806451613 0.18703703703703703 0.0228494623655914
2 0.4601851851851852 0.47580645161290325 0.07962962962962963 0.01881720430107527
0 0.6537037037037037 0.4798387096774194 0.2037037037037037 0.024193548387096774
2 0.8944444444444445 0.4791666666666667 0.08148148148148149 0.020161290322580645
0 0.22314814814814815 0.5013440860215054 0.29814814814814816 0.021505376344086023
2 0.4601851851851852 0.5006720430107527 0.07962962962962963 0.020161290322580645
0 0.687962962962963 0.5040322580645161 0.26851851851851855 0.01881720430107527
2 0.8944444444444445 0.5040322580645161 0.08148148148148149 0.01881720430107527
2 0.4601851851851852 0.5248655913978495 0.07962962962962963 0.020161290322580645
0 0.17222222222222222 0.5268817204301075 0.1962962962962963 0.021505376344086023
0 0.662962962962963 0.5288978494623656 0.21851851851851853 0.0228494623655914
2 0.8935185185185185 0.5275537634408602 0.07962962962962963 0.020161290322580645
0 0.16296296296296298 0.5504032258064516 0.17777777777777778 0.0228494623655914
2 0.4601851851851852 0.5490591397849462 0.07962962962962963 0.020161290322580645
0 0.6583333333333333 0.5544354838709677 0.20925925925925926 0.0228494623655914
2 0.8935185185185185 0.5510752688172043 0.07962962962962963 0.01881720430107527
0 0.1638888888888889 0.5745967741935484 0.17592592592592593 0.025537634408602152
2 0.4601851851851852 0.573252688172043 0.07962962962962963 0.020161290322580645
2 0.8944444444444445 0.5766129032258065 0.08148148148148149 0.021505376344086023
0 0.6583333333333333 0.5779569892473119 0.20925925925925926 0.021505376344086023
0 0.18518518518518517 0.5981182795698925 0.2222222222222222 0.026881720430107527
2 0.4601851851851852 0.5981182795698925 0.07962962962962963 0.021505376344086023
0 0.6657407407407407 0.603494623655914 0.22777777777777777 0.024193548387096774
2 0.8944444444444445 0.6021505376344086 0.08148148148148149 0.021505376344086023
0 0.17592592592592593 0.6236559139784946 0.2037037037037037 0.021505376344086023
2 0.4601851851851852 0.6223118279569892 0.07962962962962963 0.01881720430107527
0 0.6694444444444444 0.6283602150537635 0.2351851851851852 0.025537634408602152
2 0.8944444444444445 0.6263440860215054 0.08148148148148149 0.01881720430107527
0 0.687962962962963 0.6498655913978495 0.2722222222222222 0.0228494623655914
0 0.14537037037037037 0.7009408602150538 0.14629629629629629 0.0228494623655914
0 0.6370370370370371 0.7022849462365591 0.17777777777777778 0.025537634408602152
2 0.8981481481481481 0.7022849462365591 0.09259259259259259 0.020161290322580645
2 0.4638888888888889 0.7029569892473119 0.09444444444444444 0.01881720430107527
0 0.19907407407407407 0.7264784946236559 0.2537037037037037 0.0228494623655914
0 0.6194444444444445 0.7264784946236559 0.1425925925925926 0.0228494623655914
2 0.4638888888888889 0.7271505376344086 0.09444444444444444 0.021505376344086023
2 0.8981481481481481 0.7271505376344086 0.09259259259259259 0.021505376344086023
0 0.2518518518518518 0.8239247311827957 0.35555555555555557 0.026881720430107527
2 0.6416666666666667 0.823252688172043 0.08333333333333333 0.020161290322580645
2 0.6416666666666667 0.8474462365591398 0.08333333333333333 0.020161290322580645
0 0.2351851851851852 0.8501344086021505 0.32222222222222224 0.0228494623655914
2 0.6416666666666667 0.8716397849462365 0.08333333333333333 0.020161290322580645
0 0.23425925925925925 0.8756720430107527 0.32037037037037036 0.0228494623655914
0 0.28425925925925927 0.8978494623655914 0.42407407407407405 0.021505376344086023
2 0.6416666666666667 0.896505376344086 0.08333333333333333 0.01881720430107527
2 0.6416666666666667 0.9206989247311828 0.08333333333333333 0.021505376344086023
0 0.27037037037037037 0.9213709677419355 0.4 0.0228494623655914
0 0.33425925925925926 0.9448924731182796 0.5203703703703704 0.02956989247311828
0 0.24814814814814815 0.9724462365591398 0.34814814814814815 0.0228494623655914
2 0.6416666666666667 0.9704301075268817 0.08333333333333333 0.01881720430107527
2 0.6435185185185185 0.9469086021505376 0.08333333333333333 0.020161290322580645
1 0.3787037037037037 0.823252688172043 0.6129629629629629 0.025537634408602152
1 0.375 0.9213709677419355 0.6092592592592593 0.020161290322580645
1 0.3768518518518518 0.9428763440860215 0.6129629629629629 0.025537634408602152
1 0.375 0.969758064516129 0.6129629629629629 0.025537634408602152
1 0.3768518518518518 0.8971774193548387 0.6092592592592593 0.020161290322580645
1 0.3768518518518518 0.8716397849462365 0.6092592592592593 0.020161290322580645
1 0.3768518518518518 0.8474462365591398 0.6092592592592593 0.020161290322580645
1 0.29074074074074074 0.7002688172043011 0.44074074074074077 0.026881720430107527
1 0.2935185185185185 0.7271505376344086 0.4388888888888889 0.024193548387096774
1 0.7462962962962963 0.7022849462365591 0.3962962962962963 0.025537634408602152
1 0.7462962962962963 0.7264784946236559 0.4 0.0228494623655914
2 0.8962962962962963 0.6518817204301075 0.08148148148148149 0.01881720430107527
2 0.8953703703703704 0.3165322580645161 0.08333333333333333 0.020161290322580645
1 0.2861111111111111 0.4522849462365591 0.42407407407407405 0.0228494623655914
1 0.287962962962963 0.47647849462365593 0.42407407407407405 0.0228494623655914
1 0.2861111111111111 0.5006720430107527 0.42407407407407405 0.0228494623655914
1 0.2861111111111111 0.5262096774193549 0.42407407407407405 0.0228494623655914
1 0.2861111111111111 0.5504032258064516 0.42407407407407405 0.0228494623655914
1 0.2861111111111111 0.5745967741935484 0.42407407407407405 0.0228494623655914
1 0.2861111111111111 0.5974462365591398 0.42407407407407405 0.0228494623655914
1 0.2861111111111111 0.6229838709677419 0.42407407407407405 0.0228494623655914
1 0.7444444444444445 0.40793010752688175 0.3851851851851852 0.0228494623655914
1 0.7444444444444445 0.4321236559139785 0.3851851851851852 0.0228494623655914
1 0.7425925925925926 0.4536290322580645 0.3851851851851852 0.0228494623655914
1 0.7444444444444445 0.48051075268817206 0.3851851851851852 0.0228494623655914
1 0.7444444444444445 0.5047043010752689 0.3851851851851852 0.0228494623655914
1 0.7444444444444445 0.530241935483871 0.3851851851851852 0.0228494623655914
1 0.7444444444444445 0.5544354838709677 0.3851851851851852 0.0228494623655914
1 0.7444444444444445 0.5786290322580645 0.3851851851851852 0.0228494623655914
1 0.7407407407407407 0.6028225806451613 0.3851851851851852 0.0228494623655914
1 0.7407407407407407 0.6283602150537635 0.3851851851851852 0.0228494623655914
1 0.7444444444444445 0.6512096774193549 0.3851851851851852 0.0228494623655914
2 0.46296296296296297 0.3548387096774194 0.08148148148148149 0.01881720430107527
1 0.28703703703703703 0.18413978494623656 0.43333333333333335 0.02956989247311828
1 0.28703703703703703 0.20900537634408603 0.42962962962962964 0.0228494623655914
1 0.2851851851851852 0.3071236559139785 0.42962962962962964 0.0228494623655914
1 0.28703703703703703 0.3299731182795699 0.42962962962962964 0.0228494623655914
1 0.28703703703703703 0.28293010752688175 0.42962962962962964 0.0228494623655914
1 0.28703703703703703 0.25739247311827956 0.42962962962962964 0.0228494623655914
1 0.2851851851851852 0.23454301075268819 0.42962962962962964 0.0228494623655914
1 0.28703703703703703 0.3071236559139785 0.42962962962962964 0.0228494623655914
1 0.287962962962963 0.35618279569892475 0.43148148148148147 0.026881720430107527
1 0.7425925925925926 0.1922043010752688 0.3851851851851852 0.026881720430107527
1 0.7416666666666667 0.21774193548387097 0.3907407407407407 0.021505376344086023
1 0.7435185185185185 0.3165322580645161 0.3907407407407407 0.025537634408602152
1 0.7453703703703703 0.24193548387096775 0.3907407407407407 0.021505376344086023
1 0.7435185185185185 0.2674731182795699 0.3907407407407407 0.021505376344086023
1 0.7435185185185185 0.2903225806451613 0.3907407407407407 0.021505376344086023
