0 0.203360768175583 0.3711288711288711 0.2393689986282579 0.05094905094905095
0 0.20919067215363513 0.4210789210789211 0.24828532235939643 0.04695304695304695
0 0.16598079561042525 0.468031968031968 0.15912208504801098 0.03696303696303696
0 0.5408093278463649 0.513986013986014 0.08161865569272976 0.03696303696303696
0 0.801440329218107 0.5179820179820179 0.16941015089163236 0.04495504495504495
0 0.23182441700960219 0.51998001998002 0.2962962962962963 0.03696303696303696
0 0.5775034293552812 0.5719280719280719 0.1550068587105624 0.05094905094905095
0 0.18484224965706447 0.5689310689310689 0.20507544581618656 0.04095904095904096
0 0.8295610425240055 0.570929070929071 0.22565157750342935 0.04495504495504495
0 0.18106995884773663 0.6178821178821179 0.19204389574759945 0.03696303696303696
0 0.5733882030178327 0.6228771228771228 0.1467764060356653 0.04695304695304695
0 0.8340192043895748 0.6178821178821179 0.2345679012345679 0.03696303696303696
0 0.7774348422496571 0.6678321678321678 0.12139917695473251 0.03696303696303696
0 0.16632373113854595 0.6698301698301699 0.16392318244170095 0.03896103896103896
0 0.5871056241426612 0.6743256743256744 0.17421124828532236 0.04595404595404595
0 0.5853909465020576 0.7202797202797203 0.1721536351165981 0.04995004995004995
0 0.19581618655692729 0.7237762237762237 0.2242798353909465 0.04295704295704296
0 0.19444444444444445 0.7722277722277723 0.22290809327846364 0.04995004995004995
