0 0.2024482109227872 0.18434343434343434 0.2504708097928437 0.04882154882154882
2 0.6421845574387948 0.2297979797979798 0.18832391713747645 0.04208754208754209
0 0.2015065913370998 0.23653198653198654 0.24858757062146894 0.04208754208754209
2 0.6431261770244822 0.2836700336700337 0.1902071563088512 0.04208754208754209
0 0.1864406779661017 0.28535353535353536 0.21468926553672316 0.03872053872053872
0 0.2184557438794727 0.3425925925925926 0.2598870056497175 0.04208754208754209
2 0.652542372881356 0.33754208754208753 0.21657250470809794 0.04208754208754209
0 0.1591337099811676 0.39225589225589225 0.15254237288135594 0.04377104377104377
2 0.6440677966101694 0.3947811447811448 0.192090395480226 0.03872053872053872
0 0.5338983050847458 0.48063973063973064 0.4500941619585687 0.04208754208754209
0 0.4086629001883239 0.5311447811447811 0.2071563088512241 0.03872053872053872
2 0.8785310734463276 0.5311447811447811 0.2128060263653484 0.045454545454545456
0 0.4190207156308851 0.5858585858585859 0.224105461393597 0.04377104377104377
2 0.8785310734463276 0.5833333333333334 0.2128060263653484 0.045454545454545456
0 0.3163841807909605 0.7146464646464646 0.22598870056497175 0.05218855218855219
2 0.2919020715630885 0.7668350168350169 0.2335216572504708 0.03535353535353535
2 0.2871939736346516 0.813973063973064 0.224105461393597 0.03535353535353535
1 0.3022598870056497 0.7609427609427609 0.2504708097928437 0.1447811447811448
2 0.8822975517890772 0.4823232323232323 0.2128060263653484 0.045454545454545456
2 0.6440677966101694 0.18434343434343434 0.18832391713747645 0.04208754208754209
1 0.6497175141242938 0.4797979797979798 0.6817325800376648 0.04713804713804714
1 0.6487758945386064 0.5277777777777778 0.6836158192090396 0.045454545454545456
1 0.647834274952919 0.5833333333333334 0.6779661016949152 0.045454545454545456
1 0.4048964218455744 0.18265993265993266 0.6591337099811676 0.04882154882154882
1 0.4048964218455744 0.23316498316498316 0.6591337099811676 0.04882154882154882
1 0.4067796610169492 0.2828282828282828 0.6591337099811676 0.04713804713804714
1 0.4256120527306968 0.3400673400673401 0.6741996233521658 0.04713804713804714
1 0.4133709981167608 0.3956228956228956 0.6610169491525424 0.04713804713804714
