0 0.17114695340501793 0.28099730458221023 0.14874551971326164 0.025606469002695417
2 0.4883512544802867 0.2816711590296496 0.14874551971326164 0.0215633423180593
0 0.1953405017921147 0.30660377358490565 0.2007168458781362 0.022911051212938006
2 0.4910394265232975 0.3086253369272237 0.16487455197132617 0.018867924528301886
0 0.1550179211469534 0.33221024258760107 0.12365591397849462 0.02021563342318059
2 0.4874551971326165 0.33490566037735847 0.15770609318996415 0.02021563342318059
0 0.17114695340501793 0.3564690026954178 0.14516129032258066 0.02021563342318059
2 0.489247311827957 0.3584905660377358 0.16129032258064516 0.018867924528301886
0 0.18548387096774194 0.38274932614555257 0.17383512544802868 0.02425876010781671
2 0.4883512544802867 0.38274932614555257 0.15949820788530467 0.0215633423180593
0 0.21953405017921146 0.40700808625336926 0.24193548387096775 0.026954177897574125
2 0.48655913978494625 0.4063342318059299 0.15591397849462366 0.022911051212938006
2 0.489247311827957 0.43194070080862534 0.15770609318996415 0.022911051212938006
0 0.1953405017921147 0.4326145552560647 0.1935483870967742 0.026954177897574125
0 0.1774193548387097 0.45889487870619944 0.16129032258064516 0.022911051212938006
2 0.48476702508960573 0.4582210242587601 0.16308243727598568 0.0215633423180593
0 0.19623655913978494 0.4831536388140162 0.1989247311827957 0.025606469002695417
2 0.4874551971326165 0.48180592991913745 0.15770609318996415 0.022911051212938006
0 0.18100358422939067 0.5074123989218329 0.14695340501792115 0.025606469002695417
2 0.4874551971326165 0.5074123989218329 0.16845878136200718 0.022911051212938006
2 0.4838709677419355 0.534366576819407 0.16487455197132617 0.025606469002695417
0 0.18458781362007168 0.5336927223719676 0.14695340501792115 0.0215633423180593
0 0.17921146953405018 0.6185983827493261 0.15053763440860216 0.026954177897574125
2 0.49372759856630827 0.6199460916442049 0.15232974910394265 0.02425876010781671
0 0.1532258064516129 0.6442048517520216 0.0985663082437276 0.02425876010781671
0 0.1827956989247312 0.6664420485175202 0.16845878136200718 0.022911051212938006
0 0.14874551971326164 0.692722371967655 0.1003584229390681 0.02425876010781671
2 0.4910394265232975 0.7183288409703504 0.15770609318996415 0.02425876010781671
0 0.16487455197132617 0.7183288409703504 0.13261648745519714 0.0215633423180593
2 0.492831541218638 0.7432614555256065 0.15770609318996415 0.022911051212938006
0 0.18458781362007168 0.7425876010781671 0.16129032258064516 0.0215633423180593
2 0.4946236559139785 0.7702156334231806 0.16129032258064516 0.022911051212938006
0 0.1774193548387097 0.7668463611859838 0.16487455197132617 0.0215633423180593
0 0.1693548387096774 0.7931266846361186 0.13440860215053763 0.022911051212938006
2 0.4910394265232975 0.7931266846361186 0.15412186379928317 0.022911051212938006
0 0.17831541218637992 0.8180592991913747 0.14874551971326164 0.026954177897574125
2 0.49014336917562723 0.8180592991913747 0.15232974910394265 0.026954177897574125
2 0.49014336917562723 0.8436657681940701 0.15949820788530467 0.026954177897574125
0 0.19982078853046595 0.8429919137466307 0.17383512544802868 0.022911051212938006
2 0.49014336917562723 0.8679245283018868 0.16308243727598568 0.02425876010781671
0 0.1693548387096774 0.8679245283018868 0.11648745519713262 0.0215633423180593
0 0.22580645161290322 0.8928571428571429 0.22939068100358423 0.025606469002695417
2 0.49551971326164873 0.6442048517520216 0.15232974910394265 0.02425876010781671
2 0.492831541218638 0.6671159029649596 0.16129032258064516 0.02425876010781671
2 0.49372759856630827 0.692722371967655 0.16308243727598568 0.02425876010781671
2 0.49014336917562723 0.8935309973045822 0.16308243727598568 0.02425876010781671
1 0.3387096774193548 0.6179245283018868 0.4659498207885305 0.02830188679245283
1 0.34229390681003585 0.8429919137466307 0.4551971326164875 0.022911051212938006
1 0.34408602150537637 0.8672506738544474 0.46236559139784944 0.022911051212938006
1 0.34139784946236557 0.8921832884097035 0.45698924731182794 0.02425876010781671
1 0.3378136200716846 0.818733153638814 0.46415770609318996 0.025606469002695417
1 0.3387096774193548 0.7911051212938005 0.46953405017921146 0.02425876010781671
1 0.33154121863799285 0.7668463611859838 0.4731182795698925 0.02425876010781671
1 0.33691756272401435 0.7425876010781671 0.46953405017921146 0.02425876010781671
1 0.33602150537634407 0.7163072776280324 0.471326164874552 0.025606469002695417
1 0.3342293906810036 0.6920485175202157 0.471326164874552 0.022911051212938006
1 0.33602150537634407 0.6677897574123989 0.471326164874552 0.022911051212938006
1 0.3387096774193548 0.6421832884097035 0.46953405017921146 0.022911051212938006
1 0.32974910394265233 0.2816711590296496 0.46953405017921146 0.026954177897574125
1 0.33602150537634407 0.3079514824797844 0.482078853046595 0.025606469002695417
1 0.3324372759856631 0.3328840970350404 0.471326164874552 0.0215633423180593
1 0.3342293906810036 0.3557951482479784 0.47491039426523296 0.018867924528301886
1 0.3342293906810036 0.40902964959568733 0.46774193548387094 0.022911051212938006
1 0.3324372759856631 0.4353099730458221 0.46774193548387094 0.02425876010781671
1 0.3324372759856631 0.45956873315363883 0.46774193548387094 0.02425876010781671
1 0.3333333333333333 0.4831536388140162 0.46953405017921146 0.025606469002695417
1 0.33691756272401435 0.5087601078167115 0.45878136200716846 0.02021563342318059
1 0.3387096774193548 0.5336927223719676 0.4551971326164875 0.02425876010781671
1 0.3342293906810036 0.38207547169811323 0.471326164874552 0.025606469002695417
