0 0.34375 0.21441605839416059 0.4427083333333333 0.03102189781021898
2 0.7994791666666666 0.22262773722627738 0.19791666666666666 0.0364963503649635
0 0.32421875 0.26277372262773724 0.4036458333333333 0.032846715328467155
2 0.7994791666666666 0.27007299270072993 0.19791666666666666 0.043795620437956206
0 0.30859375 0.3093065693430657 0.3723958333333333 0.03102189781021898
2 0.7994791666666666 0.3147810218978102 0.19791666666666666 0.03467153284671533
0 0.3372395833333333 0.3521897810218978 0.4296875 0.029197080291970802
2 0.7994791666666666 0.36405109489051096 0.19791666666666666 0.03832116788321168
0 0.31640625 0.39963503649635035 0.3880208333333333 0.040145985401459854
2 0.8020833333333334 0.41058394160583944 0.19270833333333334 0.040145985401459854
0 0.24479166666666666 0.44343065693430656 0.25 0.040145985401459854
2 0.7994791666666666 0.458029197080292 0.19791666666666666 0.0364963503649635
0 0.3372395833333333 0.4936131386861314 0.4348958333333333 0.03832116788321168
2 0.7994791666666666 0.5018248175182481 0.19791666666666666 0.0364963503649635
0 0.24609375 0.5364963503649635 0.24739583333333334 0.0364963503649635
2 0.8020833333333334 0.5547445255474452 0.19270833333333334 0.032846715328467155
0 0.37890625 0.5848540145985401 0.5130208333333334 0.03102189781021898
1 0.5104166666666666 0.21806569343065693 0.78125 0.041970802919708027
1 0.5078125 0.4516423357664234 0.78125 0.05291970802919708
1 0.5052083333333334 0.4972627737226277 0.78125 0.041970802919708027
1 0.5104166666666666 0.5437956204379562 0.7760416666666666 0.05474452554744526
1 0.5104166666666666 0.27007299270072993 0.78125 0.043795620437956206
1 0.51171875 0.3193430656934307 0.7786458333333334 0.04744525547445255
1 0.5091145833333334 0.3594890510948905 0.7786458333333334 0.04744525547445255
1 0.5104166666666666 0.40602189781021897 0.78125 0.04562043795620438
