2 0.5447619047619048 0.3095577746077033 0.16 0.025677603423680456
0 0.22 0.3095577746077033 0.26095238095238094 0.02282453637660485
2 0.560952380952381 0.3359486447931526 0.12 0.018544935805991442
0 0.16952380952380952 0.3359486447931526 0.16380952380952382 0.02710413694721826
2 0.5447619047619048 0.3609129814550642 0.15619047619047619 0.019971469329529243
0 0.16 0.3601997146932953 0.14095238095238094 0.024251069900142655
2 0.5485714285714286 0.3830242510699001 0.1523809523809524 0.024251069900142655
0 0.16952380952380952 0.38659058487874465 0.15619047619047619 0.02282453637660485
2 0.5476190476190477 0.4108416547788873 0.15428571428571428 0.019971469329529243
0 0.17333333333333334 0.41012838801711843 0.16 0.021398002853067047
2 0.5485714285714286 0.43366619115549215 0.14857142857142858 0.02282453637660485
0 0.22666666666666666 0.43580599144079885 0.26666666666666666 0.02710413694721826
2 0.5485714285714286 0.4600570613409415 0.15619047619047619 0.021398002853067047
0 0.17238095238095238 0.4614835948644793 0.1619047619047619 0.021398002853067047
2 0.5304761904761904 0.48573466476462196 0.1961904761904762 0.021398002853067047
0 0.19238095238095237 0.4893009985734665 0.2019047619047619 0.019971469329529243
2 0.5304761904761904 0.5092724679029957 0.1961904761904762 0.019971469329529243
0 0.1657142857142857 0.5099857346647646 0.14857142857142858 0.024251069900142655
2 0.5304761904761904 0.5342368045649073 0.1961904761904762 0.021398002853067047
0 0.16952380952380952 0.5356633380884451 0.13333333333333333 0.024251069900142655
2 0.5285714285714286 0.5620542082738944 0.1961904761904762 0.019971469329529243
0 0.17142857142857143 0.5613409415121255 0.13333333333333333 0.02710413694721826
2 0.5295238095238095 0.5855920114122682 0.19428571428571428 0.021398002853067047
0 0.16476190476190475 0.5905848787446505 0.13523809523809524 0.02282453637660485
2 0.5295238095238095 0.6105563480741797 0.19428571428571428 0.02282453637660485
0 0.17238095238095238 0.615549215406562 0.13523809523809524 0.02710413694721826
2 0.539047619047619 0.6348074179743224 0.17523809523809525 0.02282453637660485
0 0.17333333333333334 0.6369472182596291 0.13714285714285715 0.024251069900142655
2 0.54 0.6611982881597718 0.16952380952380952 0.021398002853067047
0 0.18857142857142858 0.6619115549215406 0.1676190476190476 0.03138373751783167
2 0.5428571428571428 0.7532097004279601 0.15619047619047619 0.02282453637660485
0 0.18095238095238095 0.7560627674750356 0.19047619047619047 0.028530670470756064
2 0.5428571428571428 0.7810271041369472 0.15619047619047619 0.024251069900142655
0 0.18857142857142858 0.7853067047075606 0.2057142857142857 0.029957203994293864
2 0.5419047619047619 0.8095577746077033 0.15428571428571428 0.024251069900142655
0 0.18285714285714286 0.8138373751783167 0.18285714285714286 0.02710413694721826
2 0.5476190476190477 0.8380884450784594 0.15428571428571428 0.024251069900142655
0 0.17238095238095238 0.8423680456490727 0.17333333333333334 0.02710413694721826
2 0.5247619047619048 0.8680456490727532 0.19238095238095237 0.024251069900142655
0 0.18571428571428572 0.8723252496433667 0.19238095238095237 0.029957203994293864
1 0.35619047619047617 0.7560627674750356 0.540952380952381 0.028530670470756064
1 0.3580952380952381 0.7845934379457917 0.5371428571428571 0.028530670470756064
1 0.35904761904761906 0.8124108416547788 0.5352380952380953 0.02710413694721826
1 0.35904761904761906 0.8430813124108416 0.5352380952380953 0.028530670470756064
1 0.3580952380952381 0.8716119828815977 0.5333333333333333 0.03138373751783167
1 0.35428571428571426 0.3102710413694722 0.5371428571428571 0.02710413694721826
1 0.35333333333333333 0.3359486447931526 0.5352380952380953 0.024251069900142655
1 0.3619047619047619 0.41012838801711843 0.5295238095238095 0.021398002853067047
1 0.35619047619047617 0.3616262482168331 0.5333333333333333 0.021398002853067047
1 0.36 0.38516405135520687 0.5295238095238095 0.028530670470756064
1 0.35523809523809524 0.43366619115549215 0.5352380952380953 0.02282453637660485
1 0.3619047619047619 0.5121255349500713 0.5333333333333333 0.02282453637660485
1 0.36666666666666664 0.6633380884450785 0.5238095238095238 0.028530670470756064
1 0.3580952380952381 0.46219686162624823 0.5333333333333333 0.02282453637660485
1 0.36 0.4864479315263909 0.5333333333333333 0.02282453637660485
1 0.36666666666666664 0.536376604850214 0.5276190476190477 0.025677603423680456
1 0.3676190476190476 0.5627674750356634 0.5257142857142857 0.024251069900142655
1 0.3638095238095238 0.5891583452211127 0.5333333333333333 0.02282453637660485
1 0.3657142857142857 0.6112696148359487 0.5219047619047619 0.024251069900142655
1 0.3647619047619048 0.6355206847360912 0.5238095238095238 0.02710413694721826
