2 0.5228571428571429 0.24184397163120566 0.11238095238095239 0.02127659574468085
0 0.16666666666666666 0.24326241134751772 0.10095238095238095 0.024113475177304965
2 0.520952380952381 0.26170212765957446 0.10857142857142857 0.02127659574468085
0 0.17333333333333334 0.26170212765957446 0.1180952380952381 0.02127659574468085
2 0.5219047619047619 0.28368794326241137 0.11047619047619048 0.02269503546099291
0 0.18761904761904763 0.28368794326241137 0.13523809523809524 0.02269503546099291
0 0.19428571428571428 0.3049645390070922 0.14857142857142858 0.02269503546099291
2 0.520952380952381 0.3049645390070922 0.11238095238095239 0.02269503546099291
2 0.5028571428571429 0.3617021276595745 0.14476190476190476 0.019858156028368795
0 0.16857142857142857 0.3638297872340426 0.10857142857142857 0.024113475177304965
2 0.5 0.3829787234042553 0.14285714285714285 0.019858156028368795
0 0.15714285714285714 0.3843971631205674 0.08190476190476191 0.02269503546099291
2 0.5028571428571429 0.40425531914893614 0.14857142857142858 0.02269503546099291
0 0.17523809523809525 0.4049645390070922 0.11428571428571428 0.024113475177304965
2 0.5028571428571429 0.42340425531914894 0.14476190476190476 0.02127659574468085
0 0.1961904761904762 0.42624113475177305 0.16 0.024113475177304965
2 0.5019047619047619 0.44397163120567373 0.14666666666666667 0.019858156028368795
0 0.19523809523809524 0.44680851063829785 0.1580952380952381 0.02269503546099291
2 0.5019047619047619 0.46595744680851064 0.14666666666666667 0.02127659574468085
0 0.16095238095238096 0.4666666666666667 0.08571428571428572 0.02553191489361702
0 0.21142857142857144 0.5276595744680851 0.19047619047619047 0.02269503546099291
2 0.52 0.5283687943262412 0.11047619047619048 0.02127659574468085
2 0.5190476190476191 0.5482269503546099 0.10857142857142857 0.018439716312056736
0 0.20476190476190476 0.5482269503546099 0.17714285714285713 0.024113475177304965
0 0.16952380952380952 0.5680851063829787 0.10666666666666667 0.02127659574468085
2 0.5219047619047619 0.5702127659574469 0.11047619047619048 0.019858156028368795
2 0.5219047619047619 0.5907801418439717 0.11047619047619048 0.015602836879432624
0 0.19238095238095237 0.5900709219858156 0.1523809523809524 0.02553191489361702
0 0.17809523809523808 0.6113475177304964 0.13523809523809524 0.02269503546099291
2 0.520952380952381 0.6120567375886525 0.10857142857142857 0.018439716312056736
2 0.520952380952381 0.6312056737588653 0.10857142857142857 0.019858156028368795
0 0.1819047619047619 0.6304964539007092 0.12761904761904763 0.02127659574468085
0 0.19047619047619047 0.6546099290780142 0.15619047619047619 0.02127659574468085
2 0.520952380952381 0.6524822695035462 0.10857142857142857 0.01702127659574468
0 0.21523809523809523 0.673049645390071 0.1980952380952381 0.024113475177304965
2 0.5228571428571429 0.673049645390071 0.10095238095238095 0.02127659574468085
0 0.2219047619047619 0.7368794326241135 0.21904761904761905 0.02127659574468085
2 0.5171428571428571 0.7397163120567376 0.12 0.018439716312056736
0 0.21333333333333335 0.7546099290780142 0.1980952380952381 0.019858156028368795
2 0.5219047619047619 0.7567375886524823 0.11428571428571428 0.018439716312056736
0 0.17238095238095238 0.775177304964539 0.12380952380952381 0.02127659574468085
2 0.5228571428571429 0.775177304964539 0.11238095238095239 0.018439716312056736
0 0.17523809523809525 0.7936170212765957 0.12571428571428572 0.018439716312056736
2 0.520952380952381 0.7936170212765957 0.10857142857142857 0.015602836879432624
0 0.17904761904761904 0.8113475177304964 0.1295238095238095 0.02269503546099291
2 0.5219047619047619 0.8120567375886525 0.11047619047619048 0.015602836879432624
0 0.19238095238095237 0.8297872340425532 0.1523809523809524 0.019858156028368795
2 0.5219047619047619 0.8312056737588652 0.11047619047619048 0.01702127659574468
0 0.22 0.850354609929078 0.20761904761904762 0.018439716312056736
2 0.5171428571428571 0.8489361702127659 0.11619047619047619 0.018439716312056736
0 0.18857142857142858 0.8659574468085106 0.13333333333333333 0.02127659574468085
2 0.520952380952381 0.8666666666666667 0.10857142857142857 0.019858156028368795
0 0.18761904761904763 0.8843971631205674 0.14666666666666667 0.02127659574468085
2 0.5219047619047619 0.8858156028368794 0.11047619047619048 0.015602836879432624
0 0.18 0.9028368794326241 0.12 0.018439716312056736
2 0.520952380952381 0.9042553191489362 0.11619047619047619 0.015602836879432624
0 0.20285714285714285 0.9219858156028369 0.14285714285714285 0.02269503546099291
2 0.520952380952381 0.9219858156028369 0.11238095238095239 0.01702127659574468
1 0.3466666666666667 0.7368794326241135 0.4685714285714286 0.02127659574468085
1 0.3466666666666667 0.7567375886524823 0.46476190476190476 0.02127659574468085
1 0.34476190476190477 0.774468085106383 0.46476190476190476 0.019858156028368795
1 0.3485714285714286 0.7929078014184398 0.4685714285714286 0.019858156028368795
1 0.3476190476190476 0.8680851063829788 0.45904761904761904 0.019858156028368795
1 0.3485714285714286 0.851063829787234 0.46476190476190476 0.019858156028368795
1 0.35333333333333333 0.9205673758865248 0.44761904761904764 0.02269503546099291
1 0.3485714285714286 0.8290780141843972 0.46476190476190476 0.02127659574468085
1 0.3476190476190476 0.9028368794326241 0.46285714285714286 0.018439716312056736
1 0.3457142857142857 0.8851063829787233 0.46285714285714286 0.019858156028368795
1 0.34 0.6127659574468085 0.45904761904761904 0.02269503546099291
1 0.3476190476190476 0.6326241134751773 0.46285714285714286 0.02269503546099291
1 0.3457142857142857 0.6539007092198581 0.46285714285714286 0.02269503546099291
1 0.34476190476190477 0.6716312056737589 0.45714285714285713 0.024113475177304965
1 0.3466666666666667 0.5893617021276596 0.46095238095238095 0.02127659574468085
1 0.3466666666666667 0.5695035460992908 0.46095238095238095 0.02127659574468085
1 0.3457142857142857 0.5482269503546099 0.45904761904761904 0.02127659574468085
1 0.3476190476190476 0.5276595744680851 0.46285714285714286 0.02269503546099291
1 0.3485714285714286 0.2425531914893617 0.46476190476190476 0.02553191489361702
1 0.3457142857142857 0.26170212765957446 0.46285714285714286 0.024113475177304965
1 0.3466666666666667 0.28297872340425534 0.45714285714285713 0.02127659574468085
1 0.3476190476190476 0.30425531914893617 0.4552380952380952 0.024113475177304965
1 0.3476190476190476 0.36312056737588655 0.46285714285714286 0.02553191489361702
1 0.3466666666666667 0.3843971631205674 0.46095238095238095 0.02553191489361702
1 0.3476190476190476 0.40425531914893614 0.4552380952380952 0.02553191489361702
1 0.3476190476190476 0.42624113475177305 0.46285714285714286 0.024113475177304965
1 0.3485714285714286 0.44468085106382976 0.45714285714285713 0.02127659574468085
1 0.3476190476190476 0.4666666666666667 0.45904761904761904 0.02269503546099291
1 0.3466666666666667 0.8141843971631205 0.4685714285714286 0.019858156028368795
