0 0.5666666666666667 0.29772079772079774 0.23047619047619047 0.02564102564102564
0 0.539047619047619 0.3262108262108262 0.17523809523809525 0.03133903133903134
0 0.5009523809523809 0.35826210826210825 0.10285714285714286 0.024216524216524215
0 0.5438095238095239 0.38817663817663817 0.18476190476190477 0.024216524216524215
0 0.5533333333333333 0.4188034188034188 0.1961904761904762 0.02564102564102564
0 0.6038095238095238 0.448005698005698 0.31238095238095237 0.021367521367521368
0 0.5780952380952381 0.4772079772079772 0.26095238095238094 0.022792022792022793
0 0.6133333333333333 0.5071225071225072 0.32 0.022792022792022793
0 0.5371428571428571 0.5384615384615384 0.16380952380952382 0.02564102564102564
2 0.8419047619047619 0.6153846153846154 0.14857142857142858 0.022792022792022793
0 0.5457142857142857 0.6210826210826211 0.18476190476190477 0.02849002849002849
2 0.8419047619047619 0.646011396011396 0.14857142857142858 0.024216524216524215
0 0.5171428571428571 0.6495726495726496 0.13142857142857142 0.02564102564102564
2 0.8419047619047619 0.6773504273504274 0.14857142857142858 0.024216524216524215
0 0.539047619047619 0.6801994301994302 0.16380952380952382 0.024216524216524215
2 0.8428571428571429 0.7072649572649573 0.15047619047619049 0.024216524216524215
0 0.49333333333333335 0.7108262108262108 0.08 0.02849002849002849
0 0.6047619047619047 0.7386039886039886 0.3028571428571429 0.024216524216524215
2 0.839047619047619 0.8205128205128205 0.15428571428571428 0.022792022792022793
0 0.5 0.8247863247863247 0.10476190476190476 0.02849002849002849
2 0.84 0.8504273504273504 0.15619047619047619 0.02564102564102564
0 0.5038095238095238 0.853988603988604 0.10857142857142857 0.024216524216524215
2 0.84 0.8789173789173789 0.15619047619047619 0.022792022792022793
0 0.5019047619047619 0.8839031339031339 0.10095238095238095 0.024216524216524215
2 0.84 0.9102564102564102 0.15619047619047619 0.022792022792022793
0 0.5295238095238095 0.9138176638176638 0.1523809523809524 0.024216524216524215
1 0.6828571428571428 0.8226495726495726 0.4666666666666667 0.027065527065527065
1 0.6847619047619048 0.8525641025641025 0.4666666666666667 0.024216524216524215
1 0.6847619047619048 0.8831908831908832 0.4666666666666667 0.02849002849002849
1 0.6876190476190476 0.9116809116809117 0.4685714285714286 0.02564102564102564
1 0.6847619047619048 0.6189458689458689 0.4666666666666667 0.027065527065527065
1 0.6828571428571428 0.6488603988603988 0.46285714285714286 0.029914529914529916
1 0.6857142857142857 0.6787749287749287 0.46095238095238095 0.027065527065527065
1 0.6838095238095238 0.707977207977208 0.46476190476190476 0.03133903133903134
