0 0.8172348484848485 0.27485795454545453 0.1534090909090909 0.024147727272727272
0 0.47632575757575757 0.27769886363636365 0.09659090909090909 0.024147727272727272
0 0.4659090909090909 0.30113636363636365 0.07575757575757576 0.022727272727272728
0 0.8134469696969697 0.32386363636363635 0.16098484848484848 0.022727272727272728
0 0.5293560606060606 0.3274147727272727 0.21401515151515152 0.02130681818181818
0 0.8125 0.3515625 0.1553030303030303 0.024147727272727272
0 0.5284090909090909 0.3522727272727273 0.20454545454545456 0.02556818181818182
0 0.8125 0.375 0.1553030303030303 0.022727272727272728
0 0.4990530303030303 0.3771306818181818 0.1534090909090909 0.024147727272727272
0 0.8125 0.39985795454545453 0.1553030303030303 0.024147727272727272
0 0.4772727272727273 0.40269886363636365 0.09848484848484848 0.024147727272727272
0 0.8058712121212122 0.42542613636363635 0.16856060606060605 0.024147727272727272
0 0.47632575757575757 0.4268465909090909 0.10795454545454546 0.024147727272727272
0 0.8143939393939394 0.4502840909090909 0.1590909090909091 0.022727272727272728
0 0.48579545454545453 0.453125 0.11174242424242424 0.019886363636363636
2 0.6070075757575758 0.5404829545454546 0.0928030303030303 0.029829545454545456
0 0.46875 0.5724431818181818 0.0928030303030303 0.022727272727272728
0 0.5018939393939394 0.5994318181818182 0.1553030303030303 0.02556818181818182
0 0.4933712121212121 0.6235795454545454 0.13825757575757575 0.022727272727272728
0 0.4564393939393939 0.6484375 0.06439393939393939 0.024147727272727272
0 0.4772727272727273 0.6725852272727273 0.10984848484848485 0.024147727272727272
0 0.48200757575757575 0.6995738636363636 0.10795454545454546 0.024147727272727272
0 0.4952651515151515 0.7528409090909091 0.1875 0.03977272727272727
0 0.5056818181818182 0.7933238636363636 0.1553030303030303 0.024147727272727272
0 0.5681818181818182 0.8174715909090909 0.2803030303030303 0.024147727272727272
0 0.48674242424242425 0.8977272727272727 0.10984848484848485 0.022727272727272728
0 0.8001893939393939 0.9041193181818182 0.1571969696969697 0.02130681818181818
0 0.4659090909090909 0.9225852272727273 0.08333333333333333 0.02130681818181818
0 0.8011363636363636 0.9296875 0.16666666666666666 0.026988636363636364
2 0.6373106060606061 0.7563920454545454 0.0928030303030303 0.029829545454545456
0 0.6515151515151515 0.5149147727272727 0.5 0.078125
1 0.6515151515151515 0.5134943181818182 0.5075757575757576 0.078125
1 0.5473484848484849 0.7528409090909091 0.2878787878787879 0.036931818181818184
1 0.6553030303030303 0.9282670454545454 0.4659090909090909 0.029829545454545456
1 0.6553030303030303 0.8977272727272727 0.44696969696969696 0.02556818181818182
1 0.6600378787878788 0.2762784090909091 0.4640151515151515 0.024147727272727272
1 0.6609848484848485 0.32670454545454547 0.4772727272727273 0.028409090909090908
1 0.6609848484848485 0.35298295454545453 0.4659090909090909 0.02130681818181818
1 0.6571969696969697 0.4012784090909091 0.4583333333333333 0.024147727272727272
1 0.6571969696969697 0.3757102272727273 0.4621212121212121 0.02130681818181818
1 0.6581439393939394 0.42542613636363635 0.4715909090909091 0.026988636363636364
1 0.6628787878787878 0.45170454545454547 0.4696969696969697 0.022727272727272728
