0 0.1632075471698113 0.25285714285714284 0.16037735849056603 0.037142857142857144
0 0.19622641509433963 0.3078571428571429 0.18867924528301888 0.03
0 0.24716981132075472 0.33071428571428574 0.2792452830188679 0.024285714285714285
0 0.19528301886792454 0.35642857142857143 0.17547169811320754 0.027142857142857142
0 0.24245283018867925 0.38285714285714284 0.2849056603773585 0.025714285714285714
0 0.19811320754716982 0.4057142857142857 0.19245283018867926 0.02857142857142857
0 0.1660377358490566 0.48714285714285716 0.16981132075471697 0.04285714285714286
0 0.1641509433962264 0.5285714285714286 0.12075471698113208 0.02857142857142857
0 0.2018867924528302 0.555 0.18490566037735848 0.024285714285714285
0 0.27547169811320754 0.58 0.3433962264150943 0.02857142857142857
0 0.16792452830188678 0.6057142857142858 0.13584905660377358 0.025714285714285714
0 0.1669811320754717 0.6714285714285714 0.16792452830188678 0.03428571428571429
0 0.18962264150943398 0.7157142857142857 0.16792452830188678 0.02857142857142857
0 0.19905660377358492 0.7407142857142858 0.1830188679245283 0.027142857142857142
0 0.21226415094339623 0.765 0.21320754716981133 0.024285714285714285
0 0.19622641509433963 0.7928571428571428 0.1811320754716981 0.02857142857142857
0 0.2179245283018868 0.8164285714285714 0.2169811320754717 0.024285714285714285
0 0.2783018867924528 0.8414285714285714 0.33773584905660375 0.02857142857142857
0 0.24433962264150944 0.8685714285714285 0.2660377358490566 0.025714285714285714
0 0.16792452830188678 0.8907142857142857 0.1169811320754717 0.024285714285714285
2 0.2952830188679245 0.2571428571428571 0.09245283018867924 0.025714285714285714
2 0.30471698113207546 0.4928571428571429 0.09245283018867924 0.025714285714285714
2 0.2971698113207547 0.6778571428571428 0.08867924528301886 0.024285714285714285
1 0.21320754716981133 0.6707142857142857 0.2679245283018868 0.03857142857142857
1 0.21320754716981133 0.48857142857142855 0.27547169811320754 0.04
1 0.21132075471698114 0.25357142857142856 0.2641509433962264 0.04428571428571428
