2 0.5352380952380953 0.33618233618233617 0.14857142857142858 0.02564102564102564
0 0.26857142857142857 0.33903133903133903 0.29333333333333333 0.02849002849002849
0 0.2895238095238095 0.36396011396011396 0.34285714285714286 0.027065527065527065
2 0.5285714285714286 0.38746438746438744 0.15428571428571428 0.022792022792022793
0 0.2704761904761905 0.4024216524216524 0.30095238095238097 0.04985754985754986
0 0.2361904761904762 0.44017094017094016 0.23238095238095238 0.02564102564102564
2 0.5323809523809524 0.46225071225071224 0.14666666666666667 0.024216524216524215
0 0.21142857142857144 0.46652421652421655 0.18285714285714286 0.024216524216524215
0 0.18476190476190477 0.5605413105413105 0.13714285714285715 0.024216524216524215
2 0.5285714285714286 0.5584045584045584 0.14666666666666667 0.022792022792022793
0 0.17523809523809525 0.584045584045584 0.1295238095238095 0.02564102564102564
2 0.5266666666666666 0.5826210826210826 0.14285714285714285 0.022792022792022793
0 0.18476190476190477 0.6111111111111112 0.14857142857142858 0.02564102564102564
2 0.5266666666666666 0.6075498575498576 0.14285714285714285 0.024216524216524215
0 0.2019047619047619 0.6353276353276354 0.18285714285714286 0.02564102564102564
2 0.5266666666666666 0.6339031339031339 0.14285714285714285 0.022792022792022793
2 0.5285714285714286 0.6574074074074074 0.14666666666666667 0.024216524216524215
0 0.18476190476190477 0.6602564102564102 0.13333333333333333 0.024216524216524215
0 0.23047619047619047 0.688034188034188 0.23238095238095238 0.03133903133903134
2 0.5257142857142857 0.6844729344729344 0.1523809523809524 0.024216524216524215
0 0.20476190476190476 0.7841880341880342 0.17714285714285713 0.03276353276353276
2 0.520952380952381 0.782051282051282 0.15428571428571428 0.02564102564102564
2 0.5219047619047619 0.8055555555555556 0.14857142857142858 0.024216524216524215
0 0.20095238095238097 0.8098290598290598 0.16952380952380952 0.027065527065527065
2 0.518095238095238 0.8311965811965812 0.15619047619047619 0.024216524216524215
0 0.19904761904761906 0.8326210826210826 0.1657142857142857 0.024216524216524215
0 0.15047619047619049 0.8568376068376068 0.07238095238095238 0.024216524216524215
2 0.52 0.8561253561253561 0.1523809523809524 0.022792022792022793
2 0.5361904761904762 0.4373219373219373 0.15047619047619049 0.022792022792022793
1 0.35904761904761906 0.6866096866096866 0.4895238095238095 0.03133903133903134
1 0.35714285714285715 0.7841880341880342 0.4819047619047619 0.03276353276353276
1 0.35619047619047617 0.8091168091168092 0.4838095238095238 0.022792022792022793
1 0.3580952380952381 0.8333333333333334 0.4723809523809524 0.02564102564102564
1 0.35428571428571426 0.8568376068376068 0.4838095238095238 0.027065527065527065
1 0.35904761904761906 0.5598290598290598 0.4857142857142857 0.02849002849002849
1 0.3580952380952381 0.5819088319088319 0.49142857142857144 0.027065527065527065
1 0.35714285714285715 0.6125356125356125 0.49333333333333335 0.02849002849002849
1 0.35714285714285715 0.6339031339031339 0.49333333333333335 0.02849002849002849
1 0.36 0.6595441595441596 0.4838095238095238 0.02564102564102564
2 0.5352380952380953 0.36182336182336183 0.14857142857142858 0.02564102564102564
1 0.3638095238095238 0.33760683760683763 0.4876190476190476 0.02849002849002849
1 0.3657142857142857 0.3646723646723647 0.4990476190476191 0.02849002849002849
1 0.3657142857142857 0.4408831908831909 0.49523809523809526 0.024216524216524215
1 0.3647619047619048 0.46438746438746437 0.49333333333333335 0.02564102564102564
1 0.3657142857142857 0.40384615384615385 0.49142857142857144 0.04700854700854701
