0 0.4829222011385199 0.254957507082153 0.127134724857685 0.025495750708215296
0 0.4819734345351044 0.2797450424929179 0.10246679316888045 0.024079320113314446
0 0.4990512333965844 0.3052407932011331 0.1442125237191651 0.021246458923512748
0 0.5066413662239089 0.3307365439093484 0.15180265654648956 0.026912181303116147
0 0.49146110056925996 0.35410764872521244 0.12903225806451613 0.0226628895184136
0 0.49146110056925996 0.38172804532577903 0.12903225806451613 0.024079320113314446
0 0.5104364326375711 0.40580736543909346 0.16698292220113853 0.029745042492917848
0 0.49146110056925996 0.43130311614730876 0.1252371916508539 0.024079320113314446
0 0.5018975332068312 0.45396600566572237 0.15370018975332067 0.026912181303116147
2 0.8273244781783681 0.45538243626062325 0.1555977229601518 0.024079320113314446
0 0.5075901328273245 0.4794617563739377 0.1347248576850095 0.026912181303116147
2 0.8273244781783681 0.48087818696883855 0.1555977229601518 0.024079320113314446
0 0.6499051233396584 0.5814447592067988 0.4952561669829222 0.06373937677053824
2 0.8311195445920304 0.6735127478753541 0.14800759013282733 0.024079320113314446
0 0.5275142314990512 0.6742209631728046 0.20872865275142316 0.025495750708215296
2 0.8311195445920304 0.6983002832861189 0.14800759013282733 0.0226628895184136
0 0.5018975332068312 0.7011331444759207 0.15370018975332067 0.025495750708215296
0 0.8311195445920304 0.7245042492917847 0.14800759013282733 0.024079320113314446
0 0.5104364326375711 0.726628895184136 0.18216318785578747 0.028328611898016998
0 0.579696394686907 0.7521246458923513 0.31688804554079697 0.0226628895184136
0 0.5113851992409867 0.7762039660056658 0.17647058823529413 0.0226628895184136
2 0.8330170777988615 0.7981586402266289 0.1442125237191651 0.024079320113314446
0 0.5379506641366224 0.8002832861189801 0.22960151802656548 0.025495750708215296
2 0.8349146110056926 0.8222379603399433 0.14041745730550284 0.024079320113314446
0 0.5768500948766604 0.8236543909348442 0.3111954459203036 0.026912181303116147
2 0.8358633776091081 0.8491501416430595 0.13851992409867173 0.024079320113314446
0 0.5170777988614801 0.8505665722379604 0.16888045540796964 0.026912181303116147
0 0.5777988614800759 0.8902266288951841 0.3055028462998102 0.049575070821529746
2 0.8377609108159393 0.9228045325779037 0.14231499051233396 0.024079320113314446
0 0.5284629981024668 0.9256373937677054 0.18785578747628084 0.026912181303116147
2 0.8320683111954459 0.7259206798866855 0.15370018975332067 0.021246458923512748
2 0.8320683111954459 0.8753541076487252 0.14990512333965844 0.0226628895184136
2 0.7703984819734345 0.22946175637393768 0.09108159392789374 0.0226628895184136
1 0.6660341555977229 0.4546742209631728 0.4781783681214421 0.028328611898016998
1 0.6726755218216319 0.4794617563739377 0.4648956356736243 0.026912181303116147
1 0.6641366223908919 0.6742209631728046 0.4819734345351044 0.028328611898016998
1 0.6688804554079696 0.7507082152974505 0.49146110056925996 0.025495750708215296
1 0.6669829222011385 0.7011331444759207 0.48007590132827327 0.028328611898016998
1 0.6641366223908919 0.7280453257790368 0.4857685009487666 0.028328611898016998
2 0.8320683111954459 0.7471671388101983 0.14990512333965844 0.021246458923512748
2 0.8330170777988615 0.7719546742209632 0.14800759013282733 0.025495750708215296
1 0.6679316888045541 0.7776203966005666 0.4857685009487666 0.0226628895184136
1 0.6650853889943074 0.7988668555240793 0.4838709677419355 0.025495750708215296
1 0.6631878557874763 0.8257790368271954 0.48007590132827327 0.0226628895184136
1 0.6679316888045541 0.8526912181303116 0.4781783681214421 0.028328611898016998
1 0.6650853889943074 0.8909348441926346 0.4876660341555977 0.04815864022662889
1 0.674573055028463 0.9277620396600567 0.47248576850094876 0.025495750708215296
