0 0.2947103274559194 0.2230347349177331 0.48866498740554154 0.043875685557586835
2 0.8073047858942065 0.22394881170018283 0.1889168765743073 0.038391224862888484
2 0.8073047858942065 0.273308957952468 0.19395465994962216 0.04204753199268738
0 0.28085642317380355 0.27056672760511885 0.4609571788413098 0.03290676416819013
2 0.8073047858942065 0.3171846435100548 0.19395465994962216 0.04204753199268738
0 0.23173803526448364 0.32084095063985374 0.36272040302267 0.031078610603290677
2 0.8073047858942065 0.36837294332723947 0.1889168765743073 0.038391224862888484
0 0.2871536523929471 0.37294332723948814 0.473551637279597 0.03290676416819013
2 0.8060453400503779 0.4149908592321755 0.18639798488664988 0.03656307129798903
0 0.2455919395465995 0.42047531992687387 0.3853904282115869 0.03656307129798903
2 0.8073047858942065 0.463436928702011 0.1889168765743073 0.038391224862888484
0 0.15994962216624686 0.463436928702011 0.2141057934508816 0.031078610603290677
2 0.8085642317380353 0.5082266910420475 0.18639798488664988 0.03656307129798903
0 0.23425692695214106 0.5127970749542962 0.36272040302267 0.038391224862888484
0 0.21536523929471033 0.5557586837294333 0.3249370277078086 0.03290676416819013
2 0.8073047858942065 0.5594149908592322 0.1889168765743073 0.03656307129798903
0 0.25692695214105793 0.6042047531992687 0.4080604534005038 0.04204753199268738
0 0.2695214105793451 0.6526508226691042 0.43828715365239296 0.043875685557586835
2 0.610831234256927 0.603290676416819 0.1889168765743073 0.03656307129798903
2 0.610831234256927 0.6508226691042047 0.1889168765743073 0.03656307129798903
1 0.47858942065491183 0.22212065813528337 0.8513853904282116 0.04570383912248629
1 0.4760705289672544 0.5575868372943327 0.8463476070528967 0.03656307129798903
1 0.3778337531486146 0.603290676416819 0.6649874055415617 0.043875685557586835
1 0.3765743073047859 0.6517367458866545 0.6624685138539043 0.04570383912248629
1 0.4760705289672544 0.27239488117001825 0.8463476070528967 0.03656307129798903
1 0.47103274559193953 0.4625228519195612 0.8463476070528967 0.03656307129798903
1 0.46851385390428213 0.506398537477148 0.8463476070528967 0.03656307129798903
1 0.4760705289672544 0.3711151736745887 0.8463476070528967 0.03656307129798903
1 0.473551637279597 0.41681901279707495 0.8463476070528967 0.03656307129798903
1 0.4760705289672544 0.3180987202925046 0.8463476070528967 0.03656307129798903
