0 0.2372611464968153 0.18167202572347266 0.3184713375796178 0.03536977491961415
2 0.8431528662420382 0.18220793140407288 0.1480891719745223 0.03429796355841372
0 0.2603503184713376 0.22186495176848875 0.3614649681528662 0.03858520900321544
2 0.8686305732484076 0.2207931404072883 0.09713375796178345 0.027867095391211148
0 0.2714968152866242 0.2604501607717042 0.09394904458598727 0.027867095391211148
0 0.36703821656050956 0.30064308681672025 0.5748407643312102 0.03751339764201501
2 0.8598726114649682 0.30064308681672025 0.11464968152866242 0.02679528403001072
0 0.26831210191082805 0.42818863879957125 0.37738853503184716 0.03751339764201501
2 0.8519108280254777 0.4265809217577706 0.1305732484076433 0.03215434083601286
0 0.2531847133757962 0.4662379421221865 0.3471337579617834 0.03215434083601286
2 0.8495222929936306 0.46730975348338694 0.13535031847133758 0.027867095391211148
0 0.303343949044586 0.5064308681672026 0.44745222929936307 0.03536977491961415
2 0.8527070063694268 0.5080385852090032 0.12898089171974522 0.030010718113612004
0 0.428343949044586 0.6264737406216506 0.697452229299363 0.03536977491961415
2 0.8519108280254777 0.6264737406216506 0.1305732484076433 0.031082529474812434
0 0.31130573248407645 0.6666666666666666 0.4601910828025478 0.030010718113612004
2 0.8519108280254777 0.6666666666666666 0.1305732484076433 0.03215434083601286
0 0.28423566878980894 0.7057877813504824 0.40923566878980894 0.03322615219721329
2 0.8527070063694268 0.7068595927116827 0.12898089171974522 0.031082529474812434
0 0.15445859872611464 0.8654876741693462 0.15605095541401273 0.03322615219721329
2 0.8662420382165605 0.864951768488746 0.10509554140127389 0.023579849946409433
0 0.20302547770700638 0.905144694533762 0.25 0.03322615219721329
2 0.8654458598726115 0.9056806002143623 0.10668789808917198 0.027867095391211148
1 0.4984076433121019 0.18060021436227225 0.8439490445859873 0.03751339764201501
1 0.49522292993630573 0.42497320471597 0.8439490445859873 0.03751339764201501
1 0.5 0.2202572347266881 0.8439490445859873 0.03751339764201501
1 0.5 0.2995712754555198 0.8439490445859873 0.03751339764201501
1 0.5 0.46355841371918544 0.8439490445859873 0.03751339764201501
1 0.4984076433121019 0.5032154340836013 0.8439490445859873 0.03751339764201501
1 0.4984076433121019 0.6232583065380493 0.8439490445859873 0.03751339764201501
1 0.5 0.6639871382636656 0.8439490445859873 0.03751339764201501
1 0.4968152866242038 0.7036441586280815 0.8439490445859873 0.03751339764201501
1 0.4968152866242038 0.8633440514469454 0.8439490445859873 0.03751339764201501
1 0.4968152866242038 0.9030010718113612 0.8439490445859873 0.03751339764201501
0 0.3678343949044586 0.2642015005359057 0.07643312101910828 0.02679528403001072
0 0.464171974522293 0.26366559485530544 0.10668789808917198 0.027867095391211148
0 0.7038216560509554 0.26366559485530544 0.13694267515923567 0.03215434083601286
0 0.5772292993630573 0.26366559485530544 0.10031847133757962 0.030010718113612004
