0 0.2490079365079365 0.24397299903567984 0.4146825396825397 0.03278688524590164
2 0.623015873015873 0.2415621986499518 0.0873015873015873 0.026036644165863067
0 0.24305555555555555 0.28302796528447444 0.4027777777777778 0.03567984570877531
2 0.623015873015873 0.2820636451301832 0.0873015873015873 0.026036644165863067
0 0.24801587301587302 0.3216007714561234 0.4126984126984127 0.033751205400192864
2 0.623015873015873 0.3216007714561234 0.0873015873015873 0.026036644165863067
0 0.24404761904761904 0.3630665380906461 0.4007936507936508 0.03567984570877531
2 0.623015873015873 0.3611378977820636 0.0873015873015873 0.024108003857280617
0 0.2152777777777778 0.3997107039537126 0.3392857142857143 0.027965284474445518
2 0.623015873015873 0.4006750241080039 0.0873015873015873 0.026036644165863067
0 0.22718253968253968 0.43972999035679844 0.3630952380952381 0.02892960462873674
2 0.623015873015873 0.4406943105110897 0.0873015873015873 0.02700096432015429
0 0.20833333333333334 0.5395371263259402 0.3333333333333333 0.029893924783027964
2 0.6101190476190477 0.5414657666345226 0.1130952380952381 0.026036644165863067
0 0.23313492063492064 0.5824493731918997 0.38293650793650796 0.04243008678881389
2 0.621031746031746 0.5805207328833173 0.09126984126984126 0.02507232401157184
0 0.22916666666666666 0.6200578592092575 0.375 0.02700096432015429
2 0.621031746031746 0.6205400192864031 0.09126984126984126 0.026036644165863067
0 0.22916666666666666 0.6600771456123433 0.375 0.027965284474445518
2 0.623015873015873 0.660559305689489 0.0873015873015873 0.02700096432015429
0 0.24603174603174602 0.6996142719382835 0.4087301587301587 0.037608486017357765
2 0.623015873015873 0.7000964320154291 0.0873015873015873 0.02507232401157184
0 0.16666666666666666 0.7377049180327869 0.25 0.03085824493731919
2 0.623015873015873 0.7396335583413693 0.0873015873015873 0.02700096432015429
0 0.21329365079365079 0.7782063645130183 0.34325396825396826 0.02892960462873674
2 0.623015873015873 0.7791706846673095 0.0873015873015873 0.02700096432015429
0 0.20436507936507936 0.8727097396335584 0.3253968253968254 0.03278688524590164
2 0.623015873015873 0.8741562198649951 0.0873015873015873 0.024108003857280617
0 0.22718253968253968 0.9156219864995179 0.37103174603174605 0.03567984570877531
2 0.623015873015873 0.9136933461909353 0.0873015873015873 0.026036644165863067
0 0.15178571428571427 0.95274831243973 0.22023809523809523 0.02892960462873674
2 0.623015873015873 0.95274831243973 0.0873015873015873 0.02507232401157184
1 0.3551587301587302 0.8722275795564127 0.626984126984127 0.033751205400192864
1 0.35714285714285715 0.9146576663452266 0.626984126984127 0.033751205400192864
1 0.3541666666666667 0.9522661523625844 0.628968253968254 0.03182256509161042
1 0.3541666666666667 0.5405014464802315 0.625 0.03182256509161042
1 0.3521825396825397 0.6600771456123433 0.625 0.03182256509161042
1 0.3541666666666667 0.6205400192864031 0.625 0.03182256509161042
1 0.35714285714285715 0.5800385728061717 0.623015873015873 0.04725168756027001
1 0.35615079365079366 0.6986499517839923 0.625 0.037608486017357765
1 0.3531746031746032 0.7391513982642237 0.6309523809523809 0.03182256509161042
1 0.3541666666666667 0.7772420443587271 0.628968253968254 0.03278688524590164
1 0.3551587301587302 0.24493731918997108 0.623015873015873 0.03471552555448409
1 0.35119047619047616 0.2806171648987464 0.623015873015873 0.03471552555448409
1 0.35119047619047616 0.3201542912246866 0.623015873015873 0.03471552555448409
1 0.3551587301587302 0.40019286403085824 0.623015873015873 0.03471552555448409
1 0.3541666666666667 0.36162005785920925 0.625 0.040501446480231434
1 0.3521825396825397 0.4406943105110897 0.625 0.02892960462873674
