0 0.18937875751503006 0.36502177068214803 0.19438877755511022 0.02467343976777939
0 0.1713426853707415 0.3925979680696662 0.13827655310621242 0.02467343976777939
0 0.19238476953907815 0.4862119013062409 0.18036072144288579 0.02902757619738752
0 0.18837675350701402 0.5123367198838897 0.17234468937875752 0.02902757619738752
0 0.21142284569138275 0.6081277213352685 0.218436873747495 0.026124818577648767
0 0.1713426853707415 0.6320754716981132 0.13827655310621242 0.02467343976777939
0 0.23847695390781562 0.7249637155297532 0.26452905811623245 0.033381712626995644
0 0.24148296593186372 0.8004354136429608 0.2785571142284569 0.027576197387518143
0 0.6022044088176353 0.36574746008708275 0.10220440881763528 0.026124818577648767
0 0.6392785571142284 0.41654571843251087 0.18036072144288579 0.026124818577648767
0 0.6623246492985972 0.46589259796806964 0.21442885771543085 0.02902757619738752
0 0.6763527054108216 0.5137880986937591 0.25851703406813625 0.026124818577648767
2 0.4649298597194389 0.36429608127721336 0.06012024048096192 0.026124818577648767
2 0.46392785571142287 0.4847605224963715 0.05811623246492986 0.026124818577648767
2 0.46392785571142287 0.604499274310595 0.05410821643286573 0.02467343976777939
2 0.47194388777555113 0.7256894049346879 0.04208416833667335 0.026124818577648767
2 0.46392785571142287 0.7982583454281568 0.050100200400801605 0.023222060957910014
2 0.8717434869739479 0.36502177068214803 0.06012024048096192 0.02467343976777939
2 0.8717434869739479 0.41509433962264153 0.06012024048096192 0.023222060957910014
2 0.87374749498998 0.4629898403483309 0.056112224448897796 0.026124818577648767
2 0.872745490981964 0.5174165457184325 0.06212424849699399 0.027576197387518143
1 0.30360721442885774 0.39985486211901305 0.40681362725450904 0.10595065312046444
1 0.30060120240480964 0.5159651669085631 0.3967935871743487 0.10304789550072568
1 0.30360721442885774 0.6386066763425254 0.4028056112224449 0.10449927431059507
1 0.3016032064128257 0.7343976777939042 0.4028056112224449 0.06386066763425254
1 0.29759519038076154 0.8200290275761973 0.39879759519038077 0.07547169811320754
1 0.7274549098196392 0.36502177068214803 0.35671342685370744 0.033381712626995644
1 0.720440881763527 0.41654571843251087 0.3627254509018036 0.02902757619738752
1 0.7274549098196392 0.4629898403483309 0.3486973947895792 0.03483309143686502
1 0.7244488977955912 0.5145137880986937 0.3627254509018036 0.036284470246734396
