0 0.2703180212014134 0.2506265664160401 0.17314487632508835 0.02506265664160401
2 0.8021201413427562 0.2506265664160401 0.10600706713780919 0.02506265664160401
0 0.26501766784452296 0.2807017543859649 0.1625441696113074 0.02506265664160401
2 0.7950530035335689 0.2819548872180451 0.12014134275618374 0.022556390977443608
0 0.3409893992932862 0.3107769423558897 0.31448763250883394 0.02506265664160401
2 0.7950530035335689 0.31203007518796994 0.12014134275618374 0.022556390977443608
0 0.3392226148409894 0.34210526315789475 0.31095406360424027 0.02756892230576441
2 0.8003533568904594 0.34210526315789475 0.12367491166077739 0.022556390977443608
0 0.2756183745583039 0.4223057644110276 0.18374558303886926 0.02756892230576441
2 0.7950530035335689 0.42355889724310775 0.12014134275618374 0.02506265664160401
0 0.284452296819788 0.4523809523809524 0.20141342756183744 0.02756892230576441
2 0.7932862190812721 0.45614035087719296 0.13074204946996468 0.03007518796992481
0 0.2915194346289753 0.48370927318295737 0.21554770318021202 0.02506265664160401
2 0.7932862190812721 0.4849624060150376 0.12367491166077739 0.022556390977443608
0 0.25618374558303886 0.5137844611528822 0.14487632508833923 0.02506265664160401
2 0.7950530035335689 0.5137844611528822 0.12014134275618374 0.02506265664160401
0 0.3392226148409894 0.5426065162907269 0.31095406360424027 0.02756892230576441
2 0.7950530035335689 0.5451127819548872 0.12014134275618374 0.022556390977443608
0 0.27385159010600707 0.5739348370927319 0.1872791519434629 0.02506265664160401
2 0.7950530035335689 0.575187969924812 0.12014134275618374 0.022556390977443608
0 0.28975265017667845 0.606516290726817 0.21908127208480566 0.03007518796992481
2 0.7950530035335689 0.6052631578947368 0.12014134275618374 0.022556390977443608
0 0.2862190812720848 0.6365914786967418 0.2049469964664311 0.03007518796992481
2 0.7932862190812721 0.6353383458646616 0.12367491166077739 0.022556390977443608
1 0.519434628975265 0.24937343358395989 0.6784452296819788 0.02756892230576441
1 0.519434628975265 0.2819548872180451 0.6784452296819788 0.02756892230576441
1 0.519434628975265 0.3107769423558897 0.6713780918727915 0.02506265664160401
1 0.5229681978798587 0.34210526315789475 0.6784452296819788 0.02756892230576441
1 0.5229681978798587 0.4824561403508772 0.6784452296819788 0.02756892230576441
1 0.5229681978798587 0.4548872180451128 0.6784452296819788 0.02756892230576441
1 0.519434628975265 0.4223057644110276 0.6784452296819788 0.02756892230576441
1 0.519434628975265 0.5125313283208021 0.6784452296819788 0.02756892230576441
1 0.5159010600706714 0.5451127819548872 0.6784452296819788 0.02756892230576441
1 0.519434628975265 0.575187969924812 0.6784452296819788 0.02756892230576441
1 0.519434628975265 0.6052631578947368 0.6784452296819788 0.02756892230576441
1 0.5159010600706714 0.6353383458646616 0.6784452296819788 0.02756892230576441
