0 0.13416666666666666 0.15444444444444444 0.10833333333333334 0.028888888888888888
2 0.31416666666666665 0.15666666666666668 0.028333333333333332 0.024444444444444446
0 0.75 0.16555555555555557 0.10666666666666667 0.03333333333333333
2 0.9108333333333334 0.17444444444444446 0.025 0.024444444444444446
0 0.1175 0.18777777777777777 0.08166666666666667 0.03333333333333333
2 0.3125 0.18888888888888888 0.028333333333333332 0.022222222222222223
0 0.745 0.1988888888888889 0.10333333333333333 0.03333333333333333
0 0.12 0.22 0.08333333333333333 0.03111111111111111
2 0.3125 0.22111111111111112 0.028333333333333332 0.028888888888888888
0 0.7508333333333334 0.23222222222222222 0.115 0.03333333333333333
0 0.105 0.2544444444444444 0.056666666666666664 0.028888888888888888
2 0.31333333333333335 0.25555555555555554 0.03 0.022222222222222223
0 0.7466666666666667 0.2611111111111111 0.09666666666666666 0.024444444444444446
2 0.9141666666666667 0.2688888888888889 0.025 0.022222222222222223
0 0.10166666666666667 0.2866666666666667 0.043333333333333335 0.03111111111111111
2 0.31333333333333335 0.2877777777777778 0.02666666666666667 0.02
0 0.745 0.29444444444444445 0.1 0.024444444444444446
0 0.1175 0.31777777777777777 0.085 0.03111111111111111
0 0.7558333333333334 0.32666666666666666 0.12166666666666667 0.02666666666666667
2 0.9166666666666666 0.33111111111111113 0.023333333333333334 0.022222222222222223
0 0.115 0.3522222222222222 0.08 0.028888888888888888
2 0.31333333333333335 0.3566666666666667 0.02666666666666667 0.024444444444444446
0 0.7658333333333334 0.3622222222222222 0.14166666666666666 0.035555555555555556
0 0.11916666666666667 0.3877777777777778 0.095 0.03777777777777778
2 0.3125 0.39111111111111113 0.028333333333333332 0.022222222222222223
0 0.765 0.39444444444444443 0.14 0.028888888888888888
0 0.11666666666666667 0.4211111111111111 0.09 0.03333333333333333
2 0.31083333333333335 0.4222222222222222 0.03166666666666667 0.02666666666666667
0 0.7675 0.4255555555555556 0.145 0.03333333333333333
0 0.7466666666666667 0.5233333333333333 0.09666666666666666 0.028888888888888888
2 0.9216666666666666 0.5266666666666666 0.02666666666666667 0.022222222222222223
0 0.1375 0.53 0.13833333333333334 0.028888888888888888
2 0.31083333333333335 0.53 0.03166666666666667 0.028888888888888888
0 0.7625 0.56 0.13166666666666665 0.035555555555555556
0 0.13 0.5644444444444444 0.12666666666666668 0.035555555555555556
2 0.3125 0.5644444444444444 0.028333333333333332 0.02666666666666667
0 0.7441666666666666 0.5922222222222222 0.09166666666666666 0.028888888888888888
2 0.9216666666666666 0.5911111111111111 0.02666666666666667 0.02666666666666667
0 0.1275 0.6 0.11833333333333333 0.035555555555555556
2 0.30833333333333335 0.5988888888888889 0.03 0.028888888888888888
0 0.7641666666666667 0.6255555555555555 0.12833333333333333 0.028888888888888888
2 0.9241666666666667 0.6266666666666667 0.025 0.02666666666666667
0 0.12833333333333333 0.6344444444444445 0.12 0.028888888888888888
2 0.30833333333333335 0.6322222222222222 0.03 0.024444444444444446
0 0.43083333333333335 0.6455555555555555 0.085 0.028888888888888888
0 0.7533333333333333 0.66 0.10666666666666667 0.035555555555555556
2 0.9241666666666667 0.66 0.025 0.022222222222222223
0 0.13333333333333333 0.67 0.13333333333333333 0.028888888888888888
2 0.3075 0.6677777777777778 0.028333333333333332 0.024444444444444446
0 0.435 0.68 0.09333333333333334 0.02666666666666667
0 0.7566666666666667 0.6922222222222222 0.11333333333333333 0.028888888888888888
2 0.9241666666666667 0.6933333333333334 0.025 0.022222222222222223
2 0.3075 0.7011111111111111 0.028333333333333332 0.028888888888888888
0 0.14416666666666667 0.7055555555555556 0.155 0.028888888888888888
0 0.43166666666666664 0.7144444444444444 0.08666666666666667 0.028888888888888888
2 0.30666666666666664 0.7366666666666667 0.03 0.028888888888888888
0 0.1225 0.7411111111111112 0.115 0.028888888888888888
0 0.43083333333333335 0.75 0.08833333333333333 0.028888888888888888
2 0.30666666666666664 0.7722222222222223 0.03 0.028888888888888888
0 0.14 0.7777777777777778 0.14666666666666667 0.02666666666666667
0 0.7241666666666666 0.7811111111111111 0.04833333333333333 0.028888888888888888
0 0.12583333333333332 0.8077777777777778 0.12166666666666667 0.028888888888888888
2 0.30666666666666664 0.8077777777777778 0.03 0.028888888888888888
0 0.7258333333333333 0.8155555555555556 0.04833333333333333 0.02666666666666667
0 0.12083333333333333 0.8433333333333334 0.11166666666666666 0.028888888888888888
2 0.30583333333333335 0.8422222222222222 0.028333333333333332 0.02666666666666667
0 0.7433333333333333 0.8544444444444445 0.08666666666666667 0.03333333333333333
0 0.9408333333333333 0.9377777777777778 0.045 0.06222222222222222
2 0.9133333333333333 0.23777777777777778 0.023333333333333334 0.02666666666666667
2 0.9133333333333333 0.20666666666666667 0.02666666666666667 0.022222222222222223
2 0.9166666666666666 0.3 0.023333333333333334 0.022222222222222223
2 0.9183333333333333 0.36333333333333334 0.023333333333333334 0.024444444444444446
2 0.9191666666666667 0.3977777777777778 0.021666666666666667 0.022222222222222223
2 0.92 0.43 0.02666666666666667 0.024444444444444446
1 0.8108333333333333 0.1688888888888889 0.22833333333333333 0.035555555555555556
1 0.8108333333333333 0.2 0.23833333333333334 0.035555555555555556
1 0.8108333333333333 0.23222222222222222 0.23166666666666666 0.03333333333333333
1 0.8133333333333334 0.2633333333333333 0.23 0.03333333333333333
1 0.8116666666666666 0.29555555555555557 0.23666666666666666 0.035555555555555556
1 0.8125 0.3277777777777778 0.235 0.03333333333333333
1 0.8141666666666667 0.36333333333333334 0.235 0.03333333333333333
1 0.8133333333333334 0.39555555555555555 0.23666666666666666 0.03111111111111111
1 0.8141666666666667 0.4288888888888889 0.24166666666666667 0.03111111111111111
2 0.31416666666666665 0.3233333333333333 0.028333333333333332 0.024444444444444446
1 0.20416666666666666 0.15666666666666668 0.24833333333333332 0.028888888888888888
1 0.2025 0.19 0.24833333333333332 0.028888888888888888
1 0.2025 0.25666666666666665 0.24833333333333332 0.028888888888888888
1 0.20916666666666667 0.22555555555555556 0.24833333333333332 0.028888888888888888
1 0.20416666666666666 0.2877777777777778 0.25166666666666665 0.03333333333333333
1 0.20166666666666666 0.3188888888888889 0.25333333333333335 0.028888888888888888
1 0.20083333333333334 0.3511111111111111 0.255 0.03111111111111111
1 0.20083333333333334 0.38666666666666666 0.25833333333333336 0.035555555555555556
1 0.19916666666666666 0.42 0.255 0.035555555555555556
1 0.19833333333333333 0.5288888888888889 0.26 0.03111111111111111
1 0.19833333333333333 0.5666666666666667 0.26 0.03111111111111111
1 0.195 0.5977777777777777 0.26 0.03111111111111111
1 0.195 0.6355555555555555 0.26 0.03111111111111111
1 0.195 0.6711111111111111 0.26 0.03111111111111111
1 0.19333333333333333 0.7044444444444444 0.26 0.03111111111111111
1 0.19333333333333333 0.74 0.26 0.03111111111111111
1 0.195 0.7755555555555556 0.26 0.03111111111111111
1 0.19333333333333333 0.8066666666666666 0.26 0.03111111111111111
1 0.19166666666666668 0.8422222222222222 0.26 0.03111111111111111
2 0.9283333333333333 0.78 0.03 0.02666666666666667
2 0.93 0.8455555555555555 0.03 0.028888888888888888
2 0.93 0.8133333333333334 0.03 0.02666666666666667
2 0.625 0.6444444444444445 0.03333333333333333 0.02666666666666667
2 0.6241666666666666 0.7144444444444444 0.028333333333333332 0.028888888888888888
2 0.6233333333333333 0.7488888888888889 0.03 0.022222222222222223
2 0.625 0.6788888888888889 0.03 0.028888888888888888
1 0.515 0.6466666666666666 0.25666666666666665 0.03111111111111111
1 0.515 0.68 0.25666666666666665 0.03111111111111111
1 0.5133333333333333 0.7155555555555555 0.25333333333333335 0.03111111111111111
1 0.5116666666666667 0.7477777777777778 0.25666666666666665 0.03333333333333333
1 0.8225 0.7822222222222223 0.24166666666666667 0.03111111111111111
1 0.8225 0.8155555555555556 0.24166666666666667 0.03111111111111111
1 0.8225 0.8488888888888889 0.245 0.035555555555555556
2 0.9225 0.56 0.025 0.02666666666666667
1 0.8175 0.5244444444444445 0.23833333333333334 0.03111111111111111
1 0.8175 0.5577777777777778 0.23833333333333334 0.035555555555555556
1 0.8175 0.5911111111111111 0.23833333333333334 0.03111111111111111
1 0.8191666666666667 0.6244444444444445 0.23833333333333334 0.03111111111111111
1 0.8175 0.66 0.23833333333333334 0.03111111111111111
1 0.8175 0.6911111111111111 0.23833333333333334 0.03111111111111111
0 0.18916666666666668 0.19 0.06166666666666667 0.028888888888888888
0 0.16583333333333333 0.25666666666666665 0.06166666666666667 0.028888888888888888
0 0.15583333333333332 0.2833333333333333 0.06166666666666667 0.028888888888888888
