0 0.32568359375 0.15966796875 0.2119140625 0.0244140625
2 0.626953125 0.16259765625 0.076171875 0.0263671875
0 0.32177734375 0.19775390625 0.2041015625 0.0244140625
2 0.62744140625 0.201171875 0.0771484375 0.03125
0 0.33935546875 0.2373046875 0.2392578125 0.02734375
2 0.62744140625 0.24267578125 0.0751953125 0.0263671875
0 0.33544921875 0.27685546875 0.2314453125 0.0244140625
2 0.62744140625 0.2802734375 0.0751953125 0.02734375
0 0.33154296875 0.31591796875 0.2236328125 0.0244140625
2 0.6279296875 0.3203125 0.07421875 0.025390625
0 0.32763671875 0.35498046875 0.2158203125 0.0263671875
2 0.626953125 0.35986328125 0.076171875 0.0263671875
0 0.31396484375 0.39501953125 0.1884765625 0.0244140625
2 0.62744140625 0.3984375 0.0751953125 0.02734375
0 0.30859375 0.43310546875 0.18359375 0.0283203125
2 0.62646484375 0.43798828125 0.0771484375 0.0283203125
0 0.31298828125 0.47265625 0.1865234375 0.025390625
2 0.626953125 0.4765625 0.07421875 0.025390625
0 0.291015625 0.5126953125 0.146484375 0.03515625
2 0.626953125 0.51611328125 0.076171875 0.0283203125
0 0.2958984375 0.55224609375 0.15234375 0.0302734375
2 0.6240234375 0.55615234375 0.083984375 0.0283203125
0 0.30419921875 0.59423828125 0.1650390625 0.0224609375
2 0.626953125 0.595703125 0.076171875 0.02734375
0 0.30078125 0.63330078125 0.158203125 0.0224609375
2 0.626953125 0.63525390625 0.076171875 0.0263671875
0 0.3076171875 0.66943359375 0.17578125 0.0283203125
2 0.62744140625 0.67236328125 0.0791015625 0.0341796875
0 0.30419921875 0.70849609375 0.1689453125 0.0283203125
2 0.6279296875 0.71337890625 0.07421875 0.0263671875
0 0.25732421875 0.75048828125 0.0712890625 0.0224609375
2 0.626953125 0.7529296875 0.07421875 0.02734375
0 0.25146484375 0.791015625 0.0634765625 0.0234375
0 0.27587890625 0.828125 0.1103515625 0.021484375
2 0.626953125 0.82958984375 0.07421875 0.0263671875
0 0.27880859375 0.86865234375 0.1162109375 0.0263671875
2 0.626953125 0.86865234375 0.07421875 0.0205078125
1 0.44287109375 0.16064453125 0.4482421875 0.0263671875
1 0.44287109375 0.19775390625 0.4482421875 0.0263671875
1 0.44384765625 0.23779296875 0.4462890625 0.0302734375
1 0.44482421875 0.27783203125 0.4482421875 0.0263671875
1 0.44287109375 0.31494140625 0.4482421875 0.0263671875
1 0.44287109375 0.35498046875 0.4482421875 0.0263671875
1 0.44189453125 0.396484375 0.4462890625 0.029296875
1 0.44287109375 0.5947265625 0.4462890625 0.029296875
1 0.43896484375 0.4345703125 0.4462890625 0.029296875
1 0.44091796875 0.474609375 0.4462890625 0.029296875
1 0.4404296875 0.51318359375 0.447265625 0.0380859375
1 0.44189453125 0.552734375 0.4482421875 0.03125
1 0.44091796875 0.66796875 0.4462890625 0.029296875
1 0.4443359375 0.6337890625 0.447265625 0.0234375
1 0.44287109375 0.7080078125 0.4462890625 0.029296875
1 0.44189453125 0.75 0.4443359375 0.0234375
1 0.44287109375 0.8271484375 0.4443359375 0.0234375
1 0.44189453125 0.869140625 0.4443359375 0.029296875
