0 0.12831858407079647 0.1258741258741259 0.16106194690265488 0.027972027972027972
2 0.3743362831858407 0.1258741258741259 0.07256637168141593 0.027972027972027972
0 0.6380530973451327 0.13076923076923078 0.14690265486725665 0.03496503496503497
2 0.9336283185840708 0.1258741258741259 0.07256637168141593 0.027972027972027972
0 0.17345132743362832 0.17412587412587413 0.2513274336283186 0.03496503496503497
2 0.41061946902654867 0.17412587412587413 0.14513274336283186 0.04055944055944056
0 0.6309734513274337 0.17272727272727273 0.13274336283185842 0.03496503496503497
2 0.9336283185840708 0.17132867132867133 0.07256637168141593 0.02937062937062937
0 0.12477876106194691 0.21748251748251748 0.15398230088495576 0.03496503496503497
0 0.6938053097345133 0.21678321678321677 0.26548672566371684 0.039160839160839164
2 0.9345132743362832 0.21468531468531468 0.07079646017699115 0.02937062937062937
2 0.3769911504424779 0.2153846153846154 0.07079646017699115 0.027972027972027972
0 0.12654867256637167 0.25944055944055944 0.15752212389380532 0.04055944055944056
0 0.6982300884955752 0.25804195804195806 0.2743362831858407 0.04055944055944056
2 0.3743362831858407 0.25804195804195806 0.06902654867256637 0.026573426573426574
2 0.9336283185840708 0.25804195804195806 0.07256637168141593 0.026573426573426574
0 0.6964601769911505 0.3055944055944056 0.2672566371681416 0.04055944055944056
0 0.1743362831858407 0.3034965034965035 0.26017699115044246 0.039160839160839164
2 0.3858407079646018 0.3027972027972028 0.049557522123893805 0.026573426573426574
2 0.9345132743362832 0.3027972027972028 0.07079646017699115 0.026573426573426574
0 0.6964601769911505 0.34825174825174826 0.2672566371681416 0.039160839160839164
0 0.18761061946902655 0.3475524475524476 0.27964601769911507 0.032167832167832165
2 0.9345132743362832 0.34545454545454546 0.07079646017699115 0.027972027972027972
0 0.18141592920353983 0.393006993006993 0.27079646017699116 0.03636363636363636
0 0.6654867256637168 0.3902097902097902 0.20176991150442478 0.03076923076923077
2 0.9345132743362832 0.3902097902097902 0.07079646017699115 0.027972027972027972
0 0.18672566371681415 0.4370629370629371 0.2778761061946903 0.03496503496503497
0 0.7176991150442478 0.43636363636363634 0.30619469026548674 0.033566433566433566
2 0.9336283185840708 0.43496503496503497 0.07256637168141593 0.027972027972027972
0 0.1672566371681416 0.47762237762237764 0.24601769911504426 0.02937062937062937
0 0.6451327433628319 0.47762237762237764 0.16106194690265488 0.02937062937062937
2 0.9345132743362832 0.47762237762237764 0.07079646017699115 0.02937062937062937
2 0.3831858407079646 0.47692307692307695 0.06548672566371681 0.033566433566433566
0 0.12920353982300886 0.5237762237762238 0.16991150442477876 0.032167832167832165
2 0.38672566371681416 0.5195804195804196 0.05132743362831858 0.026573426573426574
0 0.7194690265486726 0.5244755244755245 0.30973451327433627 0.033566433566433566
0 0.12212389380530973 0.5629370629370629 0.15575221238938053 0.02937062937062937
2 0.3769911504424779 0.5636363636363636 0.07079646017699115 0.027972027972027972
0 0.6442477876106195 0.5636363636363636 0.1592920353982301 0.027972027972027972
0 0.09380530973451327 0.6055944055944056 0.09911504424778761 0.033566433566433566
2 0.41061946902654867 0.6111888111888112 0.1415929203539823 0.039160839160839164
0 0.6079646017699115 0.6083916083916084 0.08672566371681416 0.027972027972027972
0 0.1752212389380531 0.6685314685314685 0.2584070796460177 0.07272727272727272
2 0.41061946902654867 0.6552447552447552 0.14513274336283186 0.04055944055944056
0 0.6902654867256637 0.6664335664335664 0.25486725663716814 0.06853146853146853
2 0.9345132743362832 0.6524475524475525 0.07079646017699115 0.02937062937062937
1 0.23008849557522124 0.1258741258741259 0.37168141592920356 0.03076923076923077
2 0.3787610619469027 0.34545454545454546 0.07079646017699115 0.027972027972027972
2 0.3734513274336283 0.3888111888111888 0.07079646017699115 0.027972027972027972
2 0.3769911504424779 0.43356643356643354 0.07079646017699115 0.027972027972027972
2 0.9327433628318584 0.5209790209790209 0.07079646017699115 0.02937062937062937
1 0.2672566371681416 0.17552447552447553 0.4389380530973451 0.03776223776223776
1 0.23097345132743363 0.21468531468531468 0.3734513274336283 0.03496503496503497
1 0.23008849557522124 0.25804195804195806 0.36460176991150445 0.04055944055944056
1 0.22743362831858407 0.34615384615384615 0.3734513274336283 0.03496503496503497
1 0.22920353982300884 0.3041958041958042 0.3734513274336283 0.03776223776223776
1 0.22920353982300884 0.3923076923076923 0.3734513274336283 0.03776223776223776
1 0.23008849557522124 0.4314685314685315 0.37168141592920356 0.02937062937062937
1 0.23008849557522124 0.4734265734265734 0.37168141592920356 0.02937062937062937
1 0.22831858407079647 0.5216783216783217 0.37168141592920356 0.03636363636363636
1 0.23008849557522124 0.5615384615384615 0.37168141592920356 0.02937062937062937
1 0.2628318584070796 0.606993006993007 0.4407079646017699 0.04195804195804196
1 0.2628318584070796 0.6685314685314685 0.43716814159292033 0.07552447552447553
1 0.7690265486725664 0.12867132867132866 0.40530973451327434 0.033566433566433566
1 0.7672566371681416 0.17062937062937064 0.4088495575221239 0.04195804195804196
1 0.7646017699115044 0.21678321678321677 0.41061946902654867 0.039160839160839164
1 0.7699115044247787 0.2573426573426573 0.41061946902654867 0.039160839160839164
1 0.7699115044247787 0.3020979020979021 0.41061946902654867 0.039160839160839164
1 0.768141592920354 0.34405594405594403 0.41061946902654867 0.039160839160839164
1 0.7663716814159292 0.38741258741258744 0.40353982300884955 0.033566433566433566
1 0.7663716814159292 0.47412587412587415 0.40353982300884955 0.033566433566433566
1 0.768141592920354 0.43216783216783217 0.40353982300884955 0.033566433566433566
1 0.7663716814159292 0.6650349650349651 0.41061946902654867 0.06853146853146853
1 0.768141592920354 0.5202797202797202 0.40353982300884955 0.033566433566433566
