0 0.47 0.1723568281938326 0.30923076923076925 0.034140969162995596
2 0.6823076923076923 0.18777533039647576 0.0876923076923077 0.042951541850220265
0 0.3930769230769231 0.24174008810572686 0.46 0.0473568281938326
0 0.46384615384615385 0.31828193832599116 0.2969230769230769 0.039647577092511016
2 0.6723076923076923 0.32874449339207046 0.09230769230769231 0.04515418502202643
0 0.3946153846153846 0.3898678414096916 0.43538461538461537 0.04185022026431718
2 0.6761538461538461 0.4041850220264317 0.08153846153846153 0.039647577092511016
0 0.3930769230769231 0.45759911894273125 0.42923076923076925 0.040748898678414094
2 0.6730769230769231 0.4724669603524229 0.08153846153846153 0.037444933920704845
0 0.5223076923076924 0.5275330396475771 0.17384615384615384 0.037444933920704845
2 0.6715384615384615 0.538546255506608 0.08461538461538462 0.037444933920704845
0 0.3823076923076923 0.5936123348017621 0.45076923076923076 0.039647577092511016
2 0.6692307692307692 0.6029735682819384 0.08615384615384615 0.040748898678414094
0 0.3546153846153846 0.6800660792951542 0.4969230769230769 0.07599118942731277
2 0.6676923076923077 0.7004405286343612 0.08615384615384615 0.039647577092511016
0 0.47384615384615386 0.7841409691629956 0.27692307692307694 0.03524229074889868
2 0.6653846153846154 0.7951541850220264 0.08153846153846153 0.037444933920704845
0 0.4807692307692308 0.848568281938326 0.25076923076923074 0.03854625550660793
2 0.666923076923077 0.8540748898678414 0.09384615384615384 0.040748898678414094
1 0.4453846153846154 0.46806167400881055 0.536923076923077 0.05947136563876652
1 0.5753846153846154 0.539647577092511 0.28307692307692306 0.05726872246696035
1 0.4346153846153846 0.6029735682819384 0.5523076923076923 0.05837004405286344
1 0.5 0.7907488986784141 0.41846153846153844 0.05066079295154185
1 0.40923076923076923 0.6960352422907489 0.6 0.10792951541850221
1 0.5353846153846153 0.8529735682819384 0.3569230769230769 0.04955947136563876
2 0.68 0.2626651982378855 0.09230769230769231 0.04515418502202643
1 0.43153846153846154 0.33370044052863435 0.58 0.05947136563876652
1 0.4492307692307692 0.4025330396475771 0.5384615384615384 0.06277533039647577
1 0.4453846153846154 0.2544052863436123 0.5553846153846154 0.06387665198237885
1 0.52 0.183920704845815 0.40923076923076923 0.06167400881057269
