2 0.8251953125 0.2177734375 0.068359375 0.0224609375
0 0.21028645833333334 0.22021484375 0.23697916666666666 0.0283203125
2 0.8248697916666666 0.249755859375 0.0703125 0.02490234375
0 0.20442708333333334 0.251953125 0.2265625 0.025390625
2 0.8264973958333334 0.283447265625 0.06966145833333333 0.02392578125
0 0.193359375 0.283935546875 0.22135416666666666 0.03076171875
2 0.82421875 0.317626953125 0.0703125 0.02490234375
0 0.22102864583333334 0.3173828125 0.2805989583333333 0.029296875
2 0.8264973958333334 0.352294921875 0.072265625 0.02392578125
0 0.23046875 0.3515625 0.3111979166666667 0.0341796875
2 0.8287760416666666 0.38623046875 0.07161458333333333 0.025390625
0 0.177734375 0.384033203125 0.20833333333333334 0.03076171875
0 0.1982421875 0.41943359375 0.2571614583333333 0.03125
2 0.8277994791666666 0.42138671875 0.07356770833333333 0.025390625
0 0.1494140625 0.4521484375 0.16341145833333334 0.0341796875
2 0.8291015625 0.45751953125 0.07356770833333333 0.0263671875
0 0.09505208333333333 0.483154296875 0.059895833333333336 0.02685546875
0 0.18587239583333334 0.520263671875 0.2506510416666667 0.03662109375
2 0.8330078125 0.52978515625 0.07356770833333333 0.025390625
0 0.14518229166666666 0.556396484375 0.17578125 0.03173828125
2 0.8346354166666666 0.5673828125 0.07552083333333333 0.0263671875
0 0.13736979166666666 0.592529296875 0.16927083333333334 0.03173828125
2 0.8372395833333334 0.603759765625 0.07552083333333333 0.02685546875
0 0.134765625 0.626708984375 0.17447916666666666 0.02783203125
2 0.8365885416666666 0.643310546875 0.07682291666666667 0.02783203125
0 0.7701822916666666 0.7392578125 0.26953125 0.05859375
0 0.11393229166666667 0.72265625 0.15234375 0.0576171875
0 0.15559895833333334 0.77783203125 0.2565104166666667 0.0537109375
0 0.7516276041666666 0.794677734375 0.23111979166666666 0.05810546875
0 0.16927083333333334 0.834228515625 0.3138020833333333 0.06201171875
2 0.8401692708333334 0.4931640625 0.09830729166666667 0.0263671875
1 0.474609375 0.218994140625 0.7708333333333334 0.02685546875
1 0.4752604166666667 0.25146484375 0.7747395833333334 0.02734375
1 0.4713541666666667 0.28369140625 0.7760416666666666 0.033203125
1 0.4700520833333333 0.31787109375 0.7760416666666666 0.033203125
1 0.4680989583333333 0.349853515625 0.7838541666666666 0.03369140625
1 0.4694010416666667 0.38525390625 0.7955729166666666 0.033203125
1 0.4661458333333333 0.41650390625 0.7955729166666666 0.033203125
1 0.4674479166666667 0.4521484375 0.7955729166666666 0.033203125
1 0.4778645833333333 0.48681640625 0.8307291666666666 0.0341796875
1 0.4632161458333333 0.52197265625 0.8053385416666666 0.037109375
1 0.46484375 0.56005859375 0.8177083333333334 0.0439453125
1 0.4635416666666667 0.5966796875 0.8255208333333334 0.04296875
1 0.4599609375 0.635009765625 0.8287760416666666 0.04248046875
