2 0.6468098958333334 0.3935546875 0.054036458333333336 0.0205078125
0 0.3707682291666667 0.398193359375 0.099609375 0.02392578125
2 0.6484375 0.41845703125 0.057291666666666664 0.0205078125
0 0.3759765625 0.426025390625 0.10481770833333333 0.02001953125
2 0.6572265625 0.44677734375 0.042317708333333336 0.017578125
0 0.3779296875 0.45263671875 0.10611979166666667 0.021484375
2 0.6591796875 0.47412109375 0.042317708333333336 0.017578125
0 0.4124348958333333 0.478759765625 0.17122395833333334 0.02197265625
2 0.6591796875 0.50146484375 0.042317708333333336 0.017578125
0 0.3795572916666667 0.506591796875 0.1015625 0.02001953125
2 0.6611328125 0.5283203125 0.042317708333333336 0.0185546875
0 0.3785807291666667 0.533447265625 0.099609375 0.01904296875
2 0.6611328125 0.554931640625 0.042317708333333336 0.01708984375
0 0.4055989583333333 0.559326171875 0.15104166666666666 0.02294921875
2 0.6624348958333334 0.58154296875 0.042317708333333336 0.0185546875
0 0.3815104166666667 0.5869140625 0.09765625 0.0185546875
2 0.6624348958333334 0.6083984375 0.042317708333333336 0.017578125
0 0.3815104166666667 0.61279296875 0.09895833333333333 0.021484375
2 0.6643880208333334 0.635009765625 0.042317708333333336 0.01904296875
0 0.3968098958333333 0.64013671875 0.12565104166666666 0.0185546875
2 0.6663411458333334 0.66162109375 0.042317708333333336 0.017578125
0 0.46484375 0.66552734375 0.26171875 0.0244140625
0 0.42578125 0.690673828125 0.18098958333333334 0.02294921875
2 0.6669921875 0.68896484375 0.041015625 0.017578125
2 0.6676432291666666 0.71630859375 0.042317708333333336 0.017578125
0 0.3883463541666667 0.719970703125 0.103515625 0.02294921875
2 0.6686197916666666 0.7431640625 0.044270833333333336 0.0185546875
0 0.4117838541666667 0.747802734375 0.14778645833333334 0.02001953125
0 0.4462890625 0.77197265625 0.21158854166666666 0.0234375
2 0.6695963541666666 0.769775390625 0.042317708333333336 0.01708984375
0 0.4654947916666667 0.798828125 0.2526041666666667 0.0234375
2 0.6715494791666666 0.797119140625 0.042317708333333336 0.01708984375
1 0.5299479166666666 0.42333984375 0.4166666666666667 0.029296875
1 0.5299479166666666 0.39404296875 0.4166666666666667 0.029296875
1 0.5009765625 0.451416015625 0.3561197916666667 0.02587890625
1 0.5042317708333334 0.477783203125 0.3561197916666667 0.02587890625
1 0.5042317708333334 0.503662109375 0.3561197916666667 0.02587890625
1 0.5048828125 0.531494140625 0.3561197916666667 0.02294921875
1 0.5074869791666666 0.558837890625 0.3561197916666667 0.02294921875
1 0.5100911458333334 0.583740234375 0.3561197916666667 0.02294921875
1 0.5081380208333334 0.611083984375 0.3561197916666667 0.02294921875
1 0.5107421875 0.636962890625 0.3561197916666667 0.02294921875
1 0.5107421875 0.689208984375 0.3561197916666667 0.02294921875
1 0.5120442708333334 0.718505859375 0.3561197916666667 0.02294921875
1 0.5100911458333334 0.665283203125 0.3561197916666667 0.02294921875
1 0.5120442708333334 0.771728515625 0.3561197916666667 0.02294921875
1 0.5133463541666666 0.746337890625 0.3561197916666667 0.02294921875
1 0.5159505208333334 0.797607421875 0.353515625 0.02294921875
2 0.7093098958333334 0.3916015625 0.054036458333333336 0.0205078125
2 0.7083333333333334 0.4189453125 0.057291666666666664 0.0205078125
