0 0.7140625 0.06875 0.246875 0.03125
2 0.9697916666666667 0.06614583333333333 0.029166666666666667 0.021875
0 0.7291666666666666 0.128125 0.275 0.029166666666666667
2 0.9697916666666667 0.1265625 0.029166666666666667 0.021875
0 0.7588541666666667 0.1875 0.328125 0.035416666666666666
2 0.9697916666666667 0.18541666666666667 0.029166666666666667 0.022916666666666665
0 0.6901041666666666 0.24635416666666668 0.196875 0.028125
2 0.9697916666666667 0.2453125 0.029166666666666667 0.021875
0 0.6760416666666667 0.30625 0.17708333333333334 0.03125
2 0.9697916666666667 0.30572916666666666 0.029166666666666667 0.021875
0 0.6630208333333333 0.3645833333333333 0.140625 0.035416666666666666
2 0.9697916666666667 0.3651041666666667 0.029166666666666667 0.021875
0 0.675 0.4234375 0.1625 0.030208333333333334
2 0.9697916666666667 0.4244791666666667 0.029166666666666667 0.021875
0 0.7177083333333333 0.48489583333333336 0.25625 0.026041666666666668
2 0.9697916666666667 0.48385416666666664 0.029166666666666667 0.019791666666666666
0 0.7489583333333333 0.54375 0.3145833333333333 0.027083333333333334
2 0.9697916666666667 0.5432291666666667 0.029166666666666667 0.021875
0 0.7182291666666667 0.6052083333333333 0.23854166666666668 0.029166666666666667
2 0.9703125 0.6026041666666667 0.030208333333333334 0.021875
0 0.6979166666666666 0.6625 0.19166666666666668 0.03125
2 0.9697916666666667 0.6630208333333333 0.029166666666666667 0.023958333333333335
0 0.73125 0.721875 0.25833333333333336 0.03333333333333333
2 0.9697916666666667 0.7223958333333333 0.029166666666666667 0.021875
0 0.7614583333333333 0.78125 0.3104166666666667 0.03125
2 0.9697916666666667 0.78125 0.029166666666666667 0.022916666666666665
1 0.7869791666666667 0.06770833333333333 0.39479166666666665 0.029166666666666667
1 0.7895833333333333 0.12604166666666666 0.39375 0.03125
1 0.7901041666666667 0.1875 0.390625 0.03333333333333333
1 0.7880208333333333 0.24479166666666666 0.3927083333333333 0.03125
1 0.7854166666666667 0.30625 0.39375 0.03125
1 0.7890625 0.42291666666666666 0.3927083333333333 0.03125
1 0.7901041666666667 0.3640625 0.396875 0.03229166666666667
1 0.7895833333333333 0.5432291666666667 0.39166666666666666 0.03229166666666667
1 0.7875 0.484375 0.3958333333333333 0.029166666666666667
1 0.7942708333333334 0.6619791666666667 0.38229166666666664 0.028125
1 0.7921875 0.6052083333333333 0.38229166666666664 0.029166666666666667
1 0.79375 0.7822916666666667 0.37916666666666665 0.029166666666666667
1 0.7942708333333334 0.7208333333333333 0.3802083333333333 0.03125
