2 0.4668279198341396 0.209228515625 0.12370421561852107 0.01904296875
0 0.16136834830684174 0.209716796875 0.19143054595715273 0.02294921875
2 0.467519004837595 0.24609375 0.12508638562543192 0.0205078125
0 0.17242570836212853 0.24609375 0.2093987560469938 0.0205078125
2 0.4661368348306842 0.2841796875 0.12232204561161023 0.017578125
0 0.1855563234277816 0.2841796875 0.23842432619212164 0.021484375
2 0.46302695231513474 0.32177734375 0.1243953006219765 0.017578125
0 0.14720110573600553 0.322021484375 0.1686247408431237 0.02001953125
2 0.4640635798203179 0.359619140625 0.12232204561161023 0.01708984375
0 0.18071872840359365 0.35888671875 0.23289564616447822 0.0205078125
2 0.4647546648237733 0.396728515625 0.12508638562543192 0.02099609375
0 0.18624740843123705 0.396728515625 0.23842432619212164 0.01904296875
2 0.4692467173462336 0.433837890625 0.11472011057360056 0.01708984375
0 0.14685556323427781 0.433837890625 0.16240497581202487 0.02001953125
2 0.4799585348997927 0.654541015625 0.12232204561161023 0.01904296875
0 0.19246717346233586 0.6552734375 0.2522460262612301 0.0224609375
2 0.4806496199032481 0.69091796875 0.12232204561161023 0.0185546875
0 0.18901174844505875 0.691162109375 0.2425708362128542 0.02490234375
2 0.48203178991015894 0.728759765625 0.12232204561161023 0.02001953125
0 0.15894955079474776 0.728759765625 0.18382861091914304 0.02294921875
2 0.48203178991015894 0.765625 0.12370421561852107 0.0185546875
0 0.15687629578438148 0.763916015625 0.18382861091914304 0.02197265625
2 0.4827228749136144 0.80126953125 0.12370421561852107 0.021484375
0 0.18866620594333103 0.802490234375 0.2460262612301313 0.02294921875
2 0.4813407049067035 0.837158203125 0.12232204561161023 0.01904296875
0 0.21043538355217692 0.84033203125 0.28818244644091223 0.021484375
2 0.4806496199032481 0.87451171875 0.12232204561161023 0.0185546875
0 0.17311679336558397 0.876220703125 0.21354526606772634 0.02783203125
1 0.304077401520387 0.655029296875 0.47408431237042153 0.02294921875
1 0.3044229440221147 0.801025390625 0.47892190739460955 0.02294921875
1 0.3033863165169316 0.689208984375 0.47408431237042153 0.02294921875
1 0.3044229440221147 0.726806640625 0.47892190739460955 0.02197265625
1 0.304077401520387 0.764404296875 0.4823773324118867 0.02392578125
1 0.30304077401520385 0.875244140625 0.47615756738078785 0.02880859375
1 0.3037318590186593 0.839599609375 0.47892190739460955 0.02294921875
1 0.2954388389771942 0.209228515625 0.4609536973047685 0.02197265625
1 0.2968210089841051 0.24609375 0.4637180373185902 0.0205078125
1 0.2964754664823773 0.3955078125 0.4644091223220456 0.0224609375
1 0.2940566689702833 0.283203125 0.46233586731167936 0.021484375
1 0.2923289564616448 0.322021484375 0.46302695231513474 0.02099609375
1 0.2957843814789219 0.357666015625 0.46302695231513474 0.02099609375
1 0.2950932964754665 0.4326171875 0.4644091223220456 0.0224609375
