0 0.4826271186440678 0.2041015625 0.31271186440677967 0.021484375
0 0.4635593220338983 0.232666015625 0.2745762711864407 0.02099609375
0 0.45805084745762714 0.262451171875 0.2635593220338983 0.02587890625
0 0.5266949152542373 0.289306640625 0.40084745762711865 0.02001953125
0 0.4716101694915254 0.318603515625 0.28559322033898304 0.01904296875
0 0.4716101694915254 0.34716796875 0.28559322033898304 0.0185546875
0 0.5199152542372881 0.37451171875 0.3822033898305085 0.021484375
0 0.4533898305084746 0.403076171875 0.24915254237288137 0.01904296875
0 0.45677966101694917 0.4306640625 0.26101694915254237 0.021484375
0 0.44322033898305085 0.459228515625 0.23389830508474577 0.02099609375
0 0.4614406779661017 0.488525390625 0.27033898305084747 0.02001953125
0 0.425 0.584228515625 0.19745762711864406 0.01904296875
0 0.3923728813559322 0.61083984375 0.1288135593220339 0.0185546875
0 0.5169491525423728 0.636962890625 0.376271186440678 0.02001953125
0 0.47711864406779664 0.664306640625 0.2966101694915254 0.01708984375
0 0.498728813559322 0.7470703125 0.3398305084745763 0.021484375
0 0.4885593220338983 0.774658203125 0.31949152542372883 0.02392578125
0 0.42754237288135594 0.802978515625 0.19745762711864406 0.02099609375
0 0.48050847457627116 0.83154296875 0.30338983050847457 0.021484375
