0 0.4464740866610025 0.232666015625 0.46983857264231094 0.02099609375
0 0.3572642310960068 0.260498046875 0.29141886151231944 0.02001953125
0 0.318606627017842 0.289306640625 0.2141036533559898 0.02001953125
0 0.43755310110450296 0.318115234375 0.4519966015293118 0.02001953125
0 0.4001699235344095 0.345458984375 0.3772302463891249 0.02001953125
0 0.36278674596431604 0.375244140625 0.30246389124893797 0.01513671875
0 0.29949022939677145 0.402587890625 0.17587085811384875 0.02001953125
0 0.4048428207306712 0.4306640625 0.38657604078164826 0.021484375
0 0.36618521665250636 0.458251953125 0.3092608326253186 0.02001953125
0 0.364910790144435 0.487060546875 0.30671197960917584 0.02001953125
0 0.36873406966864913 0.515625 0.3143585386576041 0.021484375
0 0.3954970263381478 0.543212890625 0.3678844519966015 0.02001953125
