0 0.3781942078364566 0.2626953125 0.5775127768313458 0.021484375
2 0.8138841567291312 0.265869140625 0.1848381601362862 0.02001953125
0 0.3002555366269165 0.294677734375 0.42163543441226575 0.02001953125
0 0.3658432708688245 0.326416015625 0.5528109028960818 0.02099609375
0 0.28534923339011925 0.414794921875 0.4020442930153322 0.02392578125
2 0.811328790459966 0.418212890625 0.1848381601362862 0.02001953125
0 0.21422487223168654 0.447021484375 0.25298126064735943 0.02001953125
0 0.27299829642248724 0.479248046875 0.3756388415672913 0.02001953125
0 0.3151618398637138 0.56982421875 0.44122657580919933 0.021484375
0 0.2934412265758092 0.6025390625 0.3977853492333901 0.021484375
0 0.3262350936967632 0.634521484375 0.46337308347529815 0.02001953125
0 0.2116695059625213 0.666259765625 0.2342419080068143 0.02099609375
0 0.28492333901192507 0.75732421875 0.39267461669505965 0.021484375
2 0.8138841567291312 0.760498046875 0.1848381601362862 0.02001953125
0 0.2887563884156729 0.7900390625 0.3986371379897785 0.021484375
0 0.26277683134582625 0.8212890625 0.34667802385008517 0.021484375
0 0.24659284497444633 0.853759765625 0.3143100511073254 0.02099609375
0 0.32964224872231684 0.8857421875 0.4804088586030664 0.0234375
0 0.39395229982964225 0.91748046875 0.610732538330494 0.021484375
1 0.4995741056218058 0.757568359375 0.8185689948892675 0.02490234375
1 0.4944633730834753 0.416259765625 0.8185689948892675 0.02490234375
1 0.49701873935264057 0.263916015625 0.8185689948892675 0.02490234375
