0 0.363135593220339 0.289306640625 0.48898305084745763 0.02294921875
2 0.8173728813559322 0.29248046875 0.18389830508474575 0.0185546875
0 0.3305084745762712 0.322021484375 0.423728813559322 0.02392578125
0 0.40720338983050847 0.3544921875 0.5771186440677966 0.0224609375
0 0.31186440677966104 0.3857421875 0.38813559322033897 0.0263671875
0 0.3347457627118644 0.41845703125 0.4322033898305085 0.0234375
0 0.38940677966101694 0.51708984375 0.5398305084745763 0.0234375
0 0.37584745762711863 0.5498046875 0.5093220338983051 0.0224609375
0 0.3843220338983051 0.5810546875 0.5279661016949152 0.0234375
0 0.3271186440677966 0.6728515625 0.411864406779661 0.021484375
0 0.2809322033898305 0.704833984375 0.31949152542372883 0.02001953125
0 0.3156779661016949 0.737060546875 0.3940677966101695 0.02001953125
0 0.2711864406779661 0.769775390625 0.3016949152542373 0.02294921875
0 0.2593220338983051 0.80029296875 0.27627118644067794 0.021484375
0 0.25466101694915255 0.8330078125 0.2669491525423729 0.021484375
1 0.514406779661017 0.288818359375 0.7983050847457627 0.03076171875
