0 0.33276595744680854 0.286376953125 0.4408510638297872 0.02294921875
2 0.7927659574468086 0.289306640625 0.18468085106382978 0.02001953125
0 0.3395744680851064 0.318603515625 0.454468085106383 0.02294921875
0 0.3748936170212766 0.3486328125 0.5251063829787234 0.021484375
0 0.2714893617021277 0.445556640625 0.32340425531914896 0.02001953125
2 0.7936170212765957 0.449462890625 0.1829787234042553 0.02001953125
0 0.31574468085106383 0.4775390625 0.41191489361702127 0.021484375
0 0.3791489361702128 0.509521484375 0.5387234042553192 0.02490234375
0 0.37829787234042556 0.541259765625 0.5319148936170213 0.02099609375
0 0.3280851063829787 0.57373046875 0.43148936170212765 0.021484375
0 0.37106382978723407 0.6640625 0.5276595744680851 0.0234375
2 0.794468085106383 0.666748046875 0.18468085106382978 0.02001953125
0 0.28425531914893615 0.6962890625 0.3523404255319149 0.021484375
0 0.3382978723404255 0.727783203125 0.4621276595744681 0.02294921875
0 0.26680851063829786 0.759521484375 0.3191489361702128 0.02392578125
1 0.49957446808510636 0.285400390625 0.7863829787234042 0.02783203125
1 0.4978723404255319 0.662353515625 0.7863829787234042 0.02783203125
1 0.49617021276595746 0.447021484375 0.7863829787234042 0.02783203125
