0 0.33727810650887574 0.266845703125 0.4513947590870668 0.02294921875
2 0.8085376162299239 0.269775390625 0.16821639898562976 0.01708984375
0 0.3440405748098056 0.295654296875 0.46491969568892644 0.02001953125
0 0.3431952662721893 0.325927734375 0.463229078613694 0.02294921875
0 0.4095519864750634 0.35498046875 0.5959425190194421 0.021484375
0 0.24387151310228233 0.385498046875 0.26458157227387996 0.02001953125
0 0.3127641589180051 0.484619140625 0.40236686390532544 0.02294921875
2 0.8085376162299239 0.48779296875 0.16821639898562976 0.0185546875
0 0.35672020287404904 0.513916015625 0.4902789518174134 0.02099609375
0 0.3136094674556213 0.544677734375 0.4040574809805579 0.02001953125
0 0.2459847844463229 0.5732421875 0.2688081149619611 0.0224609375
0 0.2628909551986475 0.605712890625 0.2975486052409129 0.02001953125
0 0.33981403212172445 0.6923828125 0.45646661031276414 0.021484375
2 0.8085376162299239 0.695556640625 0.16821639898562976 0.01708984375
0 0.3622147083685545 0.7216796875 0.5012679628064244 0.0244140625
1 0.5004226542688082 0.693359375 0.7895181741335587 0.0244140625
1 0.5004226542688082 0.2666015625 0.7895181741335587 0.0244140625
1 0.5029585798816568 0.48583984375 0.7895181741335587 0.0244140625
