0 0.2594142259414226 0.251708984375 0.25774058577405856 0.02001953125
2 0.7581589958158996 0.2548828125 0.1707112970711297 0.0185546875
0 0.3652719665271967 0.280517578125 0.4694560669456067 0.02490234375
0 0.2882845188284519 0.310791015625 0.31548117154811717 0.02099609375
0 0.3317991631799163 0.3408203125 0.40251046025104603 0.021484375
0 0.37656903765690375 0.371337890625 0.4920502092050209 0.02001953125
0 0.2602510460251046 0.400634765625 0.2594142259414226 0.02099609375
0 0.23682008368200838 0.431396484375 0.2125523012552301 0.02001953125
0 0.37740585774058577 0.544921875 0.4903765690376569 0.025390625
2 0.7581589958158996 0.547119140625 0.16903765690376568 0.02099609375
0 0.300836820083682 0.57373046875 0.33556485355648535 0.021484375
0 0.3861924686192469 0.604736328125 0.507949790794979 0.02490234375
0 0.301255230125523 0.635498046875 0.33807531380753136 0.02001953125
0 0.27280334728033473 0.664306640625 0.2794979079497908 0.02294921875
0 0.24937238493723848 0.695556640625 0.23263598326359833 0.02001953125
1 0.4891213389121339 0.249267578125 0.7238493723849372 0.02783203125
1 0.4891213389121339 0.542236328125 0.7238493723849372 0.02783203125
