0 0.3130841121495327 0.342041015625 0.2659303313508921 0.02099609375
0 0.31520815632965166 0.373291015625 0.27017841971113 0.02099609375
0 0.3959218351741716 0.40576171875 0.4316057774001699 0.021484375
0 0.37553101104502973 0.4384765625 0.39082412914188613 0.021484375
0 0.3241291418861512 0.54248046875 0.2931180968564146 0.021484375
0 0.37553101104502973 0.575927734375 0.39932030586236195 0.02001953125
0 0.3853016142735769 0.6083984375 0.4205607476635514 0.0234375
2 0.7391673746813934 0.611083984375 0.1750212404418012 0.02001953125
0 0.40271877655055227 0.638427734375 0.45539507221750214 0.02392578125
0 0.3802039082412914 0.7353515625 0.4086661002548853 0.021484375
2 0.7183517417162277 0.739990234375 0.18436703483432457 0.02001953125
0 0.33517417162276975 0.76904296875 0.32030586236193714 0.021484375
0 0.3181818181818182 0.80029296875 0.286321155480034 0.021484375
0 0.3606627017841971 0.8330078125 0.3695836873406967 0.021484375
2 0.7383177570093458 0.641357421875 0.1750212404418012 0.02001953125
1 0.5012744265080714 0.607421875 0.6508071367884452 0.0244140625
1 0.5025488530161427 0.64013671875 0.6499575191163977 0.025390625
1 0.4957519116397621 0.738525390625 0.6516567544604928 0.02978515625
