0 0.3340498710232158 0.235107421875 0.468615649183147 0.02099609375
2 0.7936371453138436 0.238525390625 0.16852966466036112 0.01708984375
0 0.36156491831470333 0.263916015625 0.523645743766122 0.02099609375
0 0.39122957867583835 0.293212890625 0.5829750644883921 0.02001953125
0 0.3065348237317283 0.322509765625 0.413585554600172 0.02099609375
0 0.2837489251934652 0.351806640625 0.36801375752364573 0.02001953125
0 0.30782459157351677 0.444091796875 0.40240756663800514 0.02001953125
2 0.8005159071367154 0.4482421875 0.16852966466036112 0.017578125
0 0.35081685296646603 0.474365234375 0.4901117798796217 0.02490234375
0 0.3250214961306965 0.504150390625 0.43680137575236455 0.02001953125
0 0.29535683576956145 0.533203125 0.38091143594153054 0.0244140625
0 0.3478073946689596 0.560791015625 0.48753224419604474 0.02099609375
0 0.27773000859845226 0.654052734375 0.35597592433361996 0.02001953125
2 0.794926913155632 0.656494140625 0.16595012897678418 0.01708984375
0 0.38091143594153054 0.681884765625 0.5623387790197765 0.02099609375
0 0.34995700773860705 0.7119140625 0.5004299226139295 0.021484375
0 0.3546861564918315 0.739990234375 0.5098882201203784 0.02294921875
0 0.3478073946689596 0.7685546875 0.4961306964746346 0.0224609375
0 0.25580395528804817 0.79931640625 0.3138435081685297 0.0224609375
1 0.4926913155631986 0.236572265625 0.7807394668959587 0.02099609375
1 0.49140154772141015 0.65380859375 0.7833190025795357 0.025390625
1 0.49828030954428204 0.4462890625 0.7850386930352536 0.0263671875
