0 0.24936386768447838 0.299560546875 0.3240033927056828 0.02001953125
2 0.8290924512298559 0.302734375 0.19423240033927056 0.0185546875
0 0.2748091603053435 0.33203125 0.37659033078880405 0.0234375
0 0.23367260390161154 0.36279296875 0.2926208651399491 0.021484375
0 0.22094995759117897 0.3955078125 0.26717557251908397 0.021484375
0 0.26717557251908397 0.498291015625 0.364715860899067 0.02099609375
2 0.8303647158608991 0.5009765625 0.18490245971162 0.0224609375
0 0.2964376590330789 0.53076171875 0.42324003392705684 0.021484375
0 0.3507209499575912 0.56201171875 0.5335029686174725 0.021484375
0 0.40627650551314676 0.595458984375 0.6429177268871925 0.02001953125
0 0.28329092451229854 0.627685546875 0.3969465648854962 0.02294921875
0 0.29474130619168787 0.7431640625 0.41475826972010177 0.0185546875
2 0.8303647158608991 0.74462890625 0.18490245971162 0.0224609375
0 0.3049194232400339 0.775146484375 0.4351145038167939 0.02001953125
0 0.18829516539440203 0.807373046875 0.20695504664970313 0.02001953125
1 0.5097540288379983 0.2978515625 0.8481764206955047 0.0390625
1 0.5089058524173028 0.49951171875 0.8464800678541137 0.0234375
1 0.5080576759966073 0.74365234375 0.8430873621713316 0.0234375
