0 0.32934131736526945 0.271728515625 0.46706586826347307 0.02099609375
2 0.8203592814371258 0.275146484375 0.18306244653550044 0.02001953125
0 0.3939264328485885 0.30419921875 0.5945252352437981 0.021484375
0 0.21685201026518391 0.33544921875 0.24550898203592814 0.021484375
0 0.20573139435414883 0.3681640625 0.21813515825491872 0.0185546875
0 0.3515825491873396 0.484130859375 0.5149700598802395 0.02392578125
2 0.8203592814371258 0.487060546875 0.18306244653550044 0.02001953125
0 0.2865697177074423 0.516845703125 0.3798118049615056 0.02392578125
0 0.1911890504704876 0.5478515625 0.1924721984602224 0.021484375
0 0.20573139435414883 0.580322265625 0.21813515825491872 0.01904296875
0 0.24550898203592814 0.70654296875 0.29769033361847735 0.0185546875
0 0.4187339606501283 0.738525390625 0.6441402908468776 0.02001953125
0 0.32763045337895635 0.771240234375 0.4619332763045338 0.02001953125
0 0.3195038494439692 0.802490234375 0.44568006843455943 0.02001953125
0 0.23738237810094098 0.834228515625 0.281437125748503 0.02099609375
0 0.31736526946107785 0.866943359375 0.4414029084687767 0.02197265625
1 0.5064157399486741 0.27490234375 0.8212147134302823 0.029296875
1 0.5076988879384089 0.487548828125 0.8289136013686912 0.02880859375
