0 0.32597623089983024 0.2978515625 0.3565365025466893 0.021484375
2 0.7236842105263158 0.301025390625 0.18590831918505943 0.02001953125
0 0.3442275042444822 0.330322265625 0.3930390492359932 0.02392578125
0 0.31451612903225806 0.36279296875 0.33531409168081494 0.0234375
0 0.3140916808149406 0.494384765625 0.3310696095076401 0.02099609375
2 0.7249575551782682 0.498291015625 0.18505942275042445 0.02197265625
0 0.3136672325976231 0.52685546875 0.32682512733446517 0.021484375
0 0.35271646859083194 0.560302734375 0.4083191850594228 0.02001953125
0 0.383276740237691 0.591552734375 0.4694397283531409 0.02001953125
0 0.267402376910017 0.71875 0.23938879456706283 0.0224609375
2 0.7245331069609507 0.721435546875 0.18421052631578946 0.02001953125
0 0.34889643463497455 0.751220703125 0.39728353140916806 0.02001953125
0 0.3331918505942275 0.7822265625 0.36587436332767403 0.021484375
0 0.3692699490662139 0.814697265625 0.4380305602716469 0.02099609375
0 0.3357385398981324 0.847900390625 0.37436332767402375 0.02001953125
0 0.37521222410865873 0.879150390625 0.4533106960950764 0.02001953125
1 0.4864176570458404 0.300048828125 0.6774193548387096 0.02783203125
1 0.4885398981324278 0.72021484375 0.6816638370118846 0.0283203125
1 0.4893887945670628 0.49755859375 0.6765704584040747 0.025390625
