2 0.3636748518204911 0.307373046875 0.13463166807790009 0.01220703125
0 0.35139712108382726 0.3271484375 0.5469940728196444 0.0224609375
0 0.2193056731583404 0.356201171875 0.28281117696867064 0.01904296875
0 0.3729889923793395 0.384765625 0.5901778154106689 0.021484375
0 0.25910245554614736 0.412353515625 0.3624047417442845 0.02099609375
0 0.31371718882303135 0.441650390625 0.47332768839966133 0.02294921875
0 0.19898391193903472 0.470947265625 0.24216765453005928 0.02099609375
0 0.18077900084674006 0.49951171875 0.20745131244707873 0.0234375
0 0.23539373412362405 0.527587890625 0.31498729889923793 0.02001953125
0 0.22734970364098223 0.5556640625 0.2988992379339543 0.021484375
0 0.24301439458086369 0.58349609375 0.32514817950889074 0.0224609375
2 0.6718882303132938 0.674072265625 0.1363251481795089 0.01123046875
0 0.6079593564775614 0.69873046875 0.4911092294665538 0.021484375
0 0.5012701100762066 0.727783203125 0.28281117696867064 0.02001953125
0 0.6549534292972058 0.7568359375 0.5901778154106689 0.0234375
0 0.5410668924640135 0.78466796875 0.3624047417442845 0.021484375
0 0.5707027942421676 0.81396484375 0.4165961049957663 0.0234375
0 0.4813717188823031 0.842529296875 0.24301439458086369 0.02001953125
0 0.46316680779000846 0.871337890625 0.20660457239627433 0.02001953125
0 0.5186282811176969 0.8994140625 0.31752751905165116 0.021484375
0 0.5105842506350551 0.928466796875 0.30143945808636746 0.02294921875
0 0.5241320914479255 0.955078125 0.3285351397121084 0.021484375
0 0.36536833192209994 0.285888671875 0.1955969517358171 0.02783203125
0 0.6642675698560542 0.654052734375 0.4225232853513971 0.02880859375
1 0.3632514817950889 0.2890625 0.21168501270110077 0.0458984375
1 0.6651143099068586 0.66015625 0.4208298052497883 0.046875
