0 0.3578723404255319 0.220458984375 0.49617021276595746 0.02783203125
2 0.35914893617021276 0.239013671875 0.16680851063829788 0.01416015625
0 0.3485106382978723 0.264404296875 0.5319148936170213 0.02001953125
0 0.334468085106383 0.29248046875 0.505531914893617 0.021484375
0 0.22382978723404257 0.321533203125 0.2825531914893617 0.02294921875
0 0.15914893617021278 0.348876953125 0.15319148936170213 0.02001953125
0 0.25446808510638297 0.377685546875 0.34382978723404256 0.02001953125
0 0.28382978723404256 0.40576171875 0.4025531914893617 0.021484375
0 0.2221276595744681 0.43310546875 0.28085106382978725 0.021484375
0 0.2272340425531915 0.462890625 0.28936170212765955 0.0224609375
0 0.20808510638297872 0.490966796875 0.251063829787234 0.02294921875
0 0.2025531914893617 0.517822265625 0.24340425531914894 0.02099609375
0 0.30425531914893617 0.5478515625 0.44340425531914895 0.021484375
0 0.5982978723404255 0.65185546875 0.6451063829787234 0.029296875
2 0.6097872340425532 0.67138671875 0.16425531914893618 0.0107421875
0 0.5089361702127659 0.694091796875 0.34382978723404256 0.02001953125
0 0.5825531914893617 0.7216796875 0.49106382978723406 0.0224609375
0 0.47829787234042553 0.74951171875 0.2825531914893617 0.021484375
0 0.5382978723404256 0.779052734375 0.4025531914893617 0.02001953125
0 0.4795744680851064 0.806396484375 0.2851063829787234 0.02294921875
0 0.5838297872340426 0.8408203125 0.49361702127659574 0.021484375
0 0.47914893617021276 0.868896484375 0.28425531914893615 0.02001953125
0 0.45659574468085107 0.8955078125 0.23914893617021277 0.021484375
1 0.3417021276595745 0.226806640625 0.5421276595744681 0.04443359375
1 0.6038297872340426 0.6572265625 0.6629787234042553 0.0439453125
