0 0.3162574089754445 0.33984375 0.35139712108382726 0.0263671875
2 0.7150719729043183 0.3427734375 0.18712955122777308 0.0234375
0 0.3090601185436071 0.372802734375 0.3386960203217612 0.02294921875
0 0.24089754445385267 0.404296875 0.20067739204064353 0.0234375
0 0.2790008467400508 0.437744140625 0.2768839966130398 0.02392578125
0 0.2497883149872989 0.625244140625 0.21337849280270957 0.02001953125
2 0.718458933107536 0.629150390625 0.18374259102455545 0.02001953125
0 0.34123624047417445 0.657958984375 0.39627434377646065 0.02001953125
0 0.31160033869602033 0.690185546875 0.3386960203217612 0.02001953125
0 0.37510584250635054 0.72216796875 0.4640135478408129 0.025390625
0 0.25994919559695173 0.756103515625 0.23370025402201525 0.01611328125
0 0.25656223539373413 0.78515625 0.22692633361558 0.0224609375
1 0.4779847586790855 0.341064453125 0.6816257408975445 0.03076171875
1 0.4809483488569009 0.62841796875 0.6756985605419137 0.0302734375
