0 0.29635901778154106 0.433349609375 0.2777307366638442 0.02392578125
2 0.7523285351397121 0.43798828125 0.18882303132938189 0.0263671875
0 0.34292972057578325 0.468017578125 0.3657917019475021 0.02099609375
0 0.3691786621507197 0.499755859375 0.42167654530059273 0.02490234375
0 0.3679085520745131 0.531494140625 0.4242167654530059 0.02490234375
0 0.2447078746824725 0.56298828125 0.1710414902624894 0.02734375
0 0.395004233700254 0.63134765625 0.48687552921253174 0.029296875
0 0.277307366638442 0.666259765625 0.23793395427603725 0.02587890625
0 0.3162574089754445 0.734130859375 0.3107535986452159 0.02392578125
2 0.7519051651143099 0.73779296875 0.18628281117696868 0.0263671875
0 0.33065198983911936 0.767333984375 0.34631668077900085 0.02392578125
0 0.3522438611346317 0.796875 0.39627434377646065 0.0302734375
0 0.21761219305673157 0.867431640625 0.11346316680779 0.02294921875
2 0.7485182049110923 0.869873046875 0.18628281117696868 0.02490234375
0 0.2464013547840813 0.8994140625 0.1727349703640982 0.0244140625
0 0.27392040643522436 0.93017578125 0.23454699407281965 0.029296875
2 0.7502116850127011 0.63232421875 0.18628281117696868 0.0263671875
1 0.5038103302286198 0.4384765625 0.6960203217612193 0.033203125
1 0.5004233700254022 0.632080078125 0.6994072819644369 0.03076171875
1 0.5067739204064352 0.739990234375 0.6968670618120237 0.03564453125
1 0.5046570702794242 0.870849609375 0.6875529212531752 0.03076171875
