0 0.30831212892281595 0.30810546875 0.26547921967769295 0.021484375
0 0.3532654792196777 0.3369140625 0.35538592027141647 0.021484375
0 0.366412213740458 0.365234375 0.3833757421543681 0.021484375
0 0.30322307039864294 0.392578125 0.25699745547073793 0.021484375
0 0.29474130619168787 0.42138671875 0.2383375742154368 0.021484375
0 0.2989821882951654 0.4501953125 0.24681933842239187 0.021484375
0 0.3897370653095844 0.478759765625 0.42832909245122985 0.02099609375
0 0.3159457167090755 0.541259765625 0.28074639525021206 0.02099609375
0 0.29474130619168787 0.569091796875 0.2383375742154368 0.02001953125
0 0.32273112807463955 0.59716796875 0.29431721798134014 0.021484375
0 0.3473282442748092 0.6259765625 0.3452078032230704 0.021484375
0 0.3286683630195081 0.654052734375 0.3061916878710772 0.02001953125
0 0.4245122985581001 0.682373046875 0.49787955894826125 0.02001953125
0 0.39906700593723493 0.71044921875 0.448685326547922 0.021484375
0 0.3897370653095844 0.740478515625 0.42832909245122985 0.02099609375
0 0.3558100084817642 0.770751953125 0.3638676844783715 0.02197265625
0 0.3388464800678541 0.799560546875 0.3265479219677693 0.02001953125
0 0.3532654792196777 0.82763671875 0.35538592027141647 0.021484375
