0 0.3695836873406967 0.17529296875 0.5012744265080714 0.021484375
0 0.2960917587085811 0.204345703125 0.3542905692438403 0.02294921875
0 0.27017841971113 0.231689453125 0.30416312659303313 0.02001953125
0 0.29269328802039085 0.26025390625 0.34749362786745963 0.0224609375
0 0.24723874256584538 0.28857421875 0.25658453695836875 0.021484375
0 0.2858963466440102 0.318359375 0.3338997451146984 0.021484375
0 0.326677994902294 0.3447265625 0.4154630416312659 0.021484375
0 0.35598980458793544 0.3720703125 0.47408666100254887 0.021484375
0 0.3389974511469839 0.400634765625 0.44010195412064573 0.02099609375
0 0.29269328802039085 0.429931640625 0.34749362786745963 0.02001953125
0 0.27230246389124896 0.45849609375 0.30671197960917584 0.0146484375
0 0.36618521665250636 0.556396484375 0.49447748513169076 0.02294921875
0 0.3653355989804588 0.583740234375 0.4927782497875956 0.02197265625
0 0.3288020390824129 0.612060546875 0.41971112999150384 0.02001953125
0 0.37892948173322005 0.64013671875 0.5199660152931181 0.021484375
0 0.3288020390824129 0.6689453125 0.41971112999150384 0.0185546875
0 0.34791843670348344 0.697265625 0.45794392523364486 0.0185546875
0 0.27230246389124896 0.72607421875 0.30671197960917584 0.0185546875
0 0.28802039082412917 0.752685546875 0.33814783347493627 0.02001953125
0 0.24384027187765506 0.781494140625 0.2497875955819881 0.02001953125
0 0.268054375531011 0.8095703125 0.2931180968564146 0.0185546875
0 0.3143585386576041 0.837158203125 0.3857264231096007 0.02001953125
0 0.24426508071367883 0.865966796875 0.24553950722175022 0.02001953125
0 0.27994902293967716 0.89404296875 0.318606627017842 0.021484375
0 0.25191163976210706 0.9228515625 0.2625318606627018 0.0224609375
0 0.2336448598130841 0.950439453125 0.22939677145284623 0.02001953125
