0 0.4051433389544688 0.23388671875 0.4797639123102867 0.021484375
0 0.3220910623946037 0.26513671875 0.3136593591905565 0.021484375
0 0.2951096121416526 0.295654296875 0.2596964586846543 0.02001953125
0 0.3600337268128162 0.326171875 0.38954468802698144 0.021484375
0 0.33811129848229343 0.356689453125 0.3473861720067454 0.02001953125
0 0.31408094435075884 0.386962890625 0.2976391231028668 0.02001953125
0 0.39839797639123103 0.4189453125 0.4662731871838111 0.021484375
0 0.32377740303541314 0.451904296875 0.31871838111298484 0.02294921875
0 0.3254637436762226 0.482666015625 0.32040472175379425 0.02099609375
0 0.33642495784148396 0.515869140625 0.342327150084317 0.02001953125
0 0.35075885328836426 0.549072265625 0.37268128161888703 0.02392578125
0 0.36677908937605397 0.580810546875 0.403035413153457 0.02001953125
0 0.3579258010118044 0.61279296875 0.38532883642495785 0.021484375
0 0.30269814502529513 0.646728515625 0.2765598650927487 0.02490234375
0 0.2917369308600337 0.678466796875 0.25295109612141653 0.02001953125
0 0.2748735244519393 0.7119140625 0.21922428330522767 0.0185546875
0 0.3233558178752108 0.7431640625 0.3178752107925801 0.0234375
0 0.31618887015177066 0.775634765625 0.30185497470489037 0.02099609375
0 0.2175379426644182 0.80810546875 0.1045531197301855 0.021484375
0 0.28035413153457 0.842041015625 0.23018549747048903 0.02099609375
0 0.26475548060708265 0.873779296875 0.19898819561551434 0.02001953125
0 0.24409780775716694 0.906982421875 0.15767284991568298 0.01904296875
