0 0.3606627017841971 0.213134765625 0.5378079864061173 0.02099609375
0 0.3419711129991504 0.24169921875 0.5021240441801189 0.021484375
0 0.24384027187765506 0.26904296875 0.30416312659303313 0.021484375
0 0.23152081563296517 0.2978515625 0.27952421410365336 0.021484375
0 0.2570093457943925 0.3271484375 0.3338997451146984 0.025390625
0 0.2574341546304163 0.353759765625 0.33135089209855567 0.02099609375
0 0.2336448598130841 0.38330078125 0.2854715378079864 0.0244140625
0 0.2655055225148683 0.4111328125 0.34749362786745963 0.0185546875
0 0.31988105352591334 0.4384765625 0.4562446898895497 0.021484375
0 0.27909940526762955 0.467041015625 0.3746813933729822 0.02099609375
0 0.2506372132540357 0.494873046875 0.3177570093457944 0.02001953125
0 0.31053525913339 0.52294921875 0.44265080713678845 0.021484375
0 0.25870858113848766 0.551025390625 0.3389974511469839 0.02001953125
0 0.35811384876805435 0.5791015625 0.5378079864061173 0.0244140625
0 0.28462192013593884 0.60791015625 0.39082412914188613 0.0244140625
0 0.3491928632115548 0.63671875 0.5148683092608326 0.0234375
0 0.29141886151231944 0.66357421875 0.39932030586236195 0.021484375
0 0.29949022939677145 0.6923828125 0.4154630416312659 0.021484375
0 0.33559898045879355 0.719970703125 0.4876805437553101 0.02001953125
0 0.35514018691588783 0.748291015625 0.5267629566694987 0.02099609375
0 0.35046728971962615 0.77685546875 0.5174171622769753 0.021484375
0 0.3963466440101954 0.8056640625 0.610875106202209 0.021484375
