0 0.4173027989821883 0.337890625 0.5122985581000848 0.0244140625
0 0.36259541984732824 0.3701171875 0.4011874469889737 0.0224609375
0 0.33969465648854963 0.402587890625 0.35538592027141647 0.02001953125
0 0.4219677692960136 0.434814453125 0.5216284987277354 0.02490234375
0 0.4262086513994911 0.467529296875 0.5301102629346904 0.02294921875
0 0.3299406276505513 0.498779296875 0.33927056827820185 0.02294921875
0 0.31170483460559795 0.53076171875 0.29940627650551316 0.021484375
0 0.40415606446140795 0.5634765625 0.48430873621713316 0.021484375
0 0.3748939779474131 0.595947265625 0.4257845631891433 0.02099609375
0 0.3927056827820187 0.62841796875 0.4580152671755725 0.021484375
0 0.3023748939779474 0.6611328125 0.28074639525021206 0.021484375
0 0.39652247667514845 0.69287109375 0.46904156064461405 0.0224609375
0 0.3524173027989822 0.7255859375 0.3808312128922816 0.0224609375
0 0.33969465648854963 0.7568359375 0.35538592027141647 0.0224609375
0 0.3290924512298558 0.789306640625 0.33587786259541985 0.02294921875
