0 0.5371287128712872 0.33675 0.17043847241867044 0.0165
2 0.8925035360678925 0.3375 0.08486562942008487 0.015
0 0.14214992927864215 0.348 0.16265912305516267 0.024
2 0.3330975954738331 0.34525 0.08345120226308345 0.0145
0 0.5526874115983027 0.39275 0.20155586987270155 0.0165
2 0.8932107496463932 0.3935 0.08345120226308345 0.015
0 0.14462517680339462 0.413 0.1661951909476662 0.02
2 0.3345120226308345 0.4115 0.08486562942008487 0.015
0 0.6025459688826026 0.4505 0.3012729844413013 0.021
2 0.8932107496463932 0.45 0.08345120226308345 0.016
0 0.15099009900990099 0.48975 0.1789250353606789 0.0415
2 0.3330975954738331 0.47675 0.08345120226308345 0.0145
0 0.5731966053748232 0.512 0.24257425742574257 0.02
2 0.8932107496463932 0.512 0.08345120226308345 0.015
0 0.5625884016973126 0.57075 0.22277227722772278 0.0215
2 0.8925035360678925 0.56925 0.08486562942008487 0.0145
0 0.5830975954738331 0.62975 0.25106082036775107 0.0165
2 0.8917963224893918 0.6305 0.08345120226308345 0.015
0 0.597949080622348 0.691 0.29207920792079206 0.019
2 0.8925035360678925 0.6895 0.08486562942008487 0.016
0 0.5887553041018387 0.754 0.2736916548797737 0.02
2 0.8925035360678925 0.752 0.08486562942008487 0.016
0 0.6018387553041018 0.81775 0.29985855728429983 0.0415
2 0.8925035360678925 0.808 0.08486562942008487 0.016
0 0.5848656294200849 0.8785 0.26591230551626593 0.019
2 0.8925035360678925 0.87775 0.08486562942008487 0.0145
1 0.21782178217821782 0.34625 0.31683168316831684 0.0245
1 0.22065063649222066 0.41425 0.31683168316831684 0.0245
1 0.21782178217821782 0.489 0.31117397454031115 0.04
1 0.6955445544554455 0.338 0.48585572842998587 0.02
1 0.6962517680339463 0.513 0.48585572842998587 0.02
1 0.6905940594059405 0.4495 0.48585572842998587 0.02
1 0.6934229137199435 0.3905 0.48585572842998587 0.02
1 0.6941301272984441 0.571 0.48585572842998587 0.02
1 0.6962517680339463 0.6295 0.48585572842998587 0.02
1 0.696958981612447 0.692 0.48585572842998587 0.02
1 0.6948373408769448 0.8755 0.48585572842998587 0.02
1 0.6934229137199435 0.7535 0.48585572842998587 0.02
1 0.6955445544554455 0.81775 0.48444130127298446 0.0435
