0 0.85693359375 0.10324585635359115 0.0849609375 0.017265193370165747
2 0.9521484375 0.1042817679558011 0.048828125 0.015193370165745856
0 0.8525390625 0.1805939226519337 0.076171875 0.017265193370165747
2 0.951416015625 0.18162983425414364 0.05029296875 0.015193370165745856
0 0.85888671875 0.26001381215469616 0.0888671875 0.017265193370165747
2 0.95068359375 0.2610497237569061 0.048828125 0.015193370165745856
2 0.936279296875 0.36187845303867405 0.05322265625 0.04834254143646409
2 0.47412109375 0.3701657458563536 0.041015625 0.04005524861878453
0 0.73974609375 0.3639502762430939 0.2490234375 0.026243093922651933
2 0.21826171875 0.36982044198895025 0.029296875 0.03383977900552486
0 0.13427734375 0.3705110497237569 0.126953125 0.028314917127071824
0 0.37255859375 0.3715469613259669 0.1318359375 0.026243093922651933
0 0.336669921875 0.4368093922651934 0.10986328125 0.017265193370165747
0 0.6044921875 0.43577348066298344 0.1083984375 0.019337016574585635
0 0.092041015625 0.4388812154696133 0.07568359375 0.017265193370165747
0 0.84716796875 0.4388812154696133 0.076171875 0.017265193370165747
0 0.090087890625 0.49482044198895025 0.07177734375 0.018646408839779006
0 0.32958984375 0.49412983425414364 0.0927734375 0.017265193370165747
0 0.5966796875 0.49412983425414364 0.0927734375 0.017265193370165747
0 0.84521484375 0.49482044198895025 0.072265625 0.018646408839779006
0 0.0771484375 0.549378453038674 0.0458984375 0.015883977900552487
0 0.832275390625 0.5507596685082873 0.04638671875 0.017265193370165747
0 0.31982421875 0.5507596685082873 0.076171875 0.017265193370165747
0 0.588134765625 0.5507596685082873 0.07568359375 0.017265193370165747
0 0.080810546875 0.6053176795580111 0.05126953125 0.017265193370165747
0 0.83544921875 0.6053176795580111 0.052734375 0.017265193370165747
0 0.31982421875 0.6091160220994475 0.076171875 0.019337016574585635
0 0.588134765625 0.6087707182320442 0.07568359375 0.018646408839779006
0 0.072021484375 0.662292817679558 0.03564453125 0.015193370165745856
0 0.826904296875 0.6612569060773481 0.03564453125 0.017265193370165747
0 0.31982421875 0.6660911602209945 0.076171875 0.018646408839779006
0 0.587646484375 0.6660911602209945 0.07470703125 0.018646408839779006
0 0.0986328125 0.7185773480662984 0.0888671875 0.017265193370165747
0 0.853759765625 0.7185773480662984 0.08935546875 0.017265193370165747
0 0.32568359375 0.7241022099447514 0.087890625 0.017265193370165747
0 0.593994140625 0.7241022099447514 0.08740234375 0.017265193370165747
0 0.0732421875 0.7738259668508287 0.0380859375 0.017265193370165747
0 0.828369140625 0.7738259668508287 0.03857421875 0.017265193370165747
0 0.311279296875 0.7814226519337016 0.05908203125 0.017265193370165747
0 0.578369140625 0.7814226519337016 0.05908203125 0.017265193370165747
0 0.0732421875 0.8290745856353591 0.0380859375 0.017265193370165747
0 0.828369140625 0.830110497237569 0.03857421875 0.019337016574585635
0 0.3193359375 0.8397790055248618 0.0751953125 0.020718232044198894
0 0.587646484375 0.8390883977900553 0.07470703125 0.019337016574585635
0 0.075927734375 0.8863950276243094 0.04345703125 0.017265193370165747
0 0.830810546875 0.8863950276243094 0.04345703125 0.017265193370165747
0 0.334228515625 0.8974447513812155 0.10498046875 0.017265193370165747
0 0.601806640625 0.8974447513812155 0.10302734375 0.017265193370165747
0 0.087646484375 0.9416436464088398 0.06689453125 0.017265193370165747
0 0.842529296875 0.9416436464088398 0.06689453125 0.017265193370165747
0 0.316650390625 0.9540745856353591 0.06982421875 0.017265193370165747
0 0.584228515625 0.9540745856353591 0.06787109375 0.017265193370165747
1 0.895751953125 0.10255524861878453 0.16259765625 0.020027624309392266
1 0.895263671875 0.2613950276243094 0.16259765625 0.020027624309392266
1 0.895263671875 0.1805939226519337 0.16259765625 0.020027624309392266
1 0.15234375 0.36671270718232046 0.1640625 0.03591160220994475
1 0.401123046875 0.3674033149171271 0.18994140625 0.03729281767955801
1 0.7880859375 0.36222375690607733 0.3505859375 0.0531767955801105
