2 0.2983479105928086 0.12990196078431374 0.042759961127308066 0.01750700280112045
2 0.6793002915451894 0.13130252100840337 0.042759961127308066 0.01750700280112045
0 0.2162293488824101 0.17612044817927172 0.18172983479105928 0.0273109243697479
0 0.5607385811467445 0.17331932773109243 0.23129251700680273 0.021708683473389355
2 0.6773566569484937 0.3175770308123249 0.042759961127308066 0.01610644257703081
2 0.304178814382896 0.3228291316526611 0.04470359572400389 0.018207282913165267
0 0.5398445092322643 0.3627450980392157 0.18561710398445092 0.023809523809523808
0 0.20845481049562684 0.36659663865546216 0.1564625850340136 0.021708683473389355
2 0.8124392614188533 0.6372549019607843 0.04470359572400389 0.018207282913165267
2 0.3323615160349854 0.6383053221288515 0.042759961127308066 0.01750700280112045
0 0.728377065111759 0.6817226890756303 0.15063168124392615 0.021708683473389355
0 0.2653061224489796 0.6841736694677871 0.24489795918367346 0.023809523809523808
0 0.3270165208940719 0.8308823529411765 0.04178814382896016 0.01750700280112045
2 0.8211856171039844 0.8301820728291317 0.04081632653061224 0.01610644257703081
0 0.750728862973761 0.8757002801120448 0.17395529640427598 0.024509803921568627
0 0.26239067055393583 0.8760504201680672 0.22740524781341107 0.022408963585434174
1 0.2249757045675413 0.15371148459383754 0.19922254616132168 0.0665266106442577
1 0.5724003887269193 0.15161064425770307 0.26044703595724006 0.06092436974789916
1 0.5753158406219631 0.34103641456582634 0.25461613216715256 0.06162464985994398
1 0.22789115646258504 0.34523809523809523 0.19533527696793002 0.06302521008403361
1 0.26676384839650147 0.6614145658263305 0.24198250728862974 0.06512605042016807
1 0.7444120505344995 0.6586134453781513 0.1827016520894072 0.06792717086834733
1 0.26239067055393583 0.8532913165266106 0.2293488824101069 0.06372549019607843
1 0.7551020408163265 0.8553921568627451 0.184645286686103 0.0665266106442577
