2 0.6165853658536585 0.04663394109396914 0.0448780487804878 0.01753155680224404
0 0.5424390243902439 0.10553997194950912 0.2575609756097561 0.056802244039270686
2 0.3204878048780488 0.17075736325385693 0.041951219512195125 0.01753155680224404
0 0.23902439024390243 0.2152875175315568 0.27121951219512197 0.023842917251051893
2 0.6058536585365853 0.28927068723702665 0.04097560975609756 0.01753155680224404
0 0.5341463414634147 0.3330995792426367 0.22731707317073171 0.02244039270687237
2 0.34780487804878046 0.6251753155680224 0.041951219512195125 0.01753155680224404
2 0.7697560975609756 0.6251753155680224 0.042926829268292686 0.01753155680224404
0 0.6775609756097561 0.6728611500701263 0.2448780487804878 0.030154277699859747
0 0.25951219512195123 0.6725105189340813 0.17365853658536584 0.021037868162692847
2 0.3492682926829268 0.8516830294530154 0.042926829268292686 0.01753155680224404
2 0.7668292682926829 0.8516830294530154 0.0448780487804878 0.01753155680224404
0 0.2604878048780488 0.8986676016830295 0.2634146341463415 0.025946704067321177
0 0.6687804878048781 0.9007713884992987 0.17073170731707318 0.02314165497896213
1 0.5414634146341464 0.08625525946704067 0.2575609756097561 0.09957924263674614
1 0.23609756097560974 0.19600280504908835 0.27121951219512197 0.06661991584852735
1 0.5341463414634147 0.31100981767180924 0.22146341463414634 0.06661991584852735
1 0.27170731707317075 0.6490182328190743 0.1980487804878049 0.06661991584852735
1 0.6790243902439025 0.6511220196353437 0.24 0.07223001402524544
1 0.26146341463414635 0.8772791023842917 0.26146341463414635 0.06732117812061711
1 0.686829268292683 0.8769284712482468 0.2048780487804878 0.06802244039270687
