2 0.3186602870813397 0.14850798056904926 0.04019138755980861 0.018043025676613464
0 0.24497607655502393 0.19500346981263011 0.13588516746411483 0.02359472588480222
2 0.6334928229665072 0.3188757807078418 0.042105263157894736 0.01734906315058987
0 0.5253588516746411 0.3702290076335878 0.22392344497607655 0.028452463566967384
2 0.2952153110047847 0.6321998612074948 0.04114832535885168 0.016655100624566273
2 0.7464114832535885 0.6537126995142263 0.04401913875598086 0.018043025676613464
0 0.22966507177033493 0.6755725190839694 0.2794258373205742 0.025676613462873005
0 0.6650717703349283 0.6998612074947953 0.2660287081339713 0.029840388619014575
2 0.507177033492823 0.8566967383761277 0.04019138755980861 0.01457321304649549
0 0.4296650717703349 0.9018043025676613 0.2909090909090909 0.027064538514920196
1 0.2569377990430622 0.17210270645385148 0.16555023923444975 0.06662040249826509
1 0.5320574162679426 0.34455239417071476 0.2430622009569378 0.07564191533657183
1 0.22535885167464115 0.6571825121443442 0.2861244019138756 0.0652324774462179
1 0.6641148325358852 0.6790423317140875 0.2698564593301435 0.07009021512838307
1 0.43014354066985644 0.8820263705759889 0.28421052631578947 0.062456627342123525
