2 0.6626564003849855 0.1534996534996535 0.0548604427333975 0.017325017325017324
0 0.5851780558229066 0.20027720027720028 0.2829643888354187 0.02772002772002772
2 0.29307025986525503 0.2972972972972973 0.05293551491819057 0.018018018018018018
0 0.22906641000962463 0.3447678447678448 0.2829643888354187 0.028413028413028413
2 0.35081809432146294 0.6687456687456688 0.05293551491819057 0.016632016632016633
0 0.2598652550529355 0.7141372141372141 0.273339749759384 0.0297990297990298
2 0.8479307025986526 0.7110187110187111 0.05004812319538017 0.015246015246015246
0 0.7574590952839269 0.7574497574497574 0.23484119345524543 0.02772002772002772
2 0.4971126082771896 0.8998613998613999 0.05293551491819057 0.017325017325017324
0 0.40567853705486046 0.9462924462924462 0.18960538979788258 0.02702702702702703
1 0.23099133782483156 0.32224532224532226 0.28681424446583254 0.07068607068607069
1 0.5856592877767084 0.17636867636867637 0.28200192492781523 0.06999306999306999
1 0.2584215591915303 0.6943866943866944 0.27045235803657364 0.06514206514206514
1 0.41867179980750724 0.9230769230769231 0.21174205967276227 0.07068607068607069
1 0.7584215591915303 0.735966735966736 0.2329162656400385 0.06514206514206514
