2 0.38996138996138996 0.6053546592489569 0.04247104247104247 0.017385257301808066
2 0.7866795366795367 0.6046592489568846 0.04054054054054054 0.015994436717663423
0 0.6954633204633205 0.650904033379694 0.2249034749034749 0.025034770514603615
0 0.29874517374517373 0.6568150208623088 0.20945945945945946 0.029902642559109873
2 0.3861003861003861 0.8484005563282336 0.04054054054054054 0.016689847009735744
2 0.7992277992277992 0.8494436717663422 0.04247104247104247 0.015994436717663423
0 0.7046332046332047 0.8977746870653686 0.20077220077220076 0.02920723226703755
0 0.291988416988417 0.9002086230876217 0.24613899613899615 0.02851182197496523
1 0.3030888030888031 0.633518776077886 0.22007722007722008 0.07232267037552156
1 0.6964285714285714 0.6296940194714882 0.22297297297297297 0.06606397774687066
1 0.29295366795366795 0.877260083449235 0.24806949806949807 0.07301808066759388
1 0.7142857142857143 0.8769123783031989 0.22007722007722008 0.06954102920723226
