0 0.8024815560026828 0.159912109375 0.13615023474178403 0.02197265625
2 0.2863849765258216 0.1611328125 0.034875922199865864 0.013671875
2 0.5761234071093226 0.162353515625 0.03085177733065057 0.01318359375
0 0.21428571428571427 0.19873046875 0.09456740442655935 0.021484375
2 0.8095238095238095 0.21142578125 0.1153588195841717 0.0166015625
0 0.4966465459423206 0.19189453125 0.047619047619047616 0.0205078125
0 0.8148893360160966 0.26123046875 0.12877263581488935 0.0224609375
2 0.8071763916834339 0.3115234375 0.11334674714956405 0.0146484375
2 0.29074446680080485 0.35498046875 0.03286384976525822 0.013671875
2 0.5878604963112005 0.361572265625 0.03286384976525822 0.01318359375
0 0.2176391683433937 0.392578125 0.16834339369550638 0.0234375
0 0.5241448692152918 0.391357421875 0.13883299798792756 0.02099609375
0 0.24983232729711602 0.636962890625 0.03688799463447351 0.01513671875
2 0.5476190476190477 0.636962890625 0.03420523138832998 0.01513671875
2 0.8490945674044266 0.6376953125 0.03621730382293763 0.013671875
0 0.158953722334004 0.6796875 0.12072434607645875 0.0224609375
0 0.45472837022132795 0.6806640625 0.12072434607645875 0.0244140625
0 0.7548625083836351 0.681884765625 0.16700201207243462 0.02685546875
2 0.25083836351441985 0.8818359375 0.034875922199865864 0.0146484375
2 0.5492957746478874 0.8818359375 0.034875922199865864 0.0146484375
2 0.8497652582159625 0.8818359375 0.034875922199865864 0.0146484375
0 0.16633132126089872 0.923095703125 0.12474849094567404 0.01904296875
0 0.46042924211938296 0.92431640625 0.0999329309188464 0.021484375
0 0.7464788732394366 0.925537109375 0.11804158283031523 0.02197265625
1 0.8152246814218645 0.28564453125 0.13883299798792756 0.0703125
1 0.8044936284372904 0.184814453125 0.1441985244802146 0.07177734375
1 0.23574782025486252 0.180908203125 0.13883299798792756 0.05517578125
1 0.5321931589537223 0.17724609375 0.1227364185110664 0.048828125
1 0.22233400402414488 0.375 0.17639168343393696 0.0576171875
1 0.5288397048960429 0.37744140625 0.14688128772635814 0.046875
1 0.18544600938967137 0.903564453125 0.1643192488262911 0.05712890625
1 0.4892689470154259 0.904052734375 0.16163648558014757 0.05810546875
1 0.778001341381623 0.90478515625 0.17974513749161636 0.0595703125
1 0.18544600938967137 0.658935546875 0.16968477531857815 0.05810546875
1 0.4782025486250838 0.660400390625 0.1743796109993293 0.06201171875
1 0.7689470154258886 0.66259765625 0.19517102615694165 0.06640625
