2 0.7214150347441567 0.368408203125 0.07833228048010107 0.01708984375
0 0.34301958307012004 0.36767578125 0.09096651926721415 0.0244140625
2 0.7217308907138344 0.39501953125 0.07770056854074542 0.0185546875
0 0.3439671509791535 0.39599609375 0.09412507896399241 0.0205078125
2 0.7233101705622236 0.41796875 0.07959570435881239 0.0185546875
0 0.34807327858496523 0.42041015625 0.0998104864181933 0.021484375
2 0.7220467466835123 0.44384765625 0.07833228048010107 0.0185546875
0 0.34459886291850916 0.446044921875 0.09286165508528112 0.02197265625
2 0.7220467466835123 0.4697265625 0.07833228048010107 0.0185546875
0 0.3638660770688566 0.470703125 0.12760581174984206 0.0224609375
2 0.7229943145925458 0.492919921875 0.08149084017687934 0.02001953125
0 0.3496525584333544 0.49560546875 0.09917877447883765 0.0224609375
2 0.7239418825015793 0.51904296875 0.07833228048010107 0.0185546875
0 0.3572331017056222 0.521728515625 0.11433986102337335 0.02197265625
2 0.7220467466835123 0.5439453125 0.07580543272267846 0.0205078125
0 0.36923562855337966 0.544921875 0.13708149084017687 0.0185546875
2 0.7245735944409349 0.569091796875 0.08085912823752368 0.02001953125
0 0.38566013897662665 0.5732421875 0.16866708780795958 0.0283203125
2 0.7245735944409349 0.594482421875 0.07959570435881239 0.01904296875
0 0.361339229311434 0.595703125 0.12128869235628553 0.021484375
2 0.7242577384712571 0.62060546875 0.07896399241945673 0.01953125
0 0.36576121288692354 0.6201171875 0.12886923562855337 0.0234375
2 0.7252053063802906 0.644775390625 0.07959570435881239 0.01904296875
0 0.36323436512950097 0.64599609375 0.12381554011370816 0.0185546875
2 0.7252053063802906 0.669677734375 0.07959570435881239 0.02099609375
0 0.36828806064434616 0.672119140625 0.13644977890082122 0.02294921875
2 0.7245735944409349 0.6953125 0.07959570435881239 0.0205078125
0 0.3490208464939987 0.697998046875 0.09791535060012634 0.02294921875
2 0.7236260265319014 0.72119140625 0.0764371446620341 0.0185546875
0 0.3967150979153506 0.722900390625 0.1945672773215414 0.02197265625
1 0.5296904611497157 0.367431640625 0.4668351231838282 0.02685546875
1 0.5268477574226152 0.396240234375 0.4662034112444725 0.02197265625
1 0.5312697409981049 0.4189453125 0.47252053063802907 0.0244140625
1 0.5319014529374605 0.4462890625 0.47252053063802907 0.0244140625
1 0.5312697409981049 0.4697265625 0.4649399873657612 0.0234375
1 0.5319014529374605 0.49365234375 0.4649399873657612 0.0234375
1 0.5312697409981049 0.5224609375 0.4649399873657612 0.0234375
1 0.5312697409981049 0.620849609375 0.4624131396083386 0.02197265625
1 0.5268477574226152 0.5966796875 0.4649399873657612 0.0234375
1 0.5315855969677827 0.545654296875 0.46051800379027164 0.02197265625
1 0.5319014529374605 0.5703125 0.4649399873657612 0.029296875
1 0.5344283006948831 0.64501953125 0.4649399873657612 0.0234375
1 0.5319014529374605 0.6708984375 0.4649399873657612 0.0234375
1 0.5300063171193936 0.6962890625 0.4649399873657612 0.0234375
1 0.5319014529374605 0.7216796875 0.4649399873657612 0.0234375
