0 0.31869867340492736 0.282470703125 0.27732154137713205 0.01904296875
2 0.8307012002526848 0.2822265625 0.07327858496525584 0.013671875
0 0.25015792798483893 0.3076171875 0.13897662665824384 0.0166015625
2 0.8316487681617183 0.308349609375 0.07517372078332281 0.01611328125
0 0.32438408085912823 0.333251953125 0.2874289324068225 0.02197265625
2 0.8307012002526848 0.332275390625 0.07327858496525584 0.01513671875
2 0.8307012002526848 0.358154296875 0.07327858496525584 0.01513671875
0 0.2713202779532533 0.3583984375 0.18130132659507264 0.0205078125
0 0.28332280480101074 0.384765625 0.2040429564118762 0.0185546875
2 0.8316487681617183 0.383544921875 0.07517372078332281 0.01611328125
0 0.2890082122552116 0.4091796875 0.21667719519898926 0.017578125
2 0.8307012002526848 0.40771484375 0.07327858496525584 0.0146484375
0 0.25742261528742894 0.433837890625 0.15350600126342387 0.01708984375
2 0.8307012002526848 0.43359375 0.07327858496525584 0.0146484375
0 0.26721415034744156 0.4599609375 0.17308907138344914 0.017578125
2 0.8307012002526848 0.45849609375 0.07327858496525584 0.0146484375
0 0.29500947567909036 0.484375 0.2286797220467467 0.0185546875
2 0.8307012002526848 0.48388671875 0.07327858496525584 0.013671875
0 0.22267845862286798 0.50927734375 0.08275426405559065 0.0146484375
2 0.8307012002526848 0.50927734375 0.07327858496525584 0.0146484375
1 0.525584333543904 0.308837890625 0.6923562855337966 0.02099609375
1 0.5243209096651926 0.332763671875 0.6923562855337966 0.02099609375
1 0.5262160454832596 0.281982421875 0.6923562855337966 0.02099609375
1 0.5268477574226152 0.358642578125 0.6923562855337966 0.02099609375
1 0.527479469361971 0.385009765625 0.6923562855337966 0.02099609375
1 0.523689197725837 0.408447265625 0.6923562855337966 0.02099609375
1 0.5243209096651926 0.432861328125 0.6923562855337966 0.02099609375
1 0.5262160454832596 0.459716796875 0.6923562855337966 0.02099609375
1 0.525584333543904 0.483642578125 0.6923562855337966 0.02099609375
1 0.5240050536955149 0.509521484375 0.6904611497157296 0.01806640625
