0 0.3133291219204043 0.228271484375 0.1983575489576753 0.02099609375
2 0.7811118130132659 0.229736328125 0.07770056854074542 0.01806640625
0 0.288376500315856 0.250244140625 0.15097915350600127 0.01806640625
0 0.31964624131396085 0.274658203125 0.21730890713834491 0.02099609375
0 0.27732154137713205 0.296875 0.12634238787113075 0.0205078125
0 0.270056854074542 0.318359375 0.1231838281743525 0.0166015625
0 0.27637397346809855 0.34228515625 0.1396083385975995 0.021484375
0 0.27384712571067593 0.3642578125 0.1269740998104864 0.0224609375
0 0.3054327226784586 0.387939453125 0.19646241313960833 0.01904296875
0 0.29879974731522424 0.40966796875 0.17435249526216046 0.021484375
0 0.3139608338597599 0.432861328125 0.20214782059380923 0.01806640625
0 0.286481364497789 0.45654296875 0.14845230574857865 0.021484375
0 0.2943777637397347 0.477294921875 0.16298168035375868 0.01904296875
0 0.36197094125078966 0.50146484375 0.2981680353758686 0.0205078125
0 0.3085912823752369 0.601806640625 0.1914087176247631 0.01708984375
0 0.32627921667719517 0.623291015625 0.22678458622867972 0.02099609375
0 0.3344914718888187 0.64453125 0.24826279216677194 0.021484375
0 0.27637397346809855 0.664794921875 0.12823752368919772 0.01806640625
0 0.30101073910296905 0.682861328125 0.17624763108022742 0.02001953125
0 0.27637397346809855 0.702880859375 0.1269740998104864 0.01611328125
0 0.32627921667719517 0.724853515625 0.22678458622867972 0.02099609375
0 0.2795325331648768 0.7451171875 0.13455464308275428 0.017578125
0 0.30006317119393555 0.76318359375 0.17435249526216046 0.0146484375
0 0.2706885660138977 0.7841796875 0.11560328490208464 0.017578125
2 0.7798483891345547 0.252197265625 0.07770056854074542 0.01806640625
2 0.7766898294377764 0.297607421875 0.07770056854074542 0.01806640625
2 0.7792166771951989 0.274658203125 0.07770056854074542 0.01806640625
2 0.7798483891345547 0.387939453125 0.07770056854074542 0.01806640625
2 0.7785849652558433 0.320068359375 0.07770056854074542 0.01806640625
2 0.7785849652558433 0.342529296875 0.07770056854074542 0.01806640625
2 0.7785849652558433 0.364501953125 0.07770056854074542 0.01806640625
2 0.7785849652558433 0.410400390625 0.07770056854074542 0.01806640625
2 0.7804801010739103 0.433837890625 0.07770056854074542 0.01806640625
2 0.7798483891345547 0.45654296875 0.07770056854074542 0.0185546875
2 0.7785849652558433 0.47802734375 0.07770056854074542 0.0185546875
2 0.7792166771951989 0.5029296875 0.07770056854074542 0.0185546875
2 0.7823752368919773 0.60498046875 0.07770056854074542 0.0185546875
2 0.7779532533164877 0.625 0.07770056854074542 0.0185546875
2 0.7823752368919773 0.64306640625 0.07770056854074542 0.0185546875
2 0.7792166771951989 0.66650390625 0.07770056854074542 0.0185546875
2 0.7766898294377764 0.68310546875 0.07770056854074542 0.0185546875
2 0.7823752368919773 0.70556640625 0.07770056854074542 0.0185546875
2 0.7792166771951989 0.72265625 0.07770056854074542 0.0185546875
2 0.7779532533164877 0.74609375 0.07770056854074542 0.0185546875
2 0.7792166771951989 0.76611328125 0.07770056854074542 0.0185546875
2 0.7779532533164877 0.7841796875 0.07770056854074542 0.0185546875
1 0.5180037902716361 0.228271484375 0.6102337334175616 0.02294921875
1 0.5167403663929249 0.251708984375 0.6102337334175616 0.02294921875
1 0.5186355022109918 0.272705078125 0.6102337334175616 0.02294921875
1 0.5116866708780796 0.293701171875 0.6102337334175616 0.02294921875
1 0.5148452305748579 0.318603515625 0.6102337334175616 0.02294921875
1 0.5104232469993683 0.342041015625 0.6102337334175616 0.02294921875
1 0.5104232469993683 0.363037109375 0.6102337334175616 0.02294921875
1 0.5078963992419456 0.387451171875 0.6102337334175616 0.02294921875
1 0.5135818066961465 0.409912109375 0.6102337334175616 0.02294921875
1 0.5180037902716361 0.433349609375 0.6102337334175616 0.02294921875
1 0.5167403663929249 0.455810546875 0.6102337334175616 0.02294921875
1 0.5154769425142135 0.477294921875 0.6102337334175616 0.02294921875
1 0.5161086544535691 0.498046875 0.6102337334175616 0.0234375
1 0.5161086544535691 0.603515625 0.6102337334175616 0.0234375
1 0.5161086544535691 0.62353515625 0.6102337334175616 0.0234375
1 0.5161086544535691 0.6416015625 0.6102337334175616 0.0234375
1 0.5148452305748579 0.6650390625 0.6102337334175616 0.0234375
1 0.5148452305748579 0.68310546875 0.6102337334175616 0.0234375
1 0.5161086544535691 0.703125 0.6102337334175616 0.0234375
1 0.5148452305748579 0.72412109375 0.6102337334175616 0.0234375
1 0.5198989260897031 0.744140625 0.6102337334175616 0.0234375
1 0.5142135186355022 0.7646484375 0.6102337334175616 0.0234375
1 0.5154769425142135 0.78369140625 0.6102337334175616 0.0234375
