0 0.2899557801642451 0.321044921875 0.07706885660138976 0.01708984375
2 0.7687934301958307 0.322021484375 0.07706885660138976 0.01806640625
0 0.29248262792166774 0.343994140625 0.07833228048010107 0.01708984375
0 0.3168035375868604 0.366943359375 0.1269740998104864 0.01611328125
0 0.3483891345546431 0.391357421875 0.1901452937460518 0.01806640625
0 0.30132659507264686 0.412353515625 0.0972836386607707 0.01611328125
0 0.3085912823752369 0.435791015625 0.11054958938723942 0.01904296875
0 0.35154769425142135 0.45849609375 0.19646241313960833 0.017578125
0 0.32691092861655086 0.48046875 0.15097915350600127 0.0185546875
0 0.39355653821857234 0.504150390625 0.2804801010739103 0.01708984375
0 0.3168035375868604 0.52783203125 0.13076437144662034 0.021484375
0 0.2877447883765003 0.55029296875 0.07517372078332281 0.01953125
0 0.3404927353126974 0.571533203125 0.17435249526216046 0.01806640625
0 0.33543903979785217 0.593994140625 0.16803537586860393 0.02001953125
2 0.7675300063171194 0.342529296875 0.07706885660138976 0.01806640625
2 0.7681617182564751 0.366943359375 0.07706885660138976 0.01806640625
2 0.7694251421351863 0.390380859375 0.07706885660138976 0.01806640625
2 0.7668982943777637 0.412841796875 0.07706885660138976 0.01806640625
2 0.7675300063171194 0.50244140625 0.07706885660138976 0.0185546875
2 0.7656348704990524 0.435302734375 0.07706885660138976 0.01806640625
2 0.7675300063171194 0.456298828125 0.07706885660138976 0.01806640625
2 0.7675300063171194 0.479248046875 0.07706885660138976 0.01806640625
2 0.7719519898926089 0.525146484375 0.07706885660138976 0.01806640625
2 0.7675300063171194 0.549560546875 0.07706885660138976 0.01806640625
2 0.7681617182564751 0.571044921875 0.07706885660138976 0.01806640625
2 0.7694251421351863 0.594482421875 0.07706885660138976 0.01806640625
1 0.5284270372710044 0.321533203125 0.5590650663297536 0.02197265625
1 0.5303221730890714 0.342529296875 0.5590650663297536 0.02197265625
1 0.5290587492103601 0.362548828125 0.5590650663297536 0.02197265625
1 0.5290587492103601 0.388427734375 0.5590650663297536 0.02197265625
1 0.5303221730890714 0.413330078125 0.5590650663297536 0.02197265625
1 0.5290587492103601 0.436767578125 0.5590650663297536 0.02197265625
1 0.5277953253316487 0.455322265625 0.5590650663297536 0.02197265625
1 0.5277953253316487 0.482177734375 0.5590650663297536 0.02197265625
1 0.5284270372710044 0.501953125 0.5590650663297536 0.0224609375
1 0.5284270372710044 0.527099609375 0.5590650663297536 0.02197265625
1 0.5271636133922931 0.550537109375 0.5590650663297536 0.02197265625
1 0.5246367656348705 0.569580078125 0.5590650663297536 0.02197265625
1 0.5277953253316487 0.596435546875 0.5590650663297536 0.02197265625
