0 0.746826171875 0.41718426501035194 0.07861328125 0.026915113871635612
2 0.93115234375 0.41821946169772256 0.0458984375 0.024844720496894408
0 0.416259765625 0.4244306418219462 0.11669921875 0.03864734299516908
2 0.622802734375 0.4254658385093168 0.03564453125 0.024154589371980676
0 0.09326171875 0.42995169082125606 0.0888671875 0.026224982746721876
2 0.269775390625 0.4309868875086266 0.02490234375 0.024154589371980676
0 0.405029296875 0.45721187025534854 0.09130859375 0.035196687370600416
2 0.622802734375 0.455831608005521 0.03564453125 0.026915113871635612
0 0.09130859375 0.45997239475500346 0.0859375 0.031055900621118012
2 0.26513671875 0.4603174603174603 0.0341796875 0.024844720496894408
0 0.381103515625 0.4861973775017253 0.04541015625 0.031055900621118012
2 0.622802734375 0.48481711525189786 0.03564453125 0.024154589371980676
0 0.090087890625 0.49206349206349204 0.08544921875 0.028985507246376812
2 0.26513671875 0.4917184265010352 0.0341796875 0.024154589371980676
0 0.086669921875 0.52311939268461 0.07861328125 0.024844720496894408
2 0.26513671875 0.52311939268461 0.0341796875 0.024844720496894408
0 0.105712890625 0.5552104899930987 0.11376953125 0.033816425120772944
2 0.264404296875 0.5541752933057281 0.03564453125 0.024844720496894408
0 0.43115234375 0.5973084886128365 0.146484375 0.039337474120082816
2 0.622802734375 0.5966183574879227 0.03564453125 0.024154589371980676
0 0.402099609375 0.6280193236714976 0.08642578125 0.03036576949620428
2 0.622802734375 0.6280193236714976 0.03564453125 0.024844720496894408
0 0.75146484375 0.6380262249827467 0.087890625 0.026915113871635612
2 0.941650390625 0.6380262249827467 0.02294921875 0.022774327122153208
0 0.74755859375 0.671152518978606 0.080078125 0.026915113871635612
2 0.937744140625 0.6721877156659766 0.03271484375 0.024844720496894408
0 0.74169921875 0.7053140096618358 0.068359375 0.031746031746031744
2 0.937744140625 0.7063492063492064 0.03271484375 0.022774327122153208
0 0.4248046875 0.7263630089717046 0.1318359375 0.026915113871635612
2 0.622802734375 0.7291235334713596 0.03564453125 0.024154589371980676
0 0.791748046875 0.7391304347826086 0.16845703125 0.03036576949620428
2 0.937255859375 0.738440303657695 0.03173828125 0.020703933747412008
0 0.45263671875 0.7605244996549344 0.185546875 0.031746031746031744
2 0.622802734375 0.7594893029675638 0.03564453125 0.026915113871635612
0 0.78857421875 0.7729468599033816 0.162109375 0.033126293995859216
2 0.9375 0.772256728778468 0.0341796875 0.022084195997239476
0 0.44091796875 0.7888198757763976 0.162109375 0.026224982746721876
2 0.622802734375 0.7898550724637681 0.03564453125 0.024154589371980676
0 0.11328125 0.7995169082125604 0.1298828125 0.033816425120772944
2 0.263916015625 0.7981366459627329 0.03662109375 0.026915113871635612
0 0.740966796875 0.8026224982746721 0.06689453125 0.024844720496894408
2 0.937744140625 0.8067632850241546 0.03271484375 0.024844720496894408
0 0.46875 0.8195307108350587 0.220703125 0.028295376121463076
2 0.622802734375 0.8198757763975155 0.03564453125 0.024844720496894408
0 0.117431640625 0.8785369220151829 0.13720703125 0.12422360248447205
2 0.263427734375 0.8278122843340234 0.03564453125 0.022774327122153208
0 0.770263671875 0.836783988957902 0.12841796875 0.03243616287094548
2 0.937255859375 0.8378191856452726 0.03173828125 0.020703933747412008
0 0.748779296875 0.8726708074534162 0.08251953125 0.028295376121463076
2 0.937255859375 0.8699102829537612 0.03173828125 0.022774327122153208
0 0.768310546875 0.9030365769496205 0.12158203125 0.026915113871635612
2 0.93701171875 0.9051069703243616 0.0341796875 0.022774327122153208
0 0.783935546875 0.9389233954451346 0.15283203125 0.028295376121463076
2 0.9365234375 0.9371980676328503 0.033203125 0.020703933747412008
1 0.166015625 0.42995169082125606 0.236328125 0.028985507246376812
1 0.1640625 0.4603174603174603 0.236328125 0.028985507246376812
1 0.16455078125 0.49206349206349204 0.236328125 0.028985507246376812
1 0.1640625 0.5217391304347826 0.236328125 0.028985507246376812
1 0.166015625 0.5562456866804693 0.2333984375 0.03036576949620428
1 0.1640625 0.7998619737750172 0.2333984375 0.03036576949620428
1 0.165771484375 0.8823326432022084 0.23779296875 0.1290545203588682
1 0.5009765625 0.4230503795721187 0.2822265625 0.031746031746031744
1 0.49853515625 0.4561766735679779 0.2822265625 0.031746031746031744
1 0.498046875 0.4858523119392685 0.2822265625 0.031746031746031744
1 0.50048828125 0.598343685300207 0.2822265625 0.031746031746031744
1 0.49853515625 0.7294685990338164 0.2822265625 0.031746031746031744
1 0.5 0.6259489302967564 0.2822265625 0.031746031746031744
1 0.49853515625 0.7584541062801933 0.2822265625 0.031746031746031744
1 0.49853515625 0.790200138026225 0.2822265625 0.031746031746031744
1 0.5009765625 0.8178053830227743 0.2822265625 0.031746031746031744
1 0.834228515625 0.4164941338854382 0.25146484375 0.029675638371290544
1 0.833251953125 0.6366459627329193 0.25146484375 0.029675638371290544
1 0.829345703125 0.6690821256038647 0.25146484375 0.029675638371290544
1 0.830810546875 0.7387853692201518 0.25146484375 0.029675638371290544
1 0.828857421875 0.7022084195997239 0.25146484375 0.029675638371290544
1 0.831787109375 0.7684610075914424 0.25146484375 0.029675638371290544
1 0.831787109375 0.8022774327122153 0.25146484375 0.029675638371290544
1 0.830810546875 0.8347135955831608 0.25146484375 0.029675638371290544
1 0.831298828125 0.8712905452035887 0.25146484375 0.029675638371290544
1 0.830322265625 0.9030365769496205 0.25146484375 0.029675638371290544
1 0.830810546875 0.940303657694962 0.25146484375 0.029675638371290544
