0 0.06591796875 0.3870442708333333 0.0341796875 0.024088541666666668
2 0.371826171875 0.3893229166666667 0.06591796875 0.0234375
0 0.0673828125 0.4169921875 0.0341796875 0.020182291666666668
2 0.371337890625 0.4186197916666667 0.06982421875 0.0234375
0 0.5625 0.435546875 0.0615234375 0.033854166666666664
0 0.824462890625 0.4388020833333333 0.09619140625 0.036458333333333336
0 0.0751953125 0.4446614583333333 0.0419921875 0.0234375
2 0.3701171875 0.4475911458333333 0.072265625 0.021484375
0 0.57275390625 0.47265625 0.078125 0.036458333333333336
2 0.6904296875 0.4710286458333333 0.05859375 0.026692708333333332
0 0.806884765625 0.4733072916666667 0.06005859375 0.028645833333333332
0 0.1025390625 0.4739583333333333 0.0927734375 0.028645833333333332
2 0.938232421875 0.4768880208333333 0.05517578125 0.027994791666666668
2 0.373779296875 0.4768880208333333 0.06689453125 0.021484375
0 0.587890625 0.5084635416666666 0.1162109375 0.029947916666666668
0 0.81494140625 0.5110677083333334 0.080078125 0.037760416666666664
0 0.1708984375 0.5393880208333334 0.197265625 0.031901041666666664
0 0.56982421875 0.5455729166666666 0.0654296875 0.029947916666666668
2 0.69140625 0.5455729166666666 0.056640625 0.02734375
0 0.82763671875 0.5504557291666666 0.107421875 0.034505208333333336
0 0.123291015625 0.5716145833333334 0.11474609375 0.0234375
2 0.3818359375 0.5774739583333334 0.0615234375 0.022135416666666668
0 0.13037109375 0.5992838541666666 0.1240234375 0.022786458333333332
2 0.381103515625 0.6051432291666666 0.06591796875 0.021484375
0 0.135009765625 0.626953125 0.12841796875 0.01953125
0 0.574462890625 0.6295572916666666 0.03564453125 0.024739583333333332
2 0.385009765625 0.6331380208333334 0.06298828125 0.021484375
0 0.1689453125 0.6546223958333334 0.1904296875 0.022786458333333332
0 0.805419921875 0.6588541666666666 0.12744140625 0.028645833333333332
2 0.386962890625 0.6611328125 0.06201171875 0.021484375
0 0.558837890625 0.6764322916666666 0.03564453125 0.03515625
2 0.68798828125 0.6813151041666666 0.05859375 0.030598958333333332
0 0.158935546875 0.6822916666666666 0.16650390625 0.02734375
0 0.801513671875 0.6871744791666666 0.12158203125 0.029296875
2 0.38818359375 0.6871744791666666 0.0615234375 0.021484375
0 0.151123046875 0.7080078125 0.14501953125 0.026692708333333332
0 0.775634765625 0.7141927083333334 0.07177734375 0.024739583333333332
2 0.3896484375 0.7138671875 0.0615234375 0.020182291666666668
0 0.575927734375 0.7259114583333334 0.06298828125 0.036458333333333336
0 0.140380859375 0.7340494791666666 0.11767578125 0.021484375
2 0.3916015625 0.7399088541666666 0.060546875 0.020182291666666668
0 0.771484375 0.7412109375 0.0625 0.022786458333333332
0 0.144775390625 0.759765625 0.12158203125 0.022135416666666668
2 0.392822265625 0.7659505208333334 0.06005859375 0.020182291666666668
0 0.5595703125 0.7711588541666666 0.0341796875 0.030598958333333332
0 0.769775390625 0.7692057291666666 0.06005859375 0.025390625
2 0.686767578125 0.7747395833333334 0.06396484375 0.03125
0 0.156494140625 0.7841796875 0.14208984375 0.021484375
2 0.394775390625 0.7919921875 0.05908203125 0.020182291666666668
0 0.767822265625 0.7952473958333334 0.05712890625 0.025390625
0 0.1630859375 0.8111979166666666 0.1474609375 0.0234375
2 0.396240234375 0.8180338541666666 0.05908203125 0.020182291666666668
0 0.149169921875 0.8362630208333334 0.11572265625 0.022786458333333332
2 0.397216796875 0.8427734375 0.06005859375 0.022786458333333332
0 0.19677734375 0.861328125 0.2080078125 0.024739583333333332
2 0.399169921875 0.8671875 0.05810546875 0.022135416666666668
0 0.18896484375 0.8880208333333334 0.1875 0.028645833333333332
2 0.39990234375 0.8938802083333334 0.0595703125 0.0234375
2 0.689208984375 0.7291666666666666 0.06396484375 0.03125
2 0.69091796875 0.4352213541666667 0.05859375 0.026692708333333332
2 0.69189453125 0.5081380208333334 0.05859375 0.026692708333333332
2 0.940185546875 0.4371744791666667 0.05517578125 0.027994791666666668
2 0.937744140625 0.5139973958333334 0.05517578125 0.027994791666666668
2 0.935302734375 0.5491536458333334 0.05517578125 0.027994791666666668
1 0.2255859375 0.3873697916666667 0.3603515625 0.028645833333333332
1 0.22607421875 0.41796875 0.3603515625 0.028645833333333332
1 0.228515625 0.4466145833333333 0.3603515625 0.028645833333333332
1 0.23046875 0.4752604166666667 0.3603515625 0.028645833333333332
1 0.23974609375 0.5745442708333334 0.353515625 0.031901041666666664
1 0.2421875 0.6018880208333334 0.353515625 0.031901041666666664
1 0.2421875 0.6292317708333334 0.353515625 0.031901041666666664
1 0.246337890625 0.6585286458333334 0.34619140625 0.030598958333333332
1 0.249267578125 0.6845703125 0.34619140625 0.030598958333333332
1 0.248291015625 0.7106119791666666 0.34619140625 0.030598958333333332
1 0.251708984375 0.7373046875 0.34619140625 0.030598958333333332
1 0.252197265625 0.7626953125 0.34619140625 0.030598958333333332
1 0.252685546875 0.7932942708333334 0.34619140625 0.030598958333333332
1 0.254150390625 0.8141276041666666 0.34619140625 0.030598958333333332
1 0.258544921875 0.8411458333333334 0.34033203125 0.028645833333333332
1 0.259521484375 0.8658854166666666 0.34033203125 0.028645833333333332
1 0.260986328125 0.8932291666666666 0.34033203125 0.028645833333333332
1 0.627197265625 0.4361979166666667 0.19091796875 0.029947916666666668
1 0.629638671875 0.4739583333333333 0.19091796875 0.029947916666666668
1 0.627685546875 0.5065104166666666 0.19091796875 0.029947916666666668
1 0.629150390625 0.5462239583333334 0.19091796875 0.029947916666666668
1 0.6298828125 0.6787109375 0.1787109375 0.039713541666666664
1 0.630859375 0.7249348958333334 0.1787109375 0.039713541666666664
1 0.62890625 0.7744140625 0.1787109375 0.039713541666666664
1 0.871826171875 0.4397786458333333 0.19677734375 0.034505208333333336
1 0.872314453125 0.4729817708333333 0.19677734375 0.034505208333333336
1 0.869873046875 0.5094401041666666 0.19677734375 0.034505208333333336
1 0.868896484375 0.5511067708333334 0.19677734375 0.034505208333333336
