0 0.10024154589371981 0.33419243986254293 0.1473429951690821 0.029209621993127148
2 0.23429951690821257 0.3333333333333333 0.026570048309178744 0.024054982817869417
0 0.3508454106280193 0.3393470790378007 0.12439613526570048 0.029209621993127148
2 0.5150966183574879 0.3402061855670103 0.035024154589371984 0.024054982817869417
2 0.7445652173913043 0.3402061855670103 0.03260869565217391 0.024054982817869417
0 0.6177536231884058 0.3436426116838488 0.08333333333333333 0.027491408934707903
0 0.09118357487922706 0.3702749140893471 0.1316425120772947 0.029209621993127148
2 0.2361111111111111 0.37199312714776633 0.035024154589371984 0.02577319587628866
2 0.7445652173913043 0.3745704467353952 0.03260869565217391 0.024054982817869417
2 0.5150966183574879 0.37800687285223367 0.035024154589371984 0.027491408934707903
0 0.5978260869565217 0.3805841924398625 0.04830917874396135 0.03264604810996564
0 0.3743961352657005 0.3797250859106529 0.16908212560386474 0.027491408934707903
0 0.08816425120772947 0.4106529209621993 0.12560386473429952 0.041237113402061855
2 0.23792270531400966 0.41237113402061853 0.033816425120772944 0.024054982817869417
0 0.6274154589371981 0.41237113402061853 0.10265700483091787 0.027491408934707903
2 0.7445652173913043 0.4106529209621993 0.03260869565217391 0.024054982817869417
0 0.3580917874396135 0.41924398625429554 0.13647342995169082 0.030927835051546393
2 0.5150966183574879 0.41580756013745707 0.035024154589371984 0.024054982817869417
0 0.08333333333333333 0.4475945017182131 0.11594202898550725 0.03608247422680412
2 0.7445652173913043 0.44501718213058417 0.03260869565217391 0.024054982817869417
2 0.23550724637681159 0.4475945017182131 0.033816425120772944 0.02577319587628866
0 0.5905797101449275 0.4493127147766323 0.033816425120772944 0.029209621993127148
2 0.5150966183574879 0.4536082474226804 0.035024154589371984 0.027491408934707903
0 0.35688405797101447 0.45618556701030927 0.13647342995169082 0.029209621993127148
0 0.6086956521739131 0.48109965635738833 0.06763285024154589 0.030927835051546393
2 0.7445652173913043 0.4793814432989691 0.03260869565217391 0.024054982817869417
0 0.1068840579710145 0.4853951890034364 0.16304347826086957 0.02577319587628866
2 0.23550724637681159 0.4853951890034364 0.033816425120772944 0.02577319587628866
0 0.358695652173913 0.49398625429553267 0.13768115942028986 0.029209621993127148
2 0.5150966183574879 0.49140893470790376 0.035024154589371984 0.024054982817869417
0 0.6310386473429952 0.5137457044673539 0.10990338164251208 0.027491408934707903
2 0.7433574879227053 0.5137457044673539 0.035024154589371984 0.027491408934707903
0 0.08756038647342995 0.5249140893470791 0.11956521739130435 0.029209621993127148
2 0.23550724637681159 0.5231958762886598 0.033816425120772944 0.02577319587628866
0 0.3502415458937198 0.5326460481099656 0.12560386473429952 0.03436426116838488
2 0.5150966183574879 0.5300687285223368 0.035024154589371984 0.02577319587628866
0 0.6189613526570048 0.5498281786941581 0.08574879227053141 0.027491408934707903
2 0.7445652173913043 0.5498281786941581 0.03260869565217391 0.027491408934707903
0 0.10748792270531402 0.563573883161512 0.1642512077294686 0.041237113402061855
2 0.23550724637681159 0.5609965635738832 0.033816425120772944 0.02577319587628866
0 0.35507246376811596 0.5678694158075601 0.13043478260869565 0.02577319587628866
2 0.5157004830917874 0.5678694158075601 0.03140096618357488 0.029209621993127148
0 0.6159420289855072 0.584192439862543 0.0821256038647343 0.027491408934707903
2 0.7445652173913043 0.5850515463917526 0.03260869565217391 0.02577319587628866
0 0.08574879227053141 0.602233676975945 0.12077294685990338 0.03264604810996564
2 0.23550724637681159 0.5987972508591065 0.033816425120772944 0.02577319587628866
0 0.3919082125603865 0.6082474226804123 0.2041062801932367 0.03436426116838488
0 0.09480676328502416 0.6374570446735395 0.14130434782608695 0.03436426116838488
2 0.23550724637681159 0.6365979381443299 0.033816425120772944 0.02577319587628866
0 0.07004830917874397 0.6752577319587629 0.09178743961352658 0.027491408934707903
2 0.23550724637681159 0.6743986254295533 0.033816425120772944 0.02577319587628866
2 0.23550724637681159 0.7121993127147767 0.033816425120772944 0.02577319587628866
0 0.09057971014492754 0.7156357388316151 0.13043478260869565 0.029209621993127148
0 0.3786231884057971 0.729381443298969 0.1823671497584541 0.03264604810996564
2 0.5150966183574879 0.729381443298969 0.035024154589371984 0.02577319587628866
0 0.6340579710144928 0.7371134020618557 0.11594202898550725 0.027491408934707903
2 0.7385265700483091 0.738831615120275 0.04468599033816425 0.024054982817869417
0 0.36594202898550726 0.7843642611683849 0.1570048309178744 0.06701030927835051
2 0.5144927536231884 0.7671821305841925 0.033816425120772944 0.02577319587628866
0 0.6298309178743962 0.7731958762886598 0.10748792270531402 0.024054982817869417
2 0.7445652173913043 0.7740549828178694 0.03743961352657005 0.02577319587628866
0 0.6159420289855072 0.8075601374570447 0.0821256038647343 0.024054982817869417
2 0.7445652173913043 0.8092783505154639 0.03260869565217391 0.024054982817869417
0 0.09601449275362318 0.8350515463917526 0.15338164251207728 0.03436426116838488
2 0.23671497584541062 0.8350515463917526 0.036231884057971016 0.027491408934707903
0 0.35205314009661837 0.8462199312714777 0.1316425120772947 0.03608247422680412
0 0.6274154589371981 0.845360824742268 0.10265700483091787 0.030927835051546393
2 0.5150966183574879 0.8436426116838488 0.035024154589371984 0.024054982817869417
2 0.7506038647342995 0.8436426116838488 0.025362318840579712 0.024054982817869417
0 0.6358695652173914 0.8788659793814433 0.11956521739130435 0.029209621993127148
2 0.7493961352657005 0.8780068728522337 0.022946859903381644 0.024054982817869417
0 0.3423913043478261 0.884020618556701 0.11231884057971014 0.03264604810996564
2 0.5150966183574879 0.8831615120274914 0.035024154589371984 0.024054982817869417
0 0.6123188405797102 0.9089347079037801 0.07246376811594203 0.027491408934707903
2 0.7391304347826086 0.9123711340206185 0.021739130434782608 0.024054982817869417
0 0.322463768115942 0.9183848797250859 0.07246376811594203 0.03264604810996564
2 0.5144927536231884 0.9209621993127147 0.033816425120772944 0.027491408934707903
0 0.6165458937198067 0.9450171821305842 0.08574879227053141 0.024054982817869417
2 0.7493961352657005 0.9484536082474226 0.022946859903381644 0.027491408934707903
0 0.06521739130434782 0.9570446735395189 0.08454106280193237 0.027491408934707903
2 0.24033816425120774 0.9596219931271478 0.024154589371980676 0.022336769759450172
2 0.5163043478260869 0.6048109965635738 0.030193236714975844 0.027491408934707903
1 0.14070048309178743 0.33591065292096217 0.22584541062801933 0.03264604810996564
1 0.13949275362318841 0.37199312714776633 0.22584541062801933 0.03264604810996564
1 0.14070048309178743 0.40807560137457044 0.22584541062801933 0.03264604810996564
1 0.13707729468599034 0.45103092783505155 0.22584541062801933 0.03264604810996564
1 0.14070048309178743 0.5627147766323024 0.22584541062801933 0.03264604810996564
1 0.13707729468599034 0.4836769759450172 0.22584541062801933 0.03264604810996564
1 0.13707729468599034 0.5214776632302406 0.22584541062801933 0.03264604810996564
1 0.13949275362318841 0.602233676975945 0.22584541062801933 0.03264604810996564
1 0.13828502415458938 0.6365979381443299 0.22584541062801933 0.03264604810996564
1 0.14070048309178743 0.6761168384879725 0.22584541062801933 0.03264604810996564
1 0.13949275362318841 0.7121993127147767 0.22584541062801933 0.03264604810996564
1 0.13768115942028986 0.8367697594501718 0.23429951690821257 0.03436426116838488
1 0.14009661835748793 0.9604810996563574 0.23429951690821257 0.03436426116838488
1 0.4106280193236715 0.3402061855670103 0.2463768115942029 0.03436426116838488
1 0.41304347826086957 0.3797250859106529 0.2463768115942029 0.03436426116838488
1 0.41183574879227053 0.4175257731958763 0.2463768115942029 0.03436426116838488
1 0.41183574879227053 0.4579037800687285 0.2463768115942029 0.03264604810996564
1 0.41183574879227053 0.4957044673539519 0.2463768115942029 0.03264604810996564
1 0.40942028985507245 0.531786941580756 0.2463768115942029 0.03264604810996564
1 0.41545893719806765 0.5695876288659794 0.2463768115942029 0.03264604810996564
1 0.41304347826086957 0.6056701030927835 0.2463768115942029 0.03264604810996564
1 0.4106280193236715 0.7310996563573883 0.2463768115942029 0.03264604810996564
1 0.41183574879227053 0.7852233676975945 0.24396135265700483 0.06872852233676977
1 0.40942028985507245 0.8445017182130584 0.2463768115942029 0.03264604810996564
1 0.4106280193236715 0.8805841924398625 0.2463768115942029 0.03264604810996564
1 0.4106280193236715 0.9218213058419243 0.2463768115942029 0.03264604810996564
1 0.6684782608695652 0.3393470790378007 0.18961352657004832 0.03264604810996564
1 0.6696859903381642 0.3754295532646048 0.18961352657004832 0.03264604810996564
1 0.6696859903381642 0.4115120274914089 0.18961352657004832 0.03264604810996564
1 0.6721014492753623 0.4484536082474227 0.18961352657004832 0.030927835051546393
1 0.6708937198067633 0.9484536082474226 0.18961352657004832 0.030927835051546393
1 0.6672705314009661 0.47594501718213056 0.18961352657004832 0.030927835051546393
1 0.6672705314009661 0.5120274914089347 0.18961352657004832 0.030927835051546393
1 0.6672705314009661 0.5429553264604811 0.18961352657004832 0.030927835051546393
1 0.6684782608695652 0.5824742268041238 0.18961352657004832 0.030927835051546393
1 0.6672705314009661 0.7371134020618557 0.18961352657004832 0.030927835051546393
1 0.6672705314009661 0.7714776632302406 0.18961352657004832 0.030927835051546393
1 0.6672705314009661 0.8041237113402062 0.18961352657004832 0.030927835051546393
1 0.6672705314009661 0.8402061855670103 0.18961352657004832 0.030927835051546393
1 0.6672705314009661 0.8745704467353952 0.18961352657004832 0.030927835051546393
1 0.6684782608695652 0.9054982817869416 0.18961352657004832 0.030927835051546393
