0 0.09566787003610108 0.3373083475298126 0.0950661853188929 0.03747870528109029
2 0.24729241877256317 0.3415672913117547 0.03489771359807461 0.02555366269165247
0 0.38206979542719616 0.348381601362862 0.1648616125150421 0.03577512776831346
0 0.6143200962695547 0.3475298126064736 0.0950661853188929 0.030664395229982964
2 0.7274368231046932 0.3441226575809199 0.03730445246690734 0.030664395229982964
2 0.5084235860409145 0.348381601362862 0.03489771359807461 0.02555366269165247
0 0.08002406738868832 0.37649063032367974 0.06377858002406739 0.030664395229982964
2 0.24729241877256317 0.379045996592845 0.03489771359807461 0.02555366269165247
0 0.6022864019253911 0.38160136286201024 0.07581227436823104 0.027257240204429302
0 0.36522262334536704 0.3841567291311755 0.12876052948255115 0.028960817717206135
2 0.7274368231046932 0.3807495741056218 0.03489771359807461 0.02555366269165247
2 0.5096269554753309 0.38756388415672915 0.03489771359807461 0.028960817717206135
0 0.08724428399518652 0.41056218057921634 0.07821901323706378 0.027257240204429302
2 0.24729241877256317 0.41652470187393525 0.03489771359807461 0.02555366269165247
0 0.3941034897713598 0.424190800681431 0.1865222623345367 0.034071550255536626
0 0.6022864019253911 0.4190800681431005 0.07340553549939831 0.02385008517887564
2 0.7262334536702768 0.4199318568994889 0.03489771359807461 0.02555366269165247
0 0.08543922984356198 0.4497444633730835 0.07460890493381468 0.027257240204429302
2 0.24729241877256317 0.45315161839863716 0.03489771359807461 0.02385008517887564
0 0.589049338146811 0.454855195911414 0.044524669073405534 0.02385008517887564
0 0.37845968712394706 0.45911413969335607 0.15764139590854392 0.028960817717206135
2 0.5096269554753309 0.4599659284497445 0.03730445246690734 0.027257240204429302
2 0.7262334536702768 0.45741056218057924 0.03489771359807461 0.02555366269165247
0 0.1365824308062575 0.4889267461669506 0.17689530685920576 0.030664395229982964
0 0.6058965102286402 0.49233390119250425 0.07821901323706378 0.027257240204429302
0 0.38868832731648617 0.49829642248722317 0.17809867629362214 0.03577512776831346
2 0.7274368231046932 0.4940374787052811 0.032490974729241874 0.02385008517887564
0 0.1341756919374248 0.5255536626916525 0.16967509025270758 0.03577512776831346
0 0.6377858002406739 0.5298126064735945 0.13959085439229843 0.03747870528109029
0 0.3838748495788207 0.534923339011925 0.1684717208182912 0.034071550255536626
2 0.5084235860409145 0.5332197614991482 0.03489771359807461 0.027257240204429302
0 0.11552346570397112 0.5621805792163543 0.13237063778580024 0.03747870528109029
2 0.24729241877256317 0.5621805792163543 0.03489771359807461 0.02385008517887564
0 0.37845968712394706 0.5724020442930153 0.15764139590854392 0.034071550255536626
2 0.5084235860409145 0.5698466780238501 0.03489771359807461 0.02555366269165247
0 0.6058965102286402 0.5689948892674617 0.07821901323706378 0.02385008517887564
2 0.7286401925391095 0.5689948892674617 0.03489771359807461 0.02385008517887564
0 0.10409145607701564 0.5988074957410562 0.11191335740072202 0.03236797274275979
2 0.24729241877256317 0.5979557069846678 0.03489771359807461 0.02385008517887564
0 0.3796630565583634 0.610732538330494 0.16004813477737664 0.03236797274275979
2 0.5084235860409145 0.6073253833049403 0.03489771359807461 0.02555366269165247
0 0.10409145607701564 0.6354344122657581 0.11191335740072202 0.027257240204429302
2 0.24729241877256317 0.6354344122657581 0.03489771359807461 0.027257240204429302
0 0.35499398315282793 0.6448040885860307 0.11070998796630566 0.03236797274275979
2 0.5090252707581228 0.6448040885860307 0.03369434416365824 0.02555366269165247
0 0.1305655836341757 0.6754684838160137 0.1648616125150421 0.03236797274275979
2 0.24729241877256317 0.67206132879046 0.03489771359807461 0.02555366269165247
0 0.6125150421179302 0.7793867120954003 0.09626955475330927 0.028960817717206135
2 0.7310469314079422 0.7776831345826235 0.03489771359807461 0.02555366269165247
0 0.37845968712394706 0.7879045996592845 0.16004813477737664 0.03577512776831346
2 0.5042117930204573 0.7879045996592845 0.0457280385078219 0.02555366269165247
0 0.09747292418772563 0.7904599659284497 0.09626955475330927 0.034071550255536626
2 0.24729241877256317 0.787052810902896 0.03489771359807461 0.02385008517887564
0 0.6155234657039711 0.817717206132879 0.09747292418772563 0.030664395229982964
2 0.7310469314079422 0.8151618398637138 0.03489771359807461 0.02555366269165247
0 0.10589651022864019 0.8304940374787053 0.11070998796630566 0.03577512776831346
2 0.24729241877256317 0.8262350936967632 0.03489771359807461 0.027257240204429302
0 0.35078219013237066 0.8262350936967632 0.10709987966305656 0.034071550255536626
2 0.5042117930204573 0.823679727427598 0.0457280385078219 0.02555366269165247
0 0.6227436823104693 0.8551959114139693 0.11432009626955475 0.04088586030664395
2 0.7310469314079422 0.8526405451448041 0.03489771359807461 0.02555366269165247
0 0.3345367027677497 0.8603066439522998 0.06979542719614922 0.027257240204429302
0 0.10649819494584838 0.8654173764906303 0.11432009626955475 0.027257240204429302
2 0.24729241877256317 0.8637137989778535 0.03489771359807461 0.02385008517887564
2 0.5030084235860409 0.8645655877342419 0.04332129963898917 0.02555366269165247
0 0.628158844765343 0.8926746166950597 0.12515042117930206 0.03747870528109029
2 0.7304452466907341 0.8909710391822828 0.036101083032490974 0.02385008517887564
0 0.10649819494584838 0.9020442930153322 0.11432009626955475 0.028960817717206135
0 0.36101083032490977 0.9020442930153322 0.12515042117930206 0.028960817717206135
2 0.5042117930204573 0.9003407155025553 0.048134777376654635 0.028960817717206135
2 0.24729241877256317 0.9028960817717206 0.03489771359807461 0.02385008517887564
0 0.10649819494584838 0.9403747870528109 0.11432009626955475 0.027257240204429302
2 0.24729241877256317 0.9403747870528109 0.03489771359807461 0.027257240204429302
0 0.10469314079422383 0.9787052810902896 0.11070998796630566 0.02555366269165247
2 0.24729241877256317 0.9778534923339012 0.03489771359807461 0.02385008517887564
2 0.24849578820697954 0.4906303236797274 0.03489771359807461 0.02385008517887564
2 0.2496991576413959 0.5298126064735945 0.03489771359807461 0.02385008517887564
2 0.5096269554753309 0.4250425894378194 0.03489771359807461 0.028960817717206135
2 0.5096269554753309 0.49744463373083475 0.03730445246690734 0.027257240204429302
2 0.7298435619735258 0.534923339011925 0.032490974729241874 0.02385008517887564
1 0.15703971119133575 0.3390119250425894 0.21780986762936222 0.03747870528109029
1 0.1582430806257521 0.37649063032367974 0.21780986762936222 0.03747870528109029
1 0.1582430806257521 0.41737649063032367 0.21780986762936222 0.03747870528109029
1 0.41456077015643805 0.34582623509369675 0.22984356197352587 0.034071550255536626
1 0.154632972322503 0.444633730834753 0.21780986762936222 0.03747870528109029
1 0.15583634175691938 0.4804088586030664 0.21780986762936222 0.03747870528109029
1 0.154632972322503 0.5229982964224872 0.21780986762936222 0.03747870528109029
1 0.15342960288808663 0.5570698466780238 0.21780986762936222 0.03747870528109029
1 0.15703971119133575 0.5979557069846678 0.21780986762936222 0.03747870528109029
1 0.15222623345367028 0.6303236797274276 0.21780986762936222 0.03747870528109029
1 0.154632972322503 0.6712095400340715 0.21780986762936222 0.03747870528109029
1 0.41456077015643805 0.3850085178875639 0.22984356197352587 0.034071550255536626
1 0.41335740072202165 0.49744463373083475 0.22984356197352587 0.034071550255536626
1 0.4121540312876053 0.41737649063032367 0.22984356197352587 0.034071550255536626
1 0.4109506618531889 0.4599659284497445 0.22984356197352587 0.034071550255536626
1 0.4157641395908544 0.5315161839863713 0.22984356197352587 0.034071550255536626
1 0.4157641395908544 0.575809199318569 0.22984356197352587 0.034071550255536626
1 0.6564380264741275 0.3441226575809199 0.18170878459687123 0.034071550255536626
1 0.4109506618531889 0.606473594548552 0.22984356197352587 0.034071550255536626
1 0.41335740072202165 0.6439522998296422 0.22984356197352587 0.034071550255536626
1 0.6552346570397112 0.3798977853492334 0.18170878459687123 0.034071550255536626
1 0.6540312876052948 0.4190800681431005 0.18170878459687123 0.034071550255536626
1 0.6540312876052948 0.45826235093696766 0.18170878459687123 0.034071550255536626
1 0.6588447653429603 0.4906303236797274 0.18170878459687123 0.034071550255536626
1 0.661251504211793 0.5298126064735945 0.18170878459687123 0.034071550255536626
1 0.6588447653429603 0.5672913117546848 0.18170878459687123 0.034071550255536626
1 0.6564380264741275 0.7802385008517888 0.18170878459687123 0.034071550255536626
1 0.6588447653429603 0.8160136286201022 0.18170878459687123 0.034071550255536626
1 0.6564380264741275 0.8568994889267462 0.18170878459687123 0.034071550255536626
1 0.6564380264741275 0.8960817717206133 0.18170878459687123 0.034071550255536626
1 0.4127557160048135 0.787052810902896 0.22623345367027678 0.034071550255536626
1 0.4139590854392298 0.82793867120954 0.22623345367027678 0.034071550255536626
1 0.4127557160048135 0.8654173764906303 0.2286401925391095 0.034071550255536626
1 0.4127557160048135 0.9020442930153322 0.2286401925391095 0.03577512776831346
1 0.1588447653429603 0.7913117546848382 0.2190132370637786 0.03577512776831346
1 0.16004813477737664 0.8304940374787053 0.2190132370637786 0.03577512776831346
1 0.15764139590854392 0.8662691652470187 0.2190132370637786 0.03577512776831346
1 0.1588447653429603 0.903747870528109 0.2190132370637786 0.03577512776831346
1 0.15764139590854392 0.944633730834753 0.2190132370637786 0.03577512776831346
1 0.15643802647412755 0.9812606473594548 0.2190132370637786 0.03747870528109029
