0 0.6 0.20503597122302158 0.12 0.0407673860911271
0 0.5966666666666667 0.23980815347721823 0.11333333333333333 0.04316546762589928
0 0.5825 0.27817745803357313 0.09166666666666666 0.03836930455635491
2 0.7141666666666666 0.27817745803357313 0.04833333333333333 0.03836930455635491
0 0.8191666666666667 0.23381294964028776 0.11166666666666666 0.03597122302158273
0 0.5883333333333334 0.31894484412470026 0.10333333333333333 0.04316546762589928
0 0.8125 0.30935251798561153 0.10166666666666667 0.03357314148681055
0 0.8058333333333333 0.27218225419664266 0.08833333333333333 0.03117505995203837
0 0.5975 0.4724220623501199 0.125 0.04316546762589928
0 0.8233333333333334 0.46522781774580335 0.12333333333333334 0.03357314148681055
0 0.5958333333333333 0.5071942446043165 0.12166666666666667 0.03597122302158273
0 0.5808333333333333 0.5443645083932853 0.08833333333333333 0.03357314148681055
0 0.8058333333333333 0.5383693045563549 0.085 0.03117505995203837
0 0.8183333333333334 0.5 0.11 0.03597122302158273
0 0.5875 0.5815347721822542 0.105 0.0407673860911271
0 0.8075 0.7985611510791367 0.125 0.03836930455635491
0 0.8025 0.8369304556354916 0.11833333333333333 0.03357314148681055
0 0.7908333333333334 0.8729016786570744 0.09166666666666666 0.03357314148681055
0 0.7966666666666666 0.9112709832134293 0.10333333333333333 0.03357314148681055
2 0.715 0.20023980815347722 0.05 0.03117505995203837
2 0.715 0.23860911270983212 0.05 0.03117505995203837
2 0.9383333333333334 0.30815347721822545 0.05 0.03117505995203837
2 0.9225 0.7973621103117506 0.04833333333333333 0.03117505995203837
2 0.935 0.19304556354916066 0.05 0.03117505995203837
2 0.9383333333333334 0.2314148681055156 0.05 0.03117505995203837
2 0.9358333333333333 0.2697841726618705 0.04833333333333333 0.026378896882494004
2 0.71 0.3105515587529976 0.05 0.03117505995203837
2 0.71 0.4616306954436451 0.05 0.03117505995203837
2 0.7116666666666667 0.5 0.05 0.03117505995203837
2 0.7083333333333334 0.5359712230215827 0.05 0.03117505995203837
2 0.71 0.5743405275779376 0.05 0.03117505995203837
2 0.9366666666666666 0.45443645083932854 0.05 0.03117505995203837
2 0.9366666666666666 0.49280575539568344 0.05 0.03117505995203837
2 0.935 0.5311750599520384 0.05 0.03117505995203837
2 0.9366666666666666 0.5719424460431655 0.05 0.03117505995203837
2 0.9241666666666667 0.8333333333333334 0.04833333333333333 0.03117505995203837
2 0.9208333333333333 0.9100719424460432 0.04833333333333333 0.03117505995203837
2 0.9175 0.8669064748201439 0.04833333333333333 0.03117505995203837
0 0.8116666666666666 0.5779376498800959 0.1 0.03357314148681055
0 0.8225 0.20023980815347722 0.12166666666666667 0.0407673860911271
1 0.6375 0.2014388489208633 0.20166666666666666 0.03357314148681055
1 0.6391666666666667 0.23980815347721823 0.20166666666666666 0.03357314148681055
1 0.6391666666666667 0.27577937649880097 0.20166666666666666 0.03357314148681055
1 0.6375 0.31654676258992803 0.20166666666666666 0.03357314148681055
1 0.8625 0.2733812949640288 0.20166666666666666 0.03357314148681055
1 0.8658333333333333 0.23741007194244604 0.20166666666666666 0.03357314148681055
1 0.8625 0.19904076738609114 0.20166666666666666 0.03357314148681055
1 0.8625 0.3069544364508393 0.20166666666666666 0.03357314148681055
1 0.6375 0.47002398081534774 0.20166666666666666 0.03357314148681055
1 0.6408333333333334 0.5083932853717026 0.20166666666666666 0.03357314148681055
1 0.6391666666666667 0.5467625899280576 0.20166666666666666 0.03357314148681055
1 0.6375 0.5779376498800959 0.20166666666666666 0.03357314148681055
1 0.8625 0.460431654676259 0.20166666666666666 0.03357314148681055
1 0.8641666666666666 0.4940047961630695 0.20166666666666666 0.03357314148681055
1 0.8608333333333333 0.5731414868105515 0.20166666666666666 0.03357314148681055
1 0.8575 0.5323741007194245 0.20166666666666666 0.03357314148681055
1 0.8475 0.7961630695443646 0.20166666666666666 0.03357314148681055
1 0.8441666666666666 0.8321342925659473 0.20166666666666666 0.03357314148681055
1 0.8441666666666666 0.9088729016786571 0.20166666666666666 0.03357314148681055
1 0.8408333333333333 0.8705035971223022 0.20166666666666666 0.03357314148681055
