2 0.7822822822822822 0.19855967078189302 0.23723723723723725 0.07613168724279835
0 0.48348348348348347 0.2006172839506173 0.09009009009009009 0.030864197530864196
0 0.22147147147147148 0.20267489711934156 0.2987987987987988 0.04526748971193416
0 0.47297297297297297 0.25205761316872427 0.13813813813813813 0.03497942386831276
0 0.1463963963963964 0.2551440329218107 0.15765765765765766 0.03909465020576132
0 0.5345345345345346 0.30349794238683125 0.1831831831831832 0.03909465020576132
0 0.16216216216216217 0.30864197530864196 0.1831831831831832 0.037037037037037035
0 0.6283783783783784 0.36162551440329216 0.3588588588588589 0.046296296296296294
0 0.18243243243243243 0.3636831275720165 0.22372372372372373 0.04218106995884774
0 0.6343843843843844 0.41512345679012347 0.38288288288288286 0.04835390946502058
0 0.12237237237237238 0.41718106995884774 0.09759759759759759 0.0360082304526749
2 0.789039039039039 0.529320987654321 0.22072072072072071 0.07921810699588477
0 0.17267267267267267 0.5267489711934157 0.2042042042042042 0.03909465020576132
0 0.16666666666666666 0.5802469135802469 0.1891891891891892 0.04526748971193416
0 0.668918918918919 0.6291152263374485 0.25975975975975973 0.044238683127572016
0 0.15090090090090091 0.632201646090535 0.15765765765765766 0.0360082304526749
0 0.6501501501501501 0.6862139917695473 0.23123123123123124 0.037037037037037035
0 0.15765765765765766 0.6856995884773662 0.16816816816816818 0.0360082304526749
0 0.7312312312312312 0.7381687242798354 0.38738738738738737 0.044238683127572016
0 0.18093093093093093 0.7397119341563786 0.22072072072072071 0.043209876543209874
0 0.1831831831831832 0.7921810699588477 0.21921921921921922 0.043209876543209874
0 0.7432432432432432 0.8477366255144033 0.4624624624624625 0.051440329218107
2 0.7454954954954955 0.9002057613168725 0.17267267267267267 0.047325102880658436
1 0.48423423423423423 0.30092592592592593 0.8273273273273273 0.2788065843621399
1 0.4984984984984985 0.6502057613168725 0.8588588588588588 0.3168724279835391
1 0.743993993993994 0.8724279835390947 0.46996996996997 0.10493827160493827
