0 0.1111111111111111 0.231335436382755 0.09309309309309309 0.016824395373291272
2 0.4264264264264264 0.231335436382755 0.03903903903903904 0.016824395373291272
0 0.5908408408408409 0.24710830704521555 0.13963963963963963 0.023133543638275498
2 0.8783783783783784 0.24500525762355416 0.03903903903903904 0.016824395373291272
0 0.1478978978978979 0.2502628811777077 0.16966966966966968 0.016824395373291272
2 0.42567567567567566 0.250788643533123 0.03753753753753754 0.015772870662460567
0 0.5555555555555556 0.2655099894847529 0.06606606606606606 0.017875920084121977
2 0.8783783783783784 0.2644584647739222 0.03903903903903904 0.015772870662460567
0 0.1111111111111111 0.27024185068349105 0.09309309309309309 0.016824395373291272
2 0.4264264264264264 0.27024185068349105 0.03903903903903904 0.016824395373291272
0 0.5593093093093093 0.2844374342797056 0.07357357357357357 0.015772870662460567
2 0.8806306306306306 0.28496319663512093 0.04054054054054054 0.014721345951629864
0 0.12912912912912913 0.2902208201892745 0.13213213213213212 0.016824395373291272
2 0.42567567567567566 0.2902208201892745 0.03753753753753754 0.016824395373291272
0 0.5960960960960962 0.30441640378548895 0.14714714714714713 0.019978969505783387
2 0.8806306306306306 0.3038906414300736 0.04054054054054054 0.016824395373291272
0 0.1493993993993994 0.3096740273396425 0.17267267267267267 0.015772870662460567
2 0.4264264264264264 0.3096740273396425 0.03903903903903904 0.015772870662460567
0 0.6321321321321322 0.3249211356466877 0.21921921921921922 0.02103049421661409
2 0.8813813813813813 0.323869610935857 0.042042042042042045 0.016824395373291272
0 0.12837837837837837 0.3291272344900105 0.13063063063063063 0.01892744479495268
2 0.42342342342342343 0.3291272344900105 0.042042042042042045 0.016824395373291272
0 0.5653153153153153 0.3449001051524711 0.08558558558558559 0.016824395373291272
2 0.8806306306306306 0.3438485804416404 0.04054054054054054 0.014721345951629864
2 0.42342342342342343 0.3491062039957939 0.042042042042042045 0.016824395373291272
0 0.10285285285285285 0.3501577287066246 0.07657657657657657 0.016824395373291272
2 0.8858858858858859 0.3932702418506835 0.042042042042042045 0.014721345951629864
0 0.12687687687687688 0.4137749737118822 0.12462462462462462 0.017875920084121977
0 0.5713213213213213 0.41324921135646686 0.09759759759759759 0.016824395373291272
2 0.8858858858858859 0.4127234490010515 0.042042042042042045 0.015772870662460567
2 0.42117117117117114 0.41430073606729756 0.03753753753753754 0.014721345951629864
0 0.5825825825825826 0.4327024185068349 0.12012012012012012 0.017875920084121977
0 0.13588588588588588 0.43375394321766564 0.14264264264264265 0.017875920084121977
2 0.8858858858858859 0.43217665615141954 0.042042042042042045 0.014721345951629864
2 0.42342342342342343 0.434279705573081 0.042042042042042045 0.016824395373291272
0 0.6126126126126126 0.4526813880126183 0.18018018018018017 0.015772870662460567
2 0.8858858858858859 0.4526813880126183 0.042042042042042045 0.015772870662460567
0 0.14264264264264265 0.45425867507886436 0.15915915915915915 0.016824395373291272
2 0.42117117117117114 0.45425867507886436 0.04054054054054054 0.016824395373291272
0 0.5930930930930931 0.47213459516298634 0.14114114114114115 0.016824395373291272
2 0.8858858858858859 0.471608832807571 0.042042042042042045 0.015772870662460567
0 0.1463963963963964 0.4737118822292324 0.16366366366366367 0.015772870662460567
2 0.4219219219219219 0.4737118822292324 0.03903903903903904 0.015772870662460567
0 0.13438438438438438 0.4931650893796004 0.14264264264264265 0.016824395373291272
2 0.4219219219219219 0.4931650893796004 0.03903903903903904 0.016824395373291272
0 0.15915915915915915 0.5131440588853838 0.1891891891891892 0.016824395373291272
2 0.4219219219219219 0.5131440588853838 0.03903903903903904 0.016824395373291272
0 0.5870870870870871 0.526813880126183 0.12912912912912913 0.016824395373291272
2 0.8896396396396397 0.526813880126183 0.04054054054054054 0.016824395373291272
0 0.1524024024024024 0.5331230283911672 0.17867867867867868 0.02103049421661409
2 0.42342342342342343 0.5325972660357519 0.042042042042042045 0.015772870662460567
2 0.8896396396396397 0.5467928496319664 0.04054054054054054 0.016824395373291272
0 0.575075075075075 0.5473186119873817 0.10510510510510511 0.015772870662460567
0 0.1539039039039039 0.5520504731861199 0.17867867867867868 0.016824395373291272
2 0.4219219219219219 0.5520504731861199 0.03903903903903904 0.016824395373291272
0 0.5855855855855856 0.5667718191377498 0.12912912912912913 0.023133543638275498
2 0.8896396396396397 0.5667718191377498 0.04054054054054054 0.014721345951629864
0 0.15840840840840842 0.5720294426919033 0.18768768768768768 0.016824395373291272
2 0.4219219219219219 0.5720294426919033 0.03903903903903904 0.016824395373291272
0 0.6433933933933934 0.5862250262881178 0.24174174174174173 0.017875920084121977
2 0.8896396396396397 0.5867507886435331 0.04054054054054054 0.014721345951629864
0 0.5960960960960962 0.6067297581493165 0.14414414414414414 0.016824395373291272
2 0.8896396396396397 0.6062039957939012 0.04054054054054054 0.015772870662460567
0 0.10885885885885886 0.6161934805467929 0.0915915915915916 0.01892744479495268
2 0.4271771771771772 0.6151419558359621 0.04054054054054054 0.016824395373291272
0 0.5758258258258259 0.6261829652996845 0.1066066066066066 0.017875920084121977
2 0.8896396396396397 0.6256572029442692 0.04054054054054054 0.014721345951629864
0 0.15615615615615616 0.6356466876971609 0.1831831831831832 0.017875920084121977
2 0.4271771771771772 0.6356466876971609 0.04054054054054054 0.015772870662460567
0 0.5758258258258259 0.6461619348054679 0.10960960960960961 0.015772870662460567
2 0.8896396396396397 0.6461619348054679 0.04054054054054054 0.015772870662460567
0 0.12012012012012012 0.6556256572029443 0.11411411411411411 0.019978969505783387
2 0.42567567567567566 0.655099894847529 0.03753753753753754 0.014721345951629864
0 0.5795795795795796 0.6656151419558359 0.11411411411411411 0.016824395373291272
2 0.8896396396396397 0.6656151419558359 0.04054054054054054 0.016824395373291272
0 0.12237237237237238 0.6756046267087277 0.11861861861861862 0.015772870662460567
2 0.4264264264264264 0.6756046267087277 0.03903903903903904 0.015772870662460567
0 0.6133633633633634 0.6876971608832808 0.1816816816816817 0.02103049421661409
2 0.8896396396396397 0.6855941114616193 0.04054054054054054 0.016824395373291272
0 0.1373873873873874 0.6950578338590957 0.14564564564564564 0.016824395373291272
2 0.42492492492492495 0.6950578338590957 0.042042042042042045 0.016824395373291272
0 0.5720720720720721 0.7050473186119873 0.1021021021021021 0.015772870662460567
2 0.8896396396396397 0.7050473186119873 0.04054054054054054 0.015772870662460567
0 0.13588588588588588 0.7150368033648791 0.14264264264264265 0.016824395373291272
2 0.4264264264264264 0.7150368033648791 0.03903903903903904 0.016824395373291272
0 0.5915915915915916 0.7544689800210305 0.13813813813813813 0.019978969505783387
2 0.8896396396396397 0.7539432176656151 0.04054054054054054 0.016824395373291272
0 0.5765765765765766 0.7744479495268138 0.1111111111111111 0.019978969505783387
2 0.8896396396396397 0.7739221871713985 0.04054054054054054 0.016824395373291272
0 0.1036036036036036 0.7833859095688749 0.08108108108108109 0.01892744479495268
2 0.4286786786786787 0.7828601472134595 0.03753753753753754 0.015772870662460567
0 0.5758258258258259 0.7939011566771819 0.1066066066066066 0.01892744479495268
2 0.8896396396396397 0.7939011566771819 0.04054054054054054 0.014721345951629864
0 0.11411411411411411 0.8028391167192429 0.0990990990990991 0.017875920084121977
2 0.4286786786786787 0.8023133543638276 0.03753753753753754 0.014721345951629864
0 0.5495495495495496 0.8138801261829653 0.05405405405405406 0.014721345951629864
2 0.8896396396396397 0.8138801261829653 0.04054054054054054 0.014721345951629864
0 0.09984984984984985 0.8228180862250263 0.07057057057057058 0.015772870662460567
2 0.4286786786786787 0.8222923238696109 0.03753753753753754 0.014721345951629864
0 0.5833333333333334 0.8343848580441641 0.12762762762762764 0.019978969505783387
2 0.8896396396396397 0.8333333333333334 0.04054054054054054 0.015772870662460567
0 0.11711711711711711 0.8422712933753943 0.10510510510510511 0.016824395373291272
2 0.4286786786786787 0.8422712933753943 0.03753753753753754 0.016824395373291272
0 0.10810810810810811 0.8622502628811777 0.08708708708708708 0.016824395373291272
2 0.4286786786786787 0.8622502628811777 0.03753753753753754 0.016824395373291272
0 0.5743243243243243 0.8801261829652997 0.1036036036036036 0.016824395373291272
2 0.8896396396396397 0.879074658254469 0.04054054054054054 0.016824395373291272
0 0.10435435435435435 0.8817034700315457 0.07957957957957958 0.015772870662460567
2 0.42792792792792794 0.8811777076761304 0.03903903903903904 0.014721345951629864
0 0.5675675675675675 0.900105152471083 0.09009009009009009 0.016824395373291272
2 0.8896396396396397 0.900105152471083 0.04054054054054054 0.016824395373291272
0 0.5683183183183184 0.9200841219768665 0.0945945945945946 0.02103049421661409
2 0.8873873873873874 0.917981072555205 0.03903903903903904 0.016824395373291272
0 0.5720720720720721 0.9390115667718192 0.0990990990990991 0.016824395373291272
2 0.8881381381381381 0.9390115667718192 0.03753753753753754 0.016824395373291272
1 0.2545045045045045 0.23080967402733965 0.3858858858858859 0.019978969505783387
1 0.2545045045045045 0.250788643533123 0.3858858858858859 0.019978969505783387
1 0.256006006006006 0.26919032597266035 0.3858858858858859 0.02103049421661409
1 0.2575075075075075 0.43480546792849634 0.3858858858858859 0.019978969505783387
1 0.253003003003003 0.286540483701367 0.3858858858858859 0.019978969505783387
1 0.2515015015015015 0.30757097791798105 0.3858858858858859 0.019978969505783387
1 0.25 0.3264984227129338 0.3858858858858859 0.019978969505783387
1 0.253003003003003 0.34858044164037855 0.3858858858858859 0.019978969505783387
1 0.2515015015015015 0.4116719242902208 0.3858858858858859 0.019978969505783387
1 0.256006006006006 0.4547844374342797 0.3858858858858859 0.019978969505783387
1 0.2575075075075075 0.4726603575184017 0.3858858858858859 0.019978969505783387
1 0.253003003003003 0.49369085173501576 0.3858858858858859 0.019978969505783387
1 0.2545045045045045 0.5136698212407992 0.3858858858858859 0.019978969505783387
1 0.253003003003003 0.5336487907465826 0.3858858858858859 0.019978969505783387
1 0.256006006006006 0.5546792849631966 0.3858858858858859 0.019978969505783387
1 0.2575075075075075 0.5736067297581493 0.3858858858858859 0.019978969505783387
1 0.256006006006006 0.6356466876971609 0.3858858858858859 0.019978969505783387
1 0.253003003003003 0.613564668769716 0.3858858858858859 0.019978969505783387
1 0.256006006006006 0.6577287066246057 0.3858858858858859 0.019978969505783387
1 0.2575075075075075 0.6766561514195584 0.3858858858858859 0.019978969505783387
1 0.2545045045045045 0.6945320715036803 0.3858858858858859 0.019978969505783387
1 0.2515015015015015 0.7155625657202944 0.3858858858858859 0.019978969505783387
1 0.7087087087087087 0.24605678233438485 0.3783783783783784 0.02103049421661409
1 0.7117117117117117 0.26603575184016826 0.3783783783783784 0.02103049421661409
1 0.7132132132132132 0.28496319663512093 0.3783783783783784 0.02103049421661409
1 0.7117117117117117 0.3038906414300736 0.3783783783783784 0.02103049421661409
1 0.7117117117117117 0.3217665615141956 0.3783783783783784 0.02103049421661409
1 0.7132132132132132 0.3459516298633018 0.3783783783783784 0.02103049421661409
1 0.7132132132132132 0.3922187171398528 0.3783783783783784 0.02103049421661409
1 0.7147147147147147 0.41219768664563616 0.3783783783783784 0.02103049421661409
0 0.5908408408408409 0.3932702418506835 0.12762762762762764 0.01892744479495268
1 0.7147147147147147 0.43007360672975814 0.3783783783783784 0.02103049421661409
1 0.7147147147147147 0.45110410094637227 0.3783783783783784 0.02103049421661409
1 0.7177177177177178 0.47423764458464773 0.3783783783783784 0.02103049421661409
1 0.7177177177177178 0.5257623554153522 0.38738738738738737 0.02103049421661409
1 0.7162162162162162 0.5473186119873817 0.38738738738738737 0.019978969505783387
1 0.7162162162162162 0.6072555205047319 0.38738738738738737 0.019978969505783387
1 0.7147147147147147 0.5651945320715037 0.38738738738738737 0.019978969505783387
1 0.7132132132132132 0.5851735015772871 0.38738738738738737 0.019978969505783387
1 0.7177177177177178 0.6261829652996845 0.38738738738738737 0.019978969505783387
1 0.7184684684684685 0.6456361724500526 0.38288288288288286 0.02103049421661409
1 0.7192192192192193 0.7060988433228181 0.38738738738738737 0.019978969505783387
1 0.7147147147147147 0.6661409043112513 0.38738738738738737 0.019978969505783387
1 0.7177177177177178 0.6855941114616193 0.39039039039039036 0.02103049421661409
1 0.7162162162162162 0.7534174553101998 0.38738738738738737 0.019978969505783387
1 0.7132132132132132 0.7733964248159831 0.38738738738738737 0.019978969505783387
1 0.7147147147147147 0.7944269190325972 0.38738738738738737 0.019978969505783387
1 0.7162162162162162 0.81335436382755 0.38738738738738737 0.019978969505783387
1 0.7162162162162162 0.8333333333333334 0.38738738738738737 0.019978969505783387
1 0.7147147147147147 0.8785488958990536 0.38738738738738737 0.019978969505783387
1 0.7169669669669669 0.900105152471083 0.3888888888888889 0.02103049421661409
1 0.7169669669669669 0.9211356466876972 0.3888888888888889 0.02103049421661409
1 0.256006006006006 0.8811777076761304 0.3888888888888889 0.02103049421661409
1 0.7124624624624625 0.935856992639327 0.3888888888888889 0.02103049421661409
1 0.2545045045045045 0.7802313354363828 0.3888888888888889 0.02103049421661409
1 0.256006006006006 0.8002103049421662 0.3888888888888889 0.02103049421661409
1 0.2545045045045045 0.8180862250262881 0.3888888888888889 0.02103049421661409
1 0.2545045045045045 0.8391167192429022 0.3888888888888889 0.02103049421661409
1 0.253003003003003 0.8569926393270242 0.3888888888888889 0.02103049421661409
