0 0.1524024024024024 0.255863539445629 0.17567567567567569 0.03411513859275053
2 0.49174174174174173 0.2531982942430704 0.04354354354354354 0.026652452025586353
0 0.6779279279279279 0.255863539445629 0.24774774774774774 0.03411513859275053
2 0.8986486486486487 0.2515991471215352 0.06756756756756757 0.02771855010660981
0 0.16516516516516516 0.2915778251599147 0.2042042042042042 0.039445628997867806
2 0.4594594594594595 0.2953091684434968 0.1111111111111111 0.03624733475479744
0 0.6554054054054054 0.2921108742004264 0.20270270270270271 0.029850746268656716
2 0.8993993993993994 0.2915778251599147 0.06606606606606606 0.026652452025586353
0 0.1831831831831832 0.3310234541577825 0.24624624624624625 0.039445628997867806
0 0.683933933933934 0.332089552238806 0.25975975975975973 0.035181236673773986
2 0.49174174174174173 0.3326226012793177 0.04354354354354354 0.0255863539445629
2 0.9106606606606606 0.332089552238806 0.04354354354354354 0.026652452025586353
0 0.20645645645645647 0.373134328358209 0.28678678678678676 0.03624733475479744
2 0.4797297297297297 0.37100213219616207 0.06756756756756757 0.02771855010660981
0 0.674924924924925 0.3736673773987207 0.24174174174174173 0.03304904051172708
2 0.8993993993993994 0.37100213219616207 0.06606606606606606 0.02771855010660981
0 0.15315315315315314 0.4099147121535181 0.1831831831831832 0.039445628997867806
2 0.44819819819819817 0.4125799573560768 0.12762762762762764 0.031982942430703626
0 0.6524024024024024 0.4115138592750533 0.1966966966966967 0.029850746268656716
2 0.9106606606606606 0.41044776119402987 0.04354354354354354 0.0255863539445629
0 0.16441441441441443 0.4493603411513859 0.2087087087087087 0.039445628997867806
0 0.6591591591591591 0.4488272921108742 0.21021021021021022 0.03411513859275053
2 0.49099099099099097 0.4877398720682303 0.04504504504504504 0.026652452025586353
2 0.8993993993993994 0.4493603411513859 0.06606606606606606 0.026652452025586353
0 0.253003003003003 0.488272921108742 0.37987987987987987 0.042643923240938165
0 0.6741741741741741 0.48880597014925375 0.24024024024024024 0.028784648187633263
2 0.9009009009009009 0.4877398720682303 0.06306306306306306 0.026652452025586353
0 0.1891891891891892 0.529317697228145 0.25225225225225223 0.03731343283582089
0 0.6704204204204204 0.5277185501066098 0.23273273273273273 0.029850746268656716
2 0.48423423423423423 0.5287846481876333 0.05855855855855856 0.0255863539445629
2 0.9001501501501501 0.5271855010660981 0.06756756756756757 0.026652452025586353
0 0.7079579579579579 0.5650319829424307 0.3078078078078078 0.031982942430703626
0 0.11936936936936937 0.5660980810234542 0.11261261261261261 0.031982942430703626
2 0.4797297297297297 0.5671641791044776 0.06756756756756757 0.02771855010660981
0 0.2087087087087087 0.6071428571428571 0.2882882882882883 0.03091684434968017
0 0.6921921921921922 0.6066098081023454 0.27927927927927926 0.03837953091684435
2 0.4797297297297297 0.6060767590618337 0.06756756756756757 0.026652452025586353
2 0.9016516516516516 0.6066098081023454 0.06156156156156156 0.0255863539445629
0 0.17717717717717718 0.644456289978678 0.22822822822822822 0.028784648187633263
0 0.704954954954955 0.6428571428571429 0.30180180180180183 0.031982942430703626
2 0.48123123123123124 0.6449893390191898 0.06456456456456457 0.02771855010660981
0 0.5900900900900901 0.738272921108742 0.16516516516516516 0.03304904051172708
2 0.8896396396396397 0.7388059701492538 0.06156156156156156 0.02771855010660981
0 0.15165165165165165 0.752132196162047 0.15615615615615616 0.028784648187633263
2 0.4091591591591592 0.7542643923240938 0.046546546546546545 0.026652452025586353
0 0.5825825825825826 0.7782515991471215 0.14714714714714713 0.029850746268656716
2 0.8896396396396397 0.7787846481876333 0.06156156156156156 0.028784648187633263
0 0.13063063063063063 0.7905117270788913 0.11411411411411411 0.03091684434968017
2 0.4091591591591592 0.7931769722814499 0.046546546546546545 0.0255863539445629
0 0.6569069069069069 0.8176972281449894 0.30180180180180183 0.029850746268656716
2 0.8881381381381381 0.8171641791044776 0.06156156156156156 0.028784648187633263
0 0.1448948948948949 0.832089552238806 0.14564564564564564 0.039445628997867806
2 0.4091591591591592 0.832089552238806 0.046546546546546545 0.026652452025586353
0 0.5758258258258259 0.8571428571428571 0.13363363363363365 0.02771855010660981
2 0.8813813813813813 0.8571428571428571 0.04504504504504504 0.02771855010660981
0 0.13438438438438438 0.8710021321961621 0.12162162162162163 0.02771855010660981
2 0.41516516516516516 0.8704690831556503 0.06156156156156156 0.026652452025586353
0 0.6156156156156156 0.8987206823027718 0.21621621621621623 0.03837953091684435
2 0.8888888888888888 0.896588486140725 0.06306306306306306 0.02771855010660981
0 0.13288288288288289 0.9093816631130064 0.11861861861861862 0.02771855010660981
2 0.41516516516516516 0.9099147121535182 0.06156156156156156 0.026652452025586353
0 0.5367867867867868 0.9349680170575693 0.05555555555555555 0.02771855010660981
2 0.47897897897897895 0.447228144989339 0.06306306306306306 0.026652452025586353
2 0.9001501501501501 0.5676972281449894 0.06756756756756757 0.026652452025586353
2 0.9031531531531531 0.6439232409381663 0.06156156156156156 0.0255863539445629
1 0.28903903903903905 0.2515991471215352 0.45495495495495497 0.03837953091684435
1 0.2882882882882883 0.2889125799573561 0.45045045045045046 0.04051172707889126
1 0.28678678678678676 0.5287846481876333 0.45045045045045046 0.03411513859275053
1 0.2875375375375375 0.3272921108742004 0.45495495495495497 0.03624733475479744
1 0.2875375375375375 0.3678038379530917 0.4519519519519519 0.04051172707889126
1 0.28903903903903905 0.4077825159914712 0.4519519519519519 0.03304904051172708
1 0.2875375375375375 0.44616204690831557 0.45495495495495497 0.03091684434968017
1 0.2852852852852853 0.488272921108742 0.4624624624624625 0.03411513859275053
1 0.2905405405405405 0.5655650319829424 0.45495495495495497 0.03304904051172708
1 0.2927927927927928 0.6076759061833689 0.45645645645645644 0.03624733475479744
1 0.2912912912912913 0.644456289978678 0.44744744744744747 0.03304904051172708
1 0.7424924924924925 0.2553304904051173 0.38288288288288286 0.035181236673773986
1 0.743993993993994 0.2905117270788913 0.38288288288288286 0.035181236673773986
1 0.7394894894894894 0.332089552238806 0.38288288288288286 0.035181236673773986
1 0.7454954954954955 0.5250533049040512 0.38288288288288286 0.035181236673773986
1 0.7424924924924925 0.3683368869936034 0.38288288288288286 0.035181236673773986
1 0.7319819819819819 0.412046908315565 0.38288288288288286 0.035181236673773986
1 0.7484984984984985 0.4493603411513859 0.38288288288288286 0.035181236673773986
1 0.740990990990991 0.48560767590618337 0.38288288288288286 0.035181236673773986
1 0.7454954954954955 0.5655650319829424 0.38288288288288286 0.035181236673773986
1 0.7454954954954955 0.6082089552238806 0.38288288288288286 0.035181236673773986
1 0.7424924924924925 0.6423240938166311 0.38288288288288286 0.035181236673773986
1 0.713963963963964 0.740405117270789 0.4159159159159159 0.03304904051172708
1 0.7169669669669669 0.7787846481876333 0.4159159159159159 0.03304904051172708
1 0.7154654654654654 0.8139658848614072 0.4159159159159159 0.03304904051172708
1 0.7079579579579579 0.8566098081023454 0.4159159159159159 0.03304904051172708
1 0.7154654654654654 0.8981876332622601 0.4159159159159159 0.03304904051172708
1 0.2575075075075075 0.9099147121535182 0.37987987987987987 0.03304904051172708
1 0.2575075075075075 0.8688699360341151 0.3738738738738739 0.03624733475479744
1 0.246996996996997 0.8315565031982942 0.36186186186186187 0.04051172707889126
1 0.2552552552552553 0.7942430703624733 0.3633633633633634 0.03411513859275053
1 0.25825825825825827 0.753731343283582 0.3633633633633634 0.03411513859275053
