0 0.2695195195195195 0.16035751840168244 0.38288288288288286 0.03890641430073607
2 0.9204204204204204 0.16246056782334384 0.07207207207207207 0.030494216614090432
0 0.24774774774774774 0.20452155625657203 0.34534534534534533 0.04100946372239748
2 0.8836336336336337 0.20084121976866456 0.14264264264264265 0.031545741324921134
2 0.8836336336336337 0.2386961093585699 0.14264264264264265 0.035751840168243953
0 0.17342342342342343 0.24290220820189273 0.1906906906906907 0.03785488958990536
0 0.16441441441441443 0.2765509989484753 0.17567567567567569 0.033648790746582544
2 0.8948948948948949 0.2765509989484753 0.12012012012012012 0.031545741324921134
0 0.18393393393393392 0.31440588853838064 0.21171171171171171 0.033648790746582544
0 0.8475975975975976 0.31440588853838064 0.2147147147147147 0.031545741324921134
0 0.17192192192192193 0.35173501577287064 0.18768768768768768 0.030494216614090432
2 0.8956456456456456 0.352260778128286 0.12162162162162163 0.031545741324921134
0 0.24024024024024024 0.3911671924290221 0.3303303303303303 0.04206098843322818
2 0.8506006006006006 0.3901156677181914 0.2057057057057057 0.031545741324921134
0 0.20495495495495494 0.4284963196635121 0.25975975975975973 0.04311251314405889
2 0.8828828828828829 0.4274447949526814 0.14414414414414414 0.03259726603575184
0 0.23048048048048048 0.4658254468980021 0.3048048048048048 0.031545741324921134
2 0.8828828828828829 0.4658254468980021 0.14414414414414414 0.031545741324921134
2 0.8828828828828829 0.5031545741324921 0.14414414414414414 0.03259726603575184
0 0.2545045045045045 0.5036803364879074 0.35285285285285284 0.031545741324921134
0 0.21546546546546547 0.5415352260778128 0.2777777777777778 0.031545741324921134
2 0.8843843843843844 0.5415352260778128 0.14414414414414414 0.031545741324921134
2 0.8836336336336337 0.5793901156677181 0.14264264264264265 0.031545741324921134
0 0.2087087087087087 0.5799158780231335 0.26126126126126126 0.030494216614090432
2 0.8836336336336337 0.6172450052576236 0.14264264264264265 0.031545741324921134
0 0.1373873873873874 0.617770767613039 0.12162162162162163 0.03259726603575184
2 0.8851351351351351 0.655099894847529 0.13963963963963963 0.031545741324921134
0 0.1524024024024024 0.6556256572029443 0.14864864864864866 0.030494216614090432
0 0.2057057057057057 0.692429022082019 0.2552552552552553 0.03259726603575184
2 0.8738738738738738 0.6929547844374343 0.16516516516516516 0.031545741324921134
2 0.8791291291291291 0.731335436382755 0.15465465465465467 0.03680336487907466
0 0.1554054054054054 0.731335436382755 0.16066066066066065 0.030494216614090432
0 0.26426426426426425 0.8101997896950578 0.37237237237237236 0.03890641430073607
2 0.9219219219219219 0.8070452155625657 0.07207207207207207 0.030494216614090432
0 0.24174174174174173 0.8470031545741324 0.32432432432432434 0.04100946372239748
2 0.918918918918919 0.8438485804416404 0.07207207207207207 0.030494216614090432
0 0.18393393393393392 0.8843322818086226 0.2087087087087087 0.03995793901156677
2 0.9204204204204204 0.8827549947423764 0.07207207207207207 0.030494216614090432
2 0.9204204204204204 0.9200841219768665 0.07207207207207207 0.031545741324921134
0 0.20795795795795796 0.9227129337539433 0.25675675675675674 0.04100946372239748
0 0.26426426426426425 0.9595162986330179 0.37537537537537535 0.04100946372239748
2 0.8828828828828829 0.9595162986330179 0.14414414414414414 0.03259726603575184
2 0.8445945945945946 0.31230283911671924 0.2147147147147147 0.031545741324921134
1 0.5142642642642643 0.16246056782334384 0.8813813813813813 0.03890641430073607
1 0.5172672672672672 0.20452155625657203 0.8813813813813813 0.03890641430073607
1 0.5187687687687688 0.240273396424816 0.8813813813813813 0.03890641430073607
1 0.5202702702702703 0.2744479495268139 0.8813813813813813 0.03995793901156677
1 0.5187687687687688 0.3117770767613039 0.8813813813813813 0.03890641430073607
1 0.5127627627627628 0.3538380651945321 0.8813813813813813 0.03890641430073607
1 0.5142642642642643 0.38958990536277605 0.8813813813813813 0.03890641430073607
1 0.5187687687687688 0.4295478443743428 0.8813813813813813 0.03890641430073607
1 0.5187687687687688 0.46740273396424814 0.8813813813813813 0.03890641430073607
1 0.5172672672672672 0.5042060988433228 0.8813813813813813 0.03890641430073607
1 0.5187687687687688 0.5441640378548895 0.8813813813813813 0.03890641430073607
1 0.5172672672672672 0.5799158780231335 0.8813813813813813 0.03890641430073607
1 0.5142642642642643 0.6167192429022083 0.8813813813813813 0.03890641430073607
1 0.5202702702702703 0.6535226077812829 0.8813813813813813 0.03890641430073607
1 0.5172672672672672 0.6945320715036803 0.8813813813813813 0.03890641430073607
1 0.5187687687687688 0.7334384858044164 0.8813813813813813 0.03890641430073607
1 0.5187687687687688 0.8101997896950578 0.8813813813813813 0.03890641430073607
1 0.5172672672672672 0.9595162986330179 0.8813813813813813 0.03890641430073607
1 0.5172672672672672 0.8438485804416404 0.8813813813813813 0.03890641430073607
1 0.5157657657657657 0.8817034700315457 0.8813813813813813 0.03890641430073607
1 0.5127627627627628 0.919558359621451 0.8813813813813813 0.03890641430073607
