0 0.145625 0.19150779896013864 0.08125 0.03292894280762565
2 0.386875 0.19064124783362218 0.05625 0.02772963604852686
0 0.743125 0.21057192374350087 0.15375 0.04679376083188908
0 0.600625 0.21057192374350087 0.08375 0.04679376083188908
0 0.189375 0.2365684575389948 0.16875 0.036395147313691506
2 0.3875 0.2365684575389948 0.055 0.025996533795493933
2 0.600625 0.24263431542461006 0.05125 0.02079722703639515
2 0.793125 0.24436741767764297 0.04875 0.01733102253032929
0 0.1725 0.27902946273830154 0.135 0.03119584055459272
2 0.3875 0.2807625649913345 0.055 0.024263431542461005
0 0.17 0.32322357019064124 0.13 0.03292894280762565
2 0.3875 0.3240901213171577 0.055 0.024263431542461005
0 0.179375 0.36741767764298094 0.15125 0.0415944540727903
2 0.386875 0.3682842287694974 0.05625 0.029462738301559793
0 0.185625 0.41334488734835356 0.16125 0.036395147313691506
2 0.3875 0.4124783362218371 0.055 0.024263431542461005
0 0.599375 0.45493934142114384 0.07625 0.025996533795493933
0 0.131875 0.4610051993067591 0.08375 0.03466204506065858
0 0.75 0.4558058925476603 0.07 0.024263431542461005
0 0.8925 0.4558058925476603 0.0875 0.024263431542461005
2 0.3875 0.46187175043327555 0.055 0.022530329289428077
2 0.600625 0.4800693240901213 0.07375 0.01733102253032929
2 0.75125 0.4800693240901213 0.05 0.01733102253032929
2 0.891875 0.47920277296360486 0.05125 0.019064124783362217
0 0.1575 0.6143847487001733 0.1375 0.03292894280762565
2 0.38625 0.6126516464471404 0.055 0.025996533795493933
0 0.161875 0.658578856152513 0.14625 0.03119584055459272
2 0.3875 0.6620450606585788 0.055 0.024263431542461005
0 0.6 0.6871750433275563 0.06 0.025996533795493933
0 0.891875 0.6880415944540728 0.07125 0.02772963604852686
0 0.75 0.6941074523396881 0.06 0.025996533795493933
2 0.600625 0.7123050259965338 0.05125 0.02079722703639515
2 0.891875 0.7123050259965338 0.05125 0.02079722703639515
2 0.750625 0.7192374350086655 0.05125 0.02079722703639515
0 0.244375 0.7608318890814558 0.13625 0.024263431542461005
2 0.46 0.7616984402079723 0.0525 0.025996533795493933
0 0.288125 0.7972270363951474 0.22375 0.02772963604852686
2 0.460625 0.7980935875216638 0.05125 0.019064124783362217
0 0.253125 0.8327556325823223 0.15375 0.025996533795493933
2 0.460625 0.8336221837088388 0.05125 0.02079722703639515
0 0.260625 0.8708838821490468 0.16875 0.025996533795493933
2 0.46125 0.8708838821490468 0.0525 0.022530329289428077
0 0.24875 0.9064124783362218 0.145 0.024263431542461005
2 0.46125 0.9098786828422877 0.05 0.01733102253032929
0 0.6 0.9150779896013865 0.07 0.02772963604852686
0 0.75 0.9280762564991335 0.085 0.04679376083188908
0 0.89375 0.9332755632582322 0.1375 0.04679376083188908
2 0.600625 0.9393414211438474 0.05125 0.02079722703639515
0 0.30125 0.9445407279029463 0.25 0.02772963604852686
2 0.750625 0.9636048526863085 0.05125 0.01733102253032929
2 0.893125 0.9679376083188909 0.04875 0.019064124783362217
2 0.45875 0.9462738301559792 0.05 0.02079722703639515
1 0.25875 0.1923743500866551 0.31 0.03466204506065858
1 0.26125 0.23570190641247835 0.31 0.03466204506065858
1 0.25875 0.2755632582322357 0.31 0.03466204506065858
1 0.2575 0.32582322357019067 0.31 0.03466204506065858
1 0.2575 0.36741767764298094 0.31 0.03466204506065858
1 0.2625 0.4090121317157712 0.31 0.03466204506065858
1 0.251875 0.5190641247833622 0.32625 0.14038128249566725
1 0.2525 0.6117850953206239 0.33 0.03119584055459272
1 0.25375 0.6577123050259965 0.3275 0.036395147313691506
1 0.32875 0.7608318890814558 0.305 0.03119584055459272
1 0.331875 0.8691507798960139 0.31125 0.03292894280762565
1 0.32625 0.7920277296360485 0.305 0.03119584055459272
1 0.33 0.830155979202773 0.305 0.03119584055459272
1 0.333125 0.9038128249566725 0.31125 0.03292894280762565
1 0.601875 0.22270363951473138 0.09375 0.07452339688041594
1 0.328125 0.9402079722703639 0.31125 0.03292894280762565
1 0.743125 0.21923743500866552 0.15625 0.07105719237435008
1 0.6 0.462738301559792 0.08 0.05545927209705372
1 0.75 0.4662045060658579 0.08 0.05545927209705372
1 0.891875 0.46707105719237435 0.09125 0.05025996533795494
1 0.599375 0.6967071057192374 0.06375 0.05199306759098787
1 0.750625 0.7036395147313691 0.06375 0.05199306759098787
1 0.893125 0.6993067590987868 0.07375 0.05025996533795494
1 0.600625 0.9280762564991335 0.07375 0.05025996533795494
1 0.75 0.9402079722703639 0.09 0.07452339688041594
1 0.894375 0.9428076256499134 0.13875 0.06932409012131716
0 0.176875 0.49913344887348354 0.08375 0.03466204506065858
0 0.271875 0.5363951473136915 0.04625 0.03292894280762565
0 0.283125 0.4965337954939341 0.07125 0.029462738301559793
0 0.174375 0.5355285961871751 0.08375 0.03466204506065858
0 0.170625 0.5719237435008665 0.08375 0.03466204506065858
