0 0.2608333333333333 0.1325 0.245 0.021
2 0.64 0.1335 0.08333333333333333 0.021
0 0.2925 0.157 0.31833333333333336 0.026
0 0.24083333333333334 0.19 0.215 0.024
2 0.64 0.189 0.08666666666666667 0.02
0 0.23 0.218 0.19333333333333333 0.022
2 0.6425 0.218 0.08166666666666667 0.02
0 0.25833333333333336 0.3525 0.24333333333333335 0.023
2 0.6166666666666667 0.351 0.06333333333333334 0.02
0 0.24333333333333335 0.3785 0.21333333333333335 0.021
2 0.6166666666666667 0.379 0.06333333333333334 0.02
0 0.28583333333333333 0.409 0.3016666666666667 0.024
2 0.6166666666666667 0.408 0.06333333333333334 0.018
0 0.2525 0.4355 0.225 0.027
2 0.6166666666666667 0.436 0.06333333333333334 0.018
0 0.2866666666666667 0.4635 0.31 0.025
2 0.6166666666666667 0.4645 0.06333333333333334 0.019
0 0.25833333333333336 0.6045 0.22 0.023
2 0.605 0.605 0.06333333333333334 0.018
0 0.26916666666666667 0.6335 0.24166666666666667 0.027
2 0.605 0.6345 0.06333333333333334 0.019
0 0.33916666666666667 0.6605 0.37166666666666665 0.025
0 0.28583333333333333 0.6895 0.275 0.025
2 0.605 0.691 0.06333333333333334 0.02
0 0.2875 0.717 0.2816666666666667 0.024
2 0.605 0.7185 0.06333333333333334 0.019
0 0.30583333333333335 0.7465 0.315 0.023
2 0.605 0.748 0.06333333333333334 0.018
0 0.2675 0.775 0.245 0.022
2 0.6075 0.775 0.065 0.02
2 0.6416666666666667 0.1615 0.08666666666666667 0.021
2 0.6016666666666667 0.662 0.06333333333333334 0.018
1 0.4116666666666667 0.133 0.55 0.024
1 0.4083333333333333 0.1595 0.55 0.027
1 0.4075 0.1885 0.5516666666666666 0.029
1 0.405 0.2175 0.5533333333333333 0.023
1 0.3958333333333333 0.352 0.5183333333333333 0.026
1 0.3933333333333333 0.378 0.5133333333333333 0.024
1 0.39416666666666667 0.409 0.5216666666666666 0.022
1 0.39666666666666667 0.436 0.5133333333333333 0.028
1 0.39166666666666666 0.4645 0.52 0.027
1 0.395 0.6055 0.49 0.027
1 0.3933333333333333 0.6325 0.49 0.027
1 0.3958333333333333 0.662 0.49166666666666664 0.026
1 0.3925 0.689 0.48833333333333334 0.026
1 0.395 0.7735 0.49 0.025
1 0.38916666666666666 0.7155 0.485 0.027
1 0.3983333333333333 0.7455 0.49333333333333335 0.027
2 0.5275 0.217 0.08166666666666667 0.02
2 0.53 0.1605 0.08666666666666667 0.021
2 0.53 0.189 0.08666666666666667 0.02
2 0.53 0.1335 0.08333333333333333 0.021
