2 0.5708333333333333 0.3088888888888889 0.051666666666666666 0.03111111111111111
0 0.3466666666666667 0.31 0.06333333333333334 0.028888888888888888
2 0.5708333333333333 0.37666666666666665 0.051666666666666666 0.028888888888888888
0 0.37583333333333335 0.37666666666666665 0.12166666666666667 0.03333333333333333
2 0.5708333333333333 0.44555555555555554 0.051666666666666666 0.028888888888888888
0 0.3458333333333333 0.4444444444444444 0.055 0.03111111111111111
2 0.5708333333333333 0.5088888888888888 0.051666666666666666 0.03111111111111111
0 0.34 0.5111111111111111 0.05 0.03111111111111111
2 0.5708333333333333 0.5788888888888889 0.051666666666666666 0.03333333333333333
0 0.06416666666666666 0.5977777777777777 0.11833333333333333 0.035555555555555556
2 0.26416666666666666 0.5988888888888889 0.051666666666666666 0.028888888888888888
2 0.8775 0.6 0.051666666666666666 0.03111111111111111
0 0.3466666666666667 0.5777777777777777 0.06333333333333334 0.03111111111111111
0 0.6616666666666666 0.6022222222222222 0.08666666666666667 0.035555555555555556
2 0.5708333333333333 0.6444444444444445 0.051666666666666666 0.03111111111111111
0 0.06833333333333333 0.6677777777777778 0.12333333333333334 0.03777777777777778
2 0.26416666666666666 0.6655555555555556 0.051666666666666666 0.028888888888888888
2 0.8775 0.6677777777777778 0.051666666666666666 0.03333333333333333
0 0.34833333333333333 0.6444444444444445 0.06666666666666667 0.03111111111111111
0 0.665 0.6688888888888889 0.08333333333333333 0.035555555555555556
2 0.5708333333333333 0.7122222222222222 0.051666666666666666 0.03333333333333333
0 0.07666666666666666 0.7344444444444445 0.14 0.03333333333333333
2 0.2625 0.7344444444444445 0.055 0.028888888888888888
2 0.8775 0.7344444444444445 0.051666666666666666 0.028888888888888888
0 0.3575 0.7111111111111111 0.07833333333333334 0.035555555555555556
0 0.3725 0.7777777777777778 0.11833333333333333 0.035555555555555556
2 0.5708333333333333 0.7777777777777778 0.051666666666666666 0.03111111111111111
0 0.07083333333333333 0.8022222222222222 0.12833333333333333 0.03111111111111111
0 0.6758333333333333 0.8 0.105 0.03111111111111111
2 0.26416666666666666 0.8011111111111111 0.051666666666666666 0.03333333333333333
2 0.8775 0.8011111111111111 0.051666666666666666 0.03333333333333333
0 0.075 0.8677777777777778 0.14 0.03777777777777778
2 0.2625 0.8677777777777778 0.055 0.028888888888888888
2 0.8775 0.8677777777777778 0.051666666666666666 0.028888888888888888
0 0.6691666666666667 0.8688888888888889 0.08833333333333333 0.03111111111111111
0 0.0625 0.9333333333333333 0.10833333333333334 0.035555555555555556
0 0.6791666666666667 0.9344444444444444 0.11166666666666666 0.03777777777777778
2 0.3525 0.9366666666666666 0.125 0.028888888888888888
2 0.8775 0.9344444444444444 0.051666666666666666 0.03333333333333333
0 0.6658333333333334 0.7344444444444445 0.08833333333333333 0.03333333333333333
1 0.1475 0.6088888888888889 0.285 0.057777777777777775
1 0.14416666666666667 0.6777777777777778 0.285 0.057777777777777775
1 0.1475 0.7466666666666667 0.285 0.057777777777777775
1 0.14916666666666667 0.8133333333333334 0.285 0.057777777777777775
1 0.14916666666666667 0.8777777777777778 0.285 0.057777777777777775
1 0.1475 0.9466666666666667 0.285 0.057777777777777775
1 0.4575 0.3233333333333333 0.2816666666666667 0.05555555555555555
1 0.45916666666666667 0.3877777777777778 0.2816666666666667 0.05555555555555555
1 0.4575 0.45444444444444443 0.2816666666666667 0.05555555555555555
1 0.4558333333333333 0.5211111111111111 0.2816666666666667 0.05555555555555555
1 0.4558333333333333 0.5877777777777777 0.2816666666666667 0.05555555555555555
1 0.4575 0.6588888888888889 0.2816666666666667 0.05555555555555555
1 0.45916666666666667 0.7233333333333334 0.2816666666666667 0.05555555555555555
1 0.4558333333333333 0.79 0.2816666666666667 0.05555555555555555
1 0.7608333333333334 0.6055555555555555 0.2816666666666667 0.05555555555555555
1 0.7641666666666667 0.6811111111111111 0.2816666666666667 0.05555555555555555
1 0.7641666666666667 0.7455555555555555 0.2816666666666667 0.05555555555555555
1 0.7658333333333334 0.9455555555555556 0.2816666666666667 0.05555555555555555
1 0.7591666666666667 0.8055555555555556 0.2816666666666667 0.05555555555555555
1 0.7641666666666667 0.8766666666666667 0.2816666666666667 0.05555555555555555
