0 0.15916666666666668 0.20466321243523317 0.13166666666666665 0.031088082901554404
2 0.3025 0.2033678756476684 0.03833333333333333 0.02849740932642487
0 0.1625 0.23056994818652848 0.13833333333333334 0.031088082901554404
2 0.3016666666666667 0.23316062176165803 0.04 0.031088082901554404
0 0.4525 0.24481865284974094 0.12833333333333333 0.03367875647668394
2 0.6316666666666667 0.2422279792746114 0.043333333333333335 0.03367875647668394
0 0.16 0.26424870466321243 0.13333333333333333 0.031088082901554404
2 0.30333333333333334 0.26295336787564766 0.03666666666666667 0.023316062176165803
0 0.7833333333333333 0.2694300518134715 0.13 0.031088082901554404
2 0.9675 0.26813471502590674 0.045 0.03367875647668394
0 0.45416666666666666 0.2810880829015544 0.13166666666666665 0.03367875647668394
2 0.6308333333333334 0.2759067357512953 0.045 0.03367875647668394
0 0.17166666666666666 0.2927461139896373 0.15666666666666668 0.025906735751295335
2 0.3016666666666667 0.2927461139896373 0.03666666666666667 0.025906735751295335
0 0.7875 0.30310880829015546 0.145 0.04145077720207254
2 0.9666666666666667 0.30440414507772023 0.043333333333333335 0.03367875647668394
0 0.455 0.31476683937823835 0.13666666666666666 0.03367875647668394
2 0.6308333333333334 0.31476683937823835 0.04833333333333333 0.03367875647668394
0 0.17083333333333334 0.3238341968911917 0.155 0.025906735751295335
2 0.30333333333333334 0.32124352331606215 0.03666666666666667 0.025906735751295335
0 0.8241666666666667 0.3393782383419689 0.21833333333333332 0.03626943005181347
2 0.9683333333333334 0.3393782383419689 0.043333333333333335 0.031088082901554404
0 0.16 0.35233160621761656 0.13333333333333333 0.025906735751295335
2 0.30333333333333334 0.35233160621761656 0.03666666666666667 0.025906735751295335
0 0.43833333333333335 0.3536269430051813 0.1 0.038860103626943004
2 0.6308333333333334 0.35103626943005184 0.04833333333333333 0.03367875647668394
0 0.7925 0.3743523316062176 0.155 0.02849740932642487
2 0.9675 0.37176165803108807 0.045 0.03367875647668394
0 0.1775 0.38341968911917096 0.17166666666666666 0.025906735751295335
2 0.30333333333333334 0.38341968911917096 0.03666666666666667 0.025906735751295335
0 0.475 0.3911917098445596 0.18 0.03626943005181347
0 0.8025 0.4067357512953368 0.175 0.025906735751295335
2 0.9675 0.405440414507772 0.045 0.02849740932642487
2 0.30333333333333334 0.4106217616580311 0.03666666666666667 0.02849740932642487
0 0.16833333333333333 0.41321243523316065 0.15 0.023316062176165803
2 0.9691666666666666 0.4430051813471503 0.045 0.031088082901554404
0 0.8175 0.4417098445595855 0.20833333333333334 0.03367875647668394
0 0.795 0.47797927461139894 0.16 0.02849740932642487
2 0.9691666666666666 0.47668393782383417 0.041666666666666664 0.031088082901554404
0 0.8216666666666667 0.5142487046632125 0.21666666666666667 0.038860103626943004
0 0.13583333333333333 0.5375647668393783 0.095 0.03367875647668394
2 0.36333333333333334 0.5375647668393783 0.04666666666666667 0.03367875647668394
0 0.7866666666666666 0.5466321243523317 0.14666666666666667 0.04145077720207254
2 0.9683333333333334 0.5453367875647669 0.043333333333333335 0.03367875647668394
0 0.14916666666666667 0.5738341968911918 0.12166666666666667 0.03367875647668394
2 0.3641666666666667 0.5738341968911918 0.045 0.03367875647668394
0 0.14583333333333334 0.6062176165803109 0.115 0.031088082901554404
2 0.36583333333333334 0.6088082901554405 0.041666666666666664 0.031088082901554404
0 0.18166666666666667 0.6386010362694301 0.18666666666666668 0.038860103626943004
2 0.3625 0.6411917098445595 0.04833333333333333 0.02849740932642487
0 0.7733333333333333 0.7914507772020726 0.18666666666666668 0.03367875647668394
2 0.9441666666666667 0.7914507772020726 0.045 0.03367875647668394
0 0.7558333333333334 0.822538860103627 0.15166666666666667 0.03367875647668394
2 0.9441666666666667 0.8251295336787565 0.045 0.02849740932642487
0 0.14083333333333334 0.8484455958549223 0.105 0.04404145077720207
2 0.31083333333333335 0.8458549222797928 0.04833333333333333 0.03367875647668394
0 0.7633333333333333 0.8575129533678757 0.16666666666666666 0.03626943005181347
2 0.9441666666666667 0.8601036269430051 0.045 0.025906735751295335
2 0.31 0.8821243523316062 0.04666666666666667 0.038860103626943004
0 0.1475 0.8847150259067358 0.11166666666666666 0.03367875647668394
0 0.7708333333333334 0.8950777202072538 0.17166666666666666 0.03367875647668394
2 0.9441666666666667 0.8911917098445595 0.045 0.025906735751295335
0 0.15666666666666668 0.9209844559585493 0.12666666666666668 0.03367875647668394
2 0.31166666666666665 0.9209844559585493 0.04666666666666667 0.03367875647668394
0 0.7375 0.9235751295336787 0.11166666666666666 0.02849740932642487
2 0.9433333333333334 0.9209844559585493 0.04666666666666667 0.03367875647668394
0 0.17833333333333334 0.9598445595854922 0.17 0.03367875647668394
0 0.7491666666666666 0.9559585492227979 0.12833333333333333 0.025906735751295335
2 0.9441666666666667 0.9559585492227979 0.045 0.025906735751295335
0 0.7575 0.9870466321243523 0.15166666666666667 0.025906735751295335
2 0.31666666666666665 0.9598445595854922 0.043333333333333335 0.03367875647668394
2 0.6316666666666667 0.38860103626943004 0.04666666666666667 0.031088082901554404
2 0.9691666666666666 0.5116580310880829 0.045 0.03367875647668394
2 0.9475 0.9870466321243523 0.045 0.025906735751295335
1 0.20666666666666667 0.20466321243523317 0.22666666666666666 0.031088082901554404
1 0.20666666666666667 0.23316062176165803 0.22666666666666666 0.031088082901554404
1 0.20833333333333334 0.26424870466321243 0.22666666666666666 0.031088082901554404
1 0.20666666666666667 0.29533678756476683 0.22666666666666666 0.031088082901554404
1 0.23666666666666666 0.5401554404145078 0.2966666666666667 0.03367875647668394
1 0.20333333333333334 0.31865284974093266 0.22666666666666666 0.031088082901554404
1 0.205 0.3471502590673575 0.22666666666666666 0.031088082901554404
1 0.20333333333333334 0.3756476683937824 0.22666666666666666 0.031088082901554404
1 0.205 0.4067357512953368 0.22666666666666666 0.031088082901554404
1 0.23666666666666666 0.5764248704663213 0.2966666666666667 0.03367875647668394
1 0.5208333333333334 0.24352331606217617 0.2683333333333333 0.031088082901554404
1 0.23166666666666666 0.5997409326424871 0.2966666666666667 0.03367875647668394
1 0.235 0.6360103626943006 0.2966666666666667 0.03367875647668394
1 0.5208333333333334 0.2772020725388601 0.2683333333333333 0.031088082901554404
1 0.5225 0.3160621761658031 0.2683333333333333 0.031088082901554404
1 0.8533333333333334 0.2694300518134715 0.27 0.031088082901554404
1 0.5158333333333334 0.3471502590673575 0.2683333333333333 0.031088082901554404
1 0.5175 0.38341968911917096 0.2683333333333333 0.031088082901554404
1 0.8516666666666667 0.4170984455958549 0.27 0.031088082901554404
1 0.85 0.2979274611398964 0.27 0.031088082901554404
1 0.85 0.3316062176165803 0.27 0.031088082901554404
1 0.85 0.36787564766839376 0.27 0.031088082901554404
1 0.8525 0.44430051813471505 0.27166666666666667 0.03367875647668394
1 0.8525 0.5453367875647669 0.27166666666666667 0.03367875647668394
1 0.8491666666666666 0.47538860103626945 0.27166666666666667 0.03367875647668394
1 0.8525 0.5116580310880829 0.27166666666666667 0.03367875647668394
1 0.8233333333333334 0.7914507772020726 0.2866666666666667 0.03367875647668394
1 0.8233333333333334 0.822538860103627 0.2866666666666667 0.03367875647668394
1 0.8233333333333334 0.8588082901554405 0.2866666666666667 0.03367875647668394
1 0.8216666666666667 0.8924870466321243 0.2866666666666667 0.03367875647668394
1 0.8233333333333334 0.9235751295336787 0.2866666666666667 0.03367875647668394
1 0.8233333333333334 0.9598445595854922 0.2866666666666667 0.03367875647668394
1 0.825 0.9818652849740933 0.2866666666666667 0.03626943005181347
1 0.21166666666666667 0.8458549222797928 0.24666666666666667 0.038860103626943004
1 0.2125 0.8847150259067358 0.24166666666666667 0.038860103626943004
1 0.2125 0.9183937823834197 0.24166666666666667 0.038860103626943004
1 0.2125 0.9624352331606217 0.24166666666666667 0.038860103626943004
