0 0.17684210526315788 0.2858736059479554 0.17684210526315788 0.01858736059479554
0 0.5189473684210526 0.2858736059479554 0.11578947368421053 0.01858736059479554
0 0.8552631578947368 0.2858736059479554 0.09789473684210526 0.01858736059479554
2 0.17578947368421052 0.31449814126394054 0.10105263157894737 0.019330855018587362
2 0.5189473684210526 0.31449814126394054 0.10105263157894737 0.019330855018587362
2 0.8552631578947368 0.31449814126394054 0.09789473684210526 0.019330855018587362
0 0.8552631578947368 0.5178438661710038 0.17578947368421052 0.021561338289962824
0 0.17684210526315788 0.5189591078066914 0.12 0.019330855018587362
0 0.52 0.5182156133828997 0.10947368421052632 0.017843866171003718
2 0.17684210526315788 0.5475836431226766 0.09894736842105263 0.01858736059479554
2 0.5189473684210526 0.5475836431226766 0.0968421052631579 0.01858736059479554
2 0.8542105263157894 0.5475836431226766 0.1 0.01858736059479554
0 0.17684210526315788 0.7349442379182156 0.08421052631578947 0.01858736059479554
0 0.8552631578947368 0.7349442379182156 0.12736842105263158 0.01858736059479554
0 0.52 0.7353159851301115 0.13894736842105262 0.017843866171003718
2 0.17684210526315788 0.7635687732342007 0.09894736842105263 0.019330855018587362
2 0.52 0.7643122676579925 0.09894736842105263 0.020817843866171002
2 0.8552631578947368 0.7643122676579925 0.09789473684210526 0.020817843866171002
0 0.35947368421052633 0.954275092936803 0.09578947368421052 0.017100371747211896
0 0.6931578947368421 0.954275092936803 0.09578947368421052 0.017100371747211896
2 0.36 0.9821561338289962 0.0968421052631579 0.019330855018587362
2 0.6926315789473684 0.9821561338289962 0.09894736842105263 0.019330855018587362
1 0.17684210526315788 0.3003717472118959 0.18105263157894738 0.05055762081784387
1 0.5194736842105263 0.30223048327137547 0.1231578947368421 0.05427509293680297
1 0.8552631578947368 0.30297397769516726 0.1231578947368421 0.05427509293680297
1 0.17789473684210527 0.5342007434944238 0.12842105263157894 0.05724907063197026
1 0.5210526315789473 0.5327137546468401 0.12842105263157894 0.05724907063197026
1 0.8605263157894737 0.5323420074349442 0.17578947368421052 0.04758364312267658
1 0.17894736842105263 0.7475836431226766 0.12842105263157894 0.05724907063197026
1 0.5205263157894737 0.7486988847583643 0.17578947368421052 0.04758364312267658
1 0.8621052631578947 0.7498141263940521 0.17684210526315788 0.048327137546468404
1 0.3605263157894737 0.9691449814126394 0.10421052631578948 0.04684014869888476
1 0.6952631578947368 0.9698884758364312 0.10421052631578948 0.04684014869888476
