0 0.33473684210526317 0.3235294117647059 0.5221052631578947 0.021593447505584513
2 0.8989473684210526 0.3235294117647059 0.04842105263157895 0.018615040953090096
0 0.39842105263157895 0.35703648548026806 0.6452631578947369 0.02308265078183172
2 0.8989473684210526 0.35256887565152645 0.04842105263157895 0.018615040953090096
0 0.39473684210526316 0.385331347728965 0.6421052631578947 0.02308265078183172
2 0.9 0.3838421444527178 0.04631578947368421 0.020104244229337303
0 0.3894736842105263 0.41399851079672373 0.6273684210526316 0.02084884586746091
2 0.8942105263157895 0.41399851079672373 0.05789473684210526 0.02084884586746091
0 0.4368421052631579 0.5022338049143709 0.7263157894736842 0.021593447505584513
2 0.8952631578947369 0.503723008190618 0.06 0.020104244229337303
0 0.44263157894736843 0.5342516753536858 0.7336842105263158 0.021593447505584513
2 0.8942105263157895 0.5335070737155622 0.06210526315789474 0.020104244229337303
0 0.11842105263157894 0.6250930752047654 0.08526315789473685 0.020104244229337303
2 0.9005263157894737 0.6236038719285183 0.045263157894736845 0.018615040953090096
0 0.13315789473684211 0.6548771407297096 0.11473684210526315 0.020104244229337303
2 0.9005263157894737 0.6548771407297096 0.045263157894736845 0.020104244229337303
2 0.9005263157894737 0.6846612062546538 0.045263157894736845 0.020104244229337303
0 0.12052631578947369 0.6854058078927774 0.08947368421052632 0.018615040953090096
0 0.15157894736842106 0.7159344750558452 0.15157894736842106 0.020104244229337303
2 0.9026315789473685 0.7159344750558452 0.04105263157894737 0.020104244229337303
0 0.1636842105263158 0.7472077438570365 0.18 0.020104244229337303
2 0.9 0.7479523454951601 0.04421052631578947 0.018615040953090096
0 0.10263157894736842 0.7777364110201043 0.05789473684210526 0.018615040953090096
2 0.9026315789473685 0.7777364110201043 0.04105263157894737 0.018615040953090096
0 0.10789473684210527 0.8097542814594192 0.07052631578947369 0.024571854058078928
2 0.9026315789473685 0.8075204765450484 0.04105263157894737 0.020104244229337303
2 0.9026315789473685 0.8384214445271779 0.04105263157894737 0.02084884586746091
0 0.10578947368421053 0.840282948622487 0.06 0.021593447505584513
2 0.9026315789473685 0.8670886075949367 0.04105263157894737 0.020104244229337303
0 0.10210526315789474 0.8693224125093075 0.056842105263157895 0.021593447505584513
0 0.11421052631578947 0.896500372300819 0.08315789473684211 0.02531645569620253
2 0.9026315789473685 0.8957557706626954 0.04105263157894737 0.02084884586746091
0 0.12947368421052632 0.9251675353685778 0.11157894736842106 0.018615040953090096
2 0.9063157894736842 0.9251675353685778 0.03368421052631579 0.018615040953090096
1 0.4978947368421053 0.3250186150409531 0.8505263157894737 0.02308265078183172
1 0.5021052631578947 0.3555472822040209 0.8505263157894737 0.02308265078183172
1 0.4968421052631579 0.3838421444527178 0.8505263157894737 0.02308265078183172
1 0.5031578947368421 0.41139240506329117 0.8505263157894737 0.02308265078183172
1 0.4978947368421053 0.5007446016381236 0.8505263157894737 0.02308265078183172
1 0.5021052631578947 0.5320178704393149 0.8505263157894737 0.02308265078183172
1 0.4968421052631579 0.6250930752047654 0.8505263157894737 0.02308265078183172
1 0.49894736842105264 0.657855547282204 0.8505263157894737 0.02308265078183172
1 0.5 0.926656738644825 0.8505263157894737 0.02308265078183172
1 0.4978947368421053 0.6831720029784065 0.8505263157894737 0.02308265078183172
1 0.5 0.7159344750558452 0.8505263157894737 0.02308265078183172
1 0.4968421052631579 0.7479523454951601 0.8505263157894737 0.02308265078183172
1 0.4968421052631579 0.7784810126582279 0.8505263157894737 0.02308265078183172
1 0.4968421052631579 0.8067758749069248 0.8505263157894737 0.02308265078183172
1 0.5 0.8380491437081161 0.8505263157894737 0.02308265078183172
1 0.4978947368421053 0.8663440059568132 0.8505263157894737 0.02308265078183172
1 0.4978947368421053 0.8961280714817572 0.8505263157894737 0.02308265078183172
