0 0.35859375 0.2982885085574572 0.0828125 0.034229828850855744
0 0.3703125 0.3410757946210269 0.109375 0.03667481662591687
0 0.35546875 0.37775061124694376 0.0765625 0.03178484107579462
0 0.375 0.41687041564792177 0.115625 0.03178484107579462
2 0.51328125 0.4315403422982885 0.1109375 0.03667481662591687
0 0.359375 0.4559902200488998 0.084375 0.03178484107579462
0 0.36484375 0.4938875305623472 0.1015625 0.034229828850855744
0 0.36640625 0.5635696821515892 0.1078125 0.03178484107579462
0 0.515625 0.6014669926650367 0.075 0.034229828850855744
0 0.3765625 0.6002444987775061 0.121875 0.03178484107579462
0 0.57890625 0.636919315403423 0.1953125 0.03667481662591687
0 0.36875 0.6405867970660146 0.1125 0.034229828850855744
0 0.3671875 0.6797066014669927 0.109375 0.034229828850855744
0 0.55703125 0.6797066014669927 0.1546875 0.034229828850855744
0 0.3484375 0.7200488997555012 0.0625 0.03178484107579462
0 0.50625 0.71760391198044 0.053125 0.03178484107579462
0 0.3875 0.7591687041564792 0.15 0.03178484107579462
2 0.43828125 0.6858190709046454 0.0296875 0.02689486552567237
2 0.44921875 0.33985330073349634 0.0421875 0.029339853300733496
1 0.39375 0.3422982885085575 0.159375 0.034229828850855744
1 0.4421875 0.4400977995110024 0.253125 0.15158924205378974
0 0.50625 0.5599022004889975 0.05 0.029339853300733496
2 0.55 0.5611246943765281 0.028125 0.02689486552567237
2 0.56953125 0.6014669926650367 0.0296875 0.029339853300733496
0 0.546875 0.7579462102689487 0.13125 0.034229828850855744
1 0.38359375 0.6833740831295844 0.1421875 0.03667481662591687
1 0.53125 0.6026894865525673 0.109375 0.03667481662591687
2 0.4421875 0.5647921760391198 0.0375 0.029339853300733496
1 0.38515625 0.5635696821515892 0.1484375 0.03667481662591687
