0 0.6056451612903225 0.16405359179019385 0.17016129032258065 0.015678449258836945
2 0.9068548387096774 0.16248574686431014 0.09435483870967742 0.01596351197263398
2 0.9068548387096774 0.20994868871151653 0.09435483870967742 0.017388825541619156
0 0.6165322580645162 0.21023375142531356 0.19193548387096773 0.017388825541619156
2 0.9058467741935484 0.2555587229190422 0.09233870967741936 0.016248574686431014
0 0.6058467741935484 0.2557012542759407 0.17056451612903226 0.020524515393386546
0 0.6435483870967742 0.3045895096921323 0.24193548387096775 0.01909920182440137
2 0.9048387096774193 0.30373432155074115 0.09032258064516129 0.014538198403648802
2 0.9048387096774193 0.3506271379703535 0.09435483870967742 0.014823261117445839
0 0.6493951612903226 0.3517673888255416 0.25766129032258067 0.019384264538198404
0 0.6542338709677419 0.39809007981755984 0.26411290322580644 0.02023945267958951
2 0.9058467741935484 0.3982326111744584 0.09233870967741936 0.01596351197263398
0 0.6288306451612903 0.44569555302166475 0.21411290322580645 0.01909920182440137
2 0.9058467741935484 0.44569555302166475 0.09233870967741936 0.014538198403648802
2 0.9058467741935484 0.4924458380843786 0.09233870967741936 0.014538198403648802
0 0.634475806451613 0.4927309007981756 0.22782258064516128 0.018529076396807297
2 0.9058467741935484 0.5394811858608894 0.09233870967741936 0.014538198403648802
0 0.6203629032258065 0.5397662485746865 0.19959677419354838 0.02080957810718358
2 0.9048387096774193 0.5870866590649944 0.09516129032258064 0.017388825541619156
0 0.5993951612903226 0.5870866590649944 0.1536290322580645 0.01909920182440137
2 0.905241935483871 0.6358323831242874 0.09758064516129032 0.017388825541619156
0 0.6838709677419355 0.6342645381984037 0.33306451612903226 0.021094640820980615
0 0.6288306451612903 0.6821550741163056 0.21330645161290324 0.018814139110604332
2 0.9038306451612903 0.681442417331813 0.09233870967741936 0.014538198403648802
0 0.6669354838709678 0.7291904218928165 0.2887096774193548 0.019384264538198404
2 0.9002016129032258 0.7281927023945268 0.10362903225806451 0.014538198403648802
2 0.9038306451612903 0.7756556442417332 0.09233870967741936 0.01596351197263398
0 0.6165322580645162 0.7753705815279361 0.19193548387096773 0.020524515393386546
2 0.9058467741935484 0.8187001140250855 0.09233870967741936 0.01596351197263398
0 0.6243951612903226 0.8199828962371721 0.20443548387096774 0.017388825541619156
1 0.7362903225806452 0.1686145952109464 0.43629032258064515 0.03221208665906499
1 0.7370967741935484 0.21507981755986316 0.43629032258064515 0.03164196123147092
1 0.7381048387096775 0.2612599771949829 0.43911290322580643 0.031071835803876853
1 0.7407258064516129 0.30943557582668185 0.43709677419354837 0.031071835803876853
1 0.7375 0.35347776510832385 0.43629032258064515 0.037058152793614595
1 0.7375 0.40222348916761685 0.43629032258064515 0.037058152793614595
1 0.7407258064516129 0.44954389965792474 0.43629032258064515 0.037058152793614595
1 0.7375 0.49543899657924745 0.43629032258064515 0.037058152793614595
1 0.7346774193548387 0.5447548460661346 0.43629032258064515 0.037058152793614595
1 0.7419354838709677 0.5892246294184721 0.43629032258064515 0.037058152793614595
1 0.7346774193548387 0.636830102622577 0.43629032258064515 0.037058152793614595
1 0.7370967741935484 0.6901368301026226 0.43629032258064515 0.037058152793614595
1 0.7362903225806452 0.7357468643101482 0.43629032258064515 0.037058152793614595
1 0.7383064516129032 0.7810718358038768 0.43629032258064515 0.037058152793614595
1 0.7381048387096775 0.8245438996579247 0.4350806451612903 0.02879133409350057
