0 0.05923076923076923 0.11577424023154848 0.11538461538461539 0.03473227206946455
2 0.3630769230769231 0.11794500723589002 0.11384615384615385 0.0361794500723589
0 0.06538461538461539 0.1678726483357453 0.1276923076923077 0.03473227206946455
2 0.36846153846153845 0.17004341534008682 0.13076923076923078 0.0361794500723589
0 0.10384615384615385 0.21201157742402316 0.20461538461538462 0.03328509406657019
2 0.36923076923076925 0.21490593342981187 0.13230769230769232 0.0361794500723589
0 0.14692307692307693 0.2590448625180897 0.2907692307692308 0.04052098408104197
0 0.09615384615384616 0.30101302460202606 0.18923076923076923 0.03473227206946455
2 0.3676923076923077 0.3031837916063676 0.12923076923076923 0.0361794500723589
0 0.0876923076923077 0.34370477568740954 0.1723076923076923 0.03328509406657019
2 0.36230769230769233 0.3480463096960926 0.13076923076923078 0.0361794500723589
0 0.11615384615384615 0.5448625180897251 0.22923076923076924 0.04486251808972504
2 0.36230769230769233 0.5441389290882779 0.11846153846153847 0.03762662807525326
0 0.13692307692307693 0.5940665701881331 0.27076923076923076 0.05065123010130246
2 0.37153846153846154 0.5984081041968162 0.13384615384615384 0.0361794500723589
0 0.5692307692307692 0.6107091172214182 0.14461538461538462 0.03762662807525326
0 0.12384615384615384 0.6418234442836469 0.24461538461538462 0.04486251808972504
2 0.3730769230769231 0.6418234442836469 0.13076923076923078 0.0361794500723589
0 0.13 0.6852387843704776 0.2569230769230769 0.04775687409551375
2 0.37 0.6881331403762663 0.13384615384615384 0.0361794500723589
0 0.04846153846153846 0.8849493487698987 0.09384615384615384 0.04486251808972504
0 0.16230769230769232 0.9377713458755427 0.32153846153846155 0.03762662807525326
0 0.9292307692307692 0.9565846599131693 0.11076923076923077 0.03762662807525326
2 0.11076923076923077 0.9761215629522432 0.21846153846153846 0.03907380607814761
2 0.3707692307692308 0.2568740955137482 0.13230769230769232 0.0361794500723589
2 0.21384615384615385 0.8849493487698987 0.20923076923076922 0.0361794500723589
1 0.21076923076923076 0.1150506512301013 0.41846153846153844 0.0361794500723589
1 0.21846153846153846 0.1678726483357453 0.4307692307692308 0.03473227206946455
1 0.2230769230769231 0.21128798842257598 0.4307692307692308 0.03473227206946455
1 0.22 0.2590448625180897 0.4307692307692308 0.03473227206946455
1 0.2169230769230769 0.2995658465991317 0.4307692307692308 0.03473227206946455
1 0.21615384615384614 0.34442836468885674 0.42923076923076925 0.03473227206946455
1 0.2123076923076923 0.5448625180897251 0.42153846153846153 0.04486251808972504
1 0.21769230769230768 0.5940665701881331 0.4323076923076923 0.041968162083936326
1 0.21769230769230768 0.638205499276411 0.4323076923076923 0.04341534008683068
1 0.22 0.683068017366136 0.4338461538461538 0.04341534008683068
1 0.16384615384615384 0.88205499276411 0.32461538461538464 0.041968162083936326
1 0.16230769230769232 0.9536903039073806 0.32153846153846155 0.07814761215629522
1 0.6361538461538462 0.6107091172214182 0.2876923076923077 0.04052098408104197
2 0.7169230769230769 0.6114327062228654 0.12615384615384614 0.03328509406657019
