2 0.804 0.1896853146853147 0.104 0.03671328671328671
0 0.5568 0.18444055944055945 0.2816 0.04020979020979021
2 0.8032 0.2465034965034965 0.1056 0.038461538461538464
0 0.5552 0.24825174825174826 0.2752 0.038461538461538464
0 0.5808 0.3041958041958042 0.3232 0.03146853146853147
2 0.8072 0.36276223776223776 0.104 0.033216783216783216
0 0.52 0.36013986013986016 0.2048 0.038461538461538464
2 0.8072 0.5576923076923077 0.104 0.03496503496503497
0 0.492 0.5594405594405595 0.1232 0.03496503496503497
2 0.808 0.618006993006993 0.1088 0.03671328671328671
0 0.5056 0.618006993006993 0.144 0.02972027972027972
2 0.808 0.6791958041958042 0.1056 0.03671328671328671
0 0.512 0.6800699300699301 0.1632 0.038461538461538464
2 0.8072 0.7395104895104895 0.104 0.03496503496503497
0 0.4696 0.743006993006993 0.072 0.027972027972027972
2 0.8064 0.8024475524475524 0.1056 0.038461538461538464
0 0.5624 0.7998251748251748 0.2576 0.03671328671328671
2 0.8088 0.8758741258741258 0.104 0.03496503496503497
0 0.4752 0.8732517482517482 0.0896 0.02972027972027972
2 0.812 0.9423076923076923 0.1072 0.03496503496503497
0 0.4792 0.9493006993006993 0.1008 0.03146853146853147
2 0.808 0.3006993006993007 0.1056 0.038461538461538464
1 0.6368 0.18356643356643357 0.4416 0.038461538461538464
1 0.6368 0.24475524475524477 0.4416 0.038461538461538464
1 0.64 0.3006993006993007 0.4416 0.038461538461538464
1 0.6368 0.36013986013986016 0.4416 0.038461538461538464
1 0.6456 0.5603146853146853 0.4304 0.04020979020979021
1 0.6456 0.6197552447552448 0.4304 0.04020979020979021
1 0.6456 0.6774475524475524 0.4304 0.04020979020979021
1 0.6488 0.7421328671328671 0.4304 0.04020979020979021
1 0.6456 0.8015734265734266 0.4304 0.04020979020979021
1 0.6472 0.9466783216783217 0.4336 0.03671328671328671
1 0.6456 0.8767482517482518 0.4336 0.03671328671328671
