0 0.6119005328596803 0.20112781954887218 0.2682060390763766 0.03383458646616541
2 0.9378330373001776 0.20363408521303258 0.0586145648312611 0.02882205513784461
0 0.6065719360568383 0.23934837092731828 0.25754884547069273 0.03508771929824561
2 0.9382770870337478 0.24185463659147868 0.05772646536412078 0.03258145363408521
0 0.5972468916518651 0.2781954887218045 0.238898756660746 0.03508771929824561
2 0.9378330373001776 0.2800751879699248 0.0586145648312611 0.03132832080200501
0 0.5923623445825933 0.3157894736842105 0.2291296625222025 0.03759398496240601
2 0.9387211367673179 0.3176691729323308 0.056838365896980464 0.02882205513784461
0 0.5963587921847247 0.3533834586466165 0.238898756660746 0.03508771929824561
2 0.9387211367673179 0.35526315789473684 0.056838365896980464 0.02882205513784461
0 0.5799289520426287 0.3916040100250627 0.20426287744227353 0.041353383458646614
0 0.04262877442273535 0.3890977443609023 0.04262877442273535 0.02882205513784461
2 0.3761101243339254 0.3890977443609023 0.03285968028419183 0.02882205513784461
2 0.9378330373001776 0.3941102756892231 0.0586145648312611 0.02882205513784461
0 0.5719360568383659 0.4298245614035088 0.1882770870337478 0.040100250626566414
2 0.9387211367673179 0.4323308270676692 0.056838365896980464 0.03007518796992481
2 0.37211367673179396 0.4467418546365915 0.04085257548845471 0.02882205513784461
0 0.05772646536412078 0.44799498746867167 0.07104795737122557 0.02882205513784461
0 0.5608348134991119 0.4674185463659148 0.16429840142095914 0.03508771929824561
2 0.9378330373001776 0.4705513784461153 0.0586145648312611 0.02882205513784461
0 0.5541740674955595 0.5050125313283208 0.15097690941385436 0.03759398496240601
0 0.11456483126110124 0.5081453634085213 0.1847246891651865 0.03634085213032581
2 0.37211367673179396 0.5043859649122807 0.04085257548845471 0.02882205513784461
2 0.9378330373001776 0.5081453634085213 0.0586145648312611 0.02882205513784461
0 0.5572824156305506 0.543859649122807 0.15896980461811722 0.03759398496240601
2 0.9387211367673179 0.5457393483709273 0.056838365896980464 0.02882205513784461
0 0.5461811722912966 0.5808270676691729 0.13676731793960922 0.03884711779448621
2 0.9387211367673179 0.5858395989974937 0.056838365896980464 0.02882205513784461
0 0.5390763765541741 0.6203007518796992 0.12255772646536411 0.03508771929824561
2 0.9387211367673179 0.6228070175438597 0.056838365896980464 0.02506265664160401
0 0.5515097690941385 0.656641604010025 0.14742451154529307 0.03508771929824561
0 0.056838365896980464 0.6610275689223057 0.07282415630550622 0.02882205513784461
2 0.37211367673179396 0.6604010025062657 0.04085257548845471 0.02756892230576441
2 0.9387211367673179 0.6622807017543859 0.056838365896980464 0.03132832080200501
0 0.5843694493783304 0.6973684210526315 0.21314387211367672 0.03884711779448621
2 0.9387211367673179 0.699874686716792 0.056838365896980464 0.02882205513784461
2 0.37211367673179396 0.7180451127819549 0.04085257548845471 0.02756892230576441
0 0.050621669626998225 0.7199248120300752 0.056838365896980464 0.02882205513784461
0 0.5759325044404974 0.7368421052631579 0.19626998223801065 0.03258145363408521
2 0.9378330373001776 0.7387218045112782 0.0586145648312611 0.02882205513784461
0 0.5772646536412078 0.7738095238095238 0.1989342806394316 0.03383458646616541
2 0.9382770870337478 0.7769423558897243 0.05772646536412078 0.03258145363408521
2 0.37211367673179396 0.7763157894736842 0.04085257548845471 0.02882205513784461
0 0.04706927175843695 0.781328320802005 0.047957371225577264 0.03383458646616541
0 0.1691829484902309 0.7982456140350878 0.10390763765541741 0.03759398496240601
0 0.5634991119005328 0.8126566416040101 0.1714031971580817 0.03383458646616541
2 0.9387211367673179 0.8145363408521303 0.056838365896980464 0.03007518796992481
2 0.3716696269982238 0.8339598997493735 0.03996447602131439 0.02882205513784461
0 0.06927175843694494 0.8352130325814536 0.0941385435168739 0.02882205513784461
0 0.5523978685612788 0.8515037593984962 0.1492007104795737 0.03383458646616541
2 0.9431616341030196 0.8527568922305765 0.047957371225577264 0.02882205513784461
0 0.5661634103019538 0.8878446115288221 0.17673179396092362 0.03383458646616541
2 0.9431616341030196 0.8903508771929824 0.047957371225577264 0.02882205513784461
0 0.5719360568383659 0.9266917293233082 0.1882770870337478 0.03383458646616541
2 0.9387211367673179 0.9291979949874687 0.056838365896980464 0.02882205513784461
0 0.5861456483126111 0.9649122807017544 0.216696269982238 0.03508771929824561
2 0.9387211367673179 0.9667919799498746 0.056838365896980464 0.03132832080200501
1 0.2069271758436945 0.38784461152882205 0.3747779751332149 0.03132832080200501
1 0.20603907637655416 0.44548872180451127 0.3747779751332149 0.03132832080200501
1 0.20870337477797513 0.5068922305764411 0.3747779751332149 0.03132832080200501
1 0.20603907637655416 0.6610275689223057 0.3747779751332149 0.03132832080200501
1 0.2069271758436945 0.7211779448621554 0.3747779751332149 0.03132832080200501
1 0.20515097690941386 0.7788220551378446 0.3747779751332149 0.03132832080200501
1 0.20825932504440497 0.8358395989974937 0.3703374777975133 0.03007518796992481
1 0.7220248667850799 0.20238095238095238 0.49023090586145646 0.03634085213032581
1 0.7255772646536413 0.2349624060150376 0.49023090586145646 0.03634085213032581
1 0.7202486678507993 0.275062656641604 0.49023090586145646 0.03634085213032581
1 0.7246891651865008 0.31140350877192985 0.49023090586145646 0.03634085213032581
1 0.7246891651865008 0.8088972431077694 0.49023090586145646 0.03634085213032581
1 0.7202486678507993 0.35025062656641603 0.49023090586145646 0.03634085213032581
1 0.7220248667850799 0.38784461152882205 0.49023090586145646 0.03634085213032581
1 0.7202486678507993 0.42543859649122806 0.49023090586145646 0.03634085213032581
1 0.7246891651865008 0.4605263157894737 0.49023090586145646 0.03634085213032581
1 0.7238010657193605 0.5031328320802005 0.49023090586145646 0.03634085213032581
1 0.7220248667850799 0.5369674185463659 0.49023090586145646 0.03634085213032581
1 0.7238010657193605 0.5770676691729323 0.49023090586145646 0.03634085213032581
1 0.7211367673179396 0.6171679197994987 0.49023090586145646 0.03634085213032581
1 0.7220248667850799 0.6522556390977443 0.49023090586145646 0.03634085213032581
1 0.7202486678507993 0.693609022556391 0.49023090586145646 0.03634085213032581
1 0.7211367673179396 0.7349624060150376 0.49023090586145646 0.03634085213032581
1 0.7220248667850799 0.768796992481203 0.49023090586145646 0.03634085213032581
1 0.7238010657193605 0.8464912280701754 0.49023090586145646 0.03634085213032581
1 0.7220248667850799 0.8865914786967418 0.49023090586145646 0.03634085213032581
1 0.7220248667850799 0.9229323308270677 0.49023090586145646 0.03634085213032581
1 0.7238010657193605 0.9630325814536341 0.49023090586145646 0.03634085213032581
