0 0.2641025641025641 0.2111328125 0.43443223443223444 0.030859375
2 0.8600732600732601 0.2125 0.11575091575091576 0.02265625
0 0.23003663003663002 0.2431640625 0.3648351648351648 0.021484375
0 0.8516483516483516 0.2443359375 0.1326007326007326 0.023828125
0 0.24725274725274726 0.276171875 0.3992673992673993 0.0265625
0 0.8516483516483516 0.2755859375 0.1326007326007326 0.023828125
0 0.23736263736263735 0.3064453125 0.38095238095238093 0.030078125
2 0.8527472527472527 0.3060546875 0.1304029304029304 0.023828125
2 0.8505494505494505 0.3375 0.1347985347985348 0.025
0 0.19706959706959706 0.33828125 0.2989010989010989 0.02109375
0 0.22637362637362637 0.3701171875 0.358974358974359 0.027734375
2 0.8600732600732601 0.3701171875 0.11575091575091576 0.022265625
0 0.21428571428571427 0.40078125 0.3333333333333333 0.02109375
2 0.8527472527472527 0.4021484375 0.1304029304029304 0.023828125
2 0.8527472527472527 0.4326171875 0.1304029304029304 0.022265625
0 0.1663003663003663 0.4326171875 0.23736263736263735 0.019921875
0 0.21684981684981686 0.463671875 0.3384615384615385 0.0265625
2 0.8505494505494505 0.4630859375 0.1347985347985348 0.023828125
2 0.8527472527472527 0.4958984375 0.1304029304029304 0.023828125
0 0.13113553113553114 0.4962890625 0.16703296703296702 0.019921875
2 0.8516483516483516 0.527734375 0.1326007326007326 0.02265625
0 0.20183150183150184 0.5287109375 0.31575091575091574 0.030078125
2 0.8527472527472527 0.5595703125 0.1304029304029304 0.023828125
0 0.1761904761904762 0.5587890625 0.26153846153846155 0.019921875
0 0.16666666666666666 0.5880859375 0.23809523809523808 0.023828125
2 0.8516483516483516 0.590234375 0.1326007326007326 0.02265625
0 0.22380952380952382 0.6216796875 0.35384615384615387 0.030078125
2 0.8490842490842491 0.6232421875 0.13772893772893774 0.023828125
0 0.15054945054945054 0.7052734375 0.20586080586080585 0.023828125
2 0.8600732600732601 0.7041015625 0.11575091575091576 0.021484375
0 0.15567765567765568 0.7373046875 0.2205128205128205 0.025390625
2 0.8615384615384616 0.73671875 0.11282051282051282 0.02109375
0 0.13003663003663005 0.7708984375 0.1706959706959707 0.025390625
2 0.8611721611721612 0.769140625 0.11355311355311355 0.02109375
0 0.12490842490842491 0.8017578125 0.15457875457875458 0.021484375
2 0.8516483516483516 0.8017578125 0.1326007326007326 0.021484375
0 0.14945054945054945 0.8330078125 0.20366300366300366 0.023828125
2 0.8516483516483516 0.8349609375 0.1326007326007326 0.022265625
0 0.15164835164835164 0.866796875 0.20952380952380953 0.02109375
2 0.8516483516483516 0.866796875 0.1326007326007326 0.02109375
2 0.8516483516483516 0.9 0.1326007326007326 0.02265625
0 0.11648351648351649 0.9001953125 0.13772893772893774 0.019921875
2 0.8501831501831502 0.2435546875 0.1326007326007326 0.023828125
2 0.8501831501831502 0.2748046875 0.1326007326007326 0.023828125
1 0.4857142857142857 0.210546875 0.8805860805860806 0.03125
1 0.48205128205128206 0.243359375 0.8805860805860806 0.03125
1 0.4805860805860806 0.24375 0.8805860805860806 0.03125
1 0.4857142857142857 0.271875 0.8805860805860806 0.03125
1 0.48205128205128206 0.30234375 0.8805860805860806 0.03125
1 0.484981684981685 0.3375 0.8805860805860806 0.03125
1 0.47912087912087914 0.366796875 0.8805860805860806 0.03125
1 0.48205128205128206 0.4001953125 0.8805860805860806 0.031640625
1 0.4827838827838828 0.434375 0.8805860805860806 0.03125
1 0.47912087912087914 0.4625 0.8805860805860806 0.03125
1 0.47985347985347987 0.4953125 0.8805860805860806 0.03125
1 0.47619047619047616 0.528125 0.8805860805860806 0.03125
1 0.48717948717948717 0.562890625 0.8805860805860806 0.03125
1 0.47326007326007324 0.591015625 0.8805860805860806 0.03125
1 0.48424908424908425 0.6203125 0.8805860805860806 0.03125
1 0.4827838827838828 0.70546875 0.8805860805860806 0.03125
1 0.47912087912087914 0.733984375 0.8805860805860806 0.03125
1 0.48205128205128206 0.769921875 0.8805860805860806 0.03125
1 0.48717948717948717 0.79921875 0.8805860805860806 0.03125
1 0.47692307692307695 0.838671875 0.8805860805860806 0.03125
1 0.48205128205128206 0.866796875 0.8805860805860806 0.03125
1 0.4783882783882784 0.903125 0.8805860805860806 0.03125
