0 0.81328125 0.3997668997668998 0.1046875 0.030303030303030304
2 0.95703125 0.3986013986013986 0.0359375 0.027972027972027972
0 0.809375 0.43006993006993005 0.09375 0.02564102564102564
2 0.95859375 0.43006993006993005 0.0328125 0.02097902097902098
0 0.44140625 0.44871794871794873 0.1078125 0.03496503496503497
2 0.59765625 0.44871794871794873 0.0484375 0.03496503496503497
0 0.80703125 0.4592074592074592 0.0859375 0.023310023310023312
2 0.95859375 0.4592074592074592 0.0328125 0.023310023310023312
0 0.8296875 0.48717948717948717 0.13125 0.023310023310023312
2 0.95703125 0.48717948717948717 0.0296875 0.023310023310023312
0 0.428125 0.5 0.084375 0.030303030303030304
2 0.59765625 0.5 0.0453125 0.030303030303030304
0 0.79765625 0.5151515151515151 0.0703125 0.023310023310023312
2 0.95703125 0.5442890442890443 0.0296875 0.030303030303030304
0 0.8484375 0.541958041958042 0.175 0.02564102564102564
0 0.43828125 0.5512820512820513 0.1078125 0.030303030303030304
2 0.59765625 0.5512820512820513 0.0453125 0.030303030303030304
0 0.82578125 0.5734265734265734 0.1265625 0.027972027972027972
2 0.95546875 0.5734265734265734 0.0296875 0.027972027972027972
0 0.8078125 0.6002331002331003 0.090625 0.02564102564102564
0 0.446875 0.6037296037296037 0.121875 0.03263403263403263
2 0.95859375 0.6025641025641025 0.0328125 0.02564102564102564
2 0.59765625 0.6048951048951049 0.0453125 0.030303030303030304
0 0.08203125 0.6328671328671329 0.1109375 0.039627039627039624
2 0.21328125 0.6328671328671329 0.0421875 0.030303030303030304
0 0.47421875 0.6596736596736597 0.1765625 0.027972027972027972
0 0.0765625 0.6701631701631702 0.1 0.030303030303030304
2 0.2140625 0.6724941724941725 0.040625 0.02564102564102564
0 0.84453125 0.6876456876456877 0.1671875 0.023310023310023312
0 0.1078125 0.7097902097902098 0.15625 0.02564102564102564
0 0.45 0.710955710955711 0.13125 0.037296037296037296
2 0.59765625 0.7121212121212122 0.0453125 0.030303030303030304
0 0.8203125 0.7156177156177156 0.115625 0.027972027972027972
2 0.9578125 0.7167832167832168 0.028125 0.02097902097902098
0 0.83125 0.7424242424242424 0.1375 0.030303030303030304
2 0.95859375 0.7435897435897436 0.0515625 0.027972027972027972
0 0.4734375 0.7645687645687645 0.171875 0.027972027972027972
0 0.078125 0.8216783216783217 0.096875 0.03496503496503497
2 0.2140625 0.8263403263403264 0.040625 0.02564102564102564
0 0.075 0.8613053613053613 0.090625 0.030303030303030304
2 0.21328125 0.8624708624708625 0.0421875 0.027972027972027972
0 0.07734375 0.8986013986013986 0.1015625 0.030303030303030304
2 0.21328125 0.8997668997668997 0.0421875 0.027972027972027972
0 0.0765625 0.9382284382284383 0.1 0.030303030303030304
2 0.2140625 0.9382284382284383 0.040625 0.02564102564102564
2 0.21328125 0.7132867132867133 0.0421875 0.023310023310023312
2 0.59765625 0.6608391608391608 0.0453125 0.030303030303030304
2 0.59765625 0.7634032634032634 0.0453125 0.030303030303030304
2 0.9578125 0.5163170163170163 0.03125 0.02097902097902098
2 0.9609375 0.6888111888111889 0.05 0.02564102564102564
1 0.13125 0.6351981351981352 0.209375 0.03496503496503497
1 0.13125 0.6748251748251748 0.209375 0.03496503496503497
1 0.1328125 0.7144522144522144 0.209375 0.03496503496503497
1 0.1328125 0.824009324009324 0.20625 0.03496503496503497
1 0.134375 0.8613053613053613 0.20625 0.03496503496503497
1 0.13125 0.9009324009324009 0.20625 0.03496503496503497
1 0.1296875 0.9358974358974359 0.20625 0.03496503496503497
1 0.50625 0.44638694638694637 0.23125 0.03496503496503497
1 0.503125 0.5023310023310024 0.23125 0.03496503496503497
1 0.5 0.5536130536130536 0.23125 0.03496503496503497
1 0.503125 0.6095571095571095 0.23125 0.03496503496503497
1 0.503125 0.6608391608391608 0.23125 0.03496503496503497
1 0.503125 0.7144522144522144 0.23125 0.03496503496503497
1 0.5046875 0.7657342657342657 0.23125 0.03496503496503497
1 0.86953125 0.40093240093240096 0.2140625 0.027972027972027972
1 0.87109375 0.43123543123543123 0.2140625 0.027972027972027972
1 0.86953125 0.46153846153846156 0.2140625 0.027972027972027972
1 0.86796875 0.5477855477855478 0.2140625 0.027972027972027972
1 0.86640625 0.4825174825174825 0.2140625 0.027972027972027972
1 0.87109375 0.5151515151515151 0.2140625 0.027972027972027972
1 0.87109375 0.5757575757575758 0.2140625 0.027972027972027972
1 0.86796875 0.6013986013986014 0.2140625 0.027972027972027972
1 0.87578125 0.6876456876456877 0.2234375 0.027972027972027972
1 0.871875 0.7156177156177156 0.225 0.027972027972027972
1 0.871875 0.7435897435897436 0.225 0.027972027972027972
