0 0.1880559085133418 0.270956816257409 0.31512071156289706 0.028789161727349702
2 0.5978398983481575 0.2713801862828112 0.06734434561626429 0.01947502116850127
0 0.1937738246505718 0.29805249788314986 0.3189326556543837 0.03048264182895851
2 0.590851334180432 0.2988992379339543 0.08640406607369759 0.02201524132091448
0 0.25158831003811943 0.32895850973751056 0.43456162642947904 0.0279424216765453
2 0.5895806861499364 0.329805249788315 0.08894536213468869 0.021168501270110076
0 0.09847522236340533 0.3577476714648603 0.12325285895806862 0.026248941574936496
2 0.5984752223634053 0.3602878916172735 0.06861499364675985 0.021168501270110076
0 0.08894536213468869 0.3861134631668078 0.10165184243964422 0.02540220152413209
2 0.5991105463786531 0.3899237933954276 0.0698856416772554 0.021168501270110076
0 0.193138500635324 0.4174428450465707 0.3176620076238882 0.02540220152413209
2 0.5991105463786531 0.4182895850973751 0.06734434561626429 0.018628281117696866
0 0.21918678526048285 0.445385266723116 0.37229987293519695 0.03048264182895851
2 0.5972045743329097 0.4466553767993226 0.06861499364675985 0.021168501270110076
0 0.11499364675984752 0.4724809483488569 0.1639135959339263 0.028789161727349702
2 0.5933926302414231 0.4762912785774767 0.06861499364675985 0.01947502116850127
0 0.1340533672172808 0.5059271803556308 0.19949174078780177 0.026248941574936496
2 0.5946632782719187 0.5059271803556308 0.06353240152477764 0.02286198137171888
0 0.13024142312579415 0.5359864521591872 0.19440914866581957 0.027095681625740897
2 0.5952986022871665 0.5368331922099915 0.0698856416772554 0.02201524132091448
0 0.13913595933926304 0.5635055038103303 0.21728081321473952 0.024555461473327687
2 0.5914866581956798 0.5660457239627434 0.06480304955527319 0.02286198137171888
0 0.13595933926302414 0.5931414055884844 0.21346886912325286 0.026248941574936496
2 0.5851334180432021 0.5956816257408976 0.08005082592121983 0.024555461473327687
0 0.1473951715374841 0.6215071972904318 0.2337992376111817 0.028789161727349702
2 0.5883100381194409 0.6253175275190517 0.07115628970775095 0.026248941574936496
0 0.12452350698856417 0.6502963590177815 0.18297331639135958 0.028789161727349702
2 0.5914866581956798 0.6541066892464014 0.06480304955527319 0.021168501270110076
0 0.1696315120711563 0.6812023708721423 0.2731893265565438 0.0279424216765453
2 0.5978398983481575 0.682895850973751 0.06480304955527319 0.021168501270110076
0 0.13850063532401524 0.712108382726503 0.20584498094027953 0.027095681625740897
2 0.5959339263024143 0.712108382726503 0.06353240152477764 0.018628281117696866
0 0.22935196950444728 0.7383573243014394 0.3926302414231258 0.028789161727349702
2 0.5933926302414231 0.7413209144792549 0.06607369758576874 0.01947502116850127
0 0.2731893265565438 0.7718035563082134 0.48030495552731894 0.0279424216765453
2 0.5927573062261754 0.7701100762066045 0.06734434561626429 0.021168501270110076
0 0.247141041931385 0.8001693480101609 0.4358322744599746 0.028789161727349702
2 0.5870393900889453 0.8001693480101609 0.08894536213468869 0.02032176121930567
0 0.19822109275730623 0.825571549534293 0.33799237611181704 0.03556308213378493
2 0.5838627700127065 0.8302286198137172 0.08767471410419314 0.01947502116850127
0 0.22554002541296062 0.8607112616426758 0.3850063532401525 0.03640982218458933
1 0.3284625158831004 0.270956816257409 0.6010165184243964 0.027095681625740897
1 0.33227445997458704 0.30143945808636746 0.6010165184243964 0.027095681625740897
1 0.33227445997458704 0.3268416596104996 0.6010165184243964 0.027095681625740897
1 0.33735705209656924 0.35817104149026247 0.6010165184243964 0.027095681625740897
1 0.3360864040660737 0.3861134631668078 0.6010165184243964 0.027095681625740897
1 0.33227445997458704 0.5622353937341237 0.6010165184243964 0.027095681625740897
1 0.3360864040660737 0.4157493649449619 0.6010165184243964 0.027095681625740897
1 0.33227445997458704 0.594411515664691 0.6010165184243964 0.027095681625740897
1 0.3221092757306226 0.47163420829805247 0.6010165184243964 0.027095681625740897
1 0.32719186785260485 0.5055038103302286 0.6010165184243964 0.027095681625740897
1 0.3297331639135959 0.5300592718035563 0.6010165184243964 0.027095681625740897
1 0.3284625158831004 0.6232006773920407 0.6010165184243964 0.027095681625740897
1 0.33481575603557817 0.6502963590177815 0.6010165184243964 0.027095681625740897
1 0.33481575603557817 0.6782387806943269 0.6010165184243964 0.027095681625740897
1 0.3297331639135959 0.7138018628281118 0.6010165184243964 0.027095681625740897
1 0.3335451080050826 0.7442845046570703 0.6010165184243964 0.027095681625740897
1 0.33227445997458704 0.7722269263336156 0.6010165184243964 0.027095681625740897
1 0.33227445997458704 0.8001693480101609 0.6010165184243964 0.027095681625740897
1 0.3310038119440915 0.8264182895850973 0.6010165184243964 0.027095681625740897
1 0.3310038119440915 0.8619813717188823 0.6010165184243964 0.027095681625740897
