0 0.5133333333333333 0.16833333333333333 0.2 0.02666666666666667
0 0.52 0.20916666666666667 0.21333333333333335 0.03166666666666667
0 0.5983333333333334 0.24666666666666667 0.37 0.03
0 0.5166666666666667 0.2841666666666667 0.20666666666666667 0.025
0 0.6266666666666667 0.32416666666666666 0.4266666666666667 0.03166666666666667
0 0.5741666666666667 0.3616666666666667 0.32166666666666666 0.02666666666666667
2 0.7683333333333333 0.4033333333333333 0.2 0.02666666666666667
0 0.5575 0.5158333333333334 0.2816666666666667 0.028333333333333332
0 0.5791666666666667 0.5533333333333333 0.325 0.03333333333333333
0 0.5766666666666667 0.5916666666666667 0.32 0.03
0 0.5241666666666667 0.6308333333333334 0.21166666666666667 0.025
2 0.7658333333333334 0.66 0.20166666666666666 0.02666666666666667
0 0.5091666666666667 0.7833333333333333 0.175 0.023333333333333334
0 0.535 0.8225 0.22666666666666666 0.028333333333333332
0 0.6258333333333334 0.8616666666666667 0.4083333333333333 0.03
2 0.7616666666666667 0.895 0.20333333333333334 0.02666666666666667
0 0.4475 0.9841666666666666 0.30833333333333335 0.018333333333333333
1 0.64 0.2866666666666667 0.46 0.27
1 0.6408333333333334 0.5866666666666667 0.45166666666666666 0.18
1 0.6441666666666667 0.84 0.445 0.14333333333333334
