0 0.09781890284203569 0.09146341463414634 0.0991407799074686 0.025328330206378986
2 0.2075346992729676 0.09052532833020638 0.04758757435558493 0.017823639774859287
0 0.3241903502974223 0.09287054409005628 0.12491738268341045 0.02626641651031895
2 0.4230006609385327 0.0924015009380863 0.046265697290152015 0.019699812382739212
0 0.09682749504296101 0.12288930581613508 0.09715796430931924 0.024390243902439025
0 0.3109715796430932 0.12101313320825516 0.10112359550561797 0.01876172607879925
2 0.4230006609385327 0.12101313320825516 0.046265697290152015 0.01876172607879925
2 0.2075346992729676 0.12195121951219512 0.04758757435558493 0.016885553470919325
0 0.31163251817580967 0.14868667917448405 0.09980171844018507 0.019699812382739212
2 0.4230006609385327 0.14962476547842402 0.046265697290152015 0.017823639774859287
0 0.0908790482485129 0.15337711069418386 0.08526107072042301 0.021575984990619138
2 0.2075346992729676 0.1524390243902439 0.04758757435558493 0.019699812382739212
0 0.30006609385327165 0.17636022514071295 0.07666886979510905 0.01876172607879925
0 0.4230006609385327 0.17823639774859287 0.046265697290152015 0.01876172607879925
0 0.09715796430931924 0.1848030018761726 0.09781890284203569 0.02626641651031895
2 0.2075346992729676 0.18386491557223264 0.04758757435558493 0.01876172607879925
0 0.3073364177131527 0.20637898686679174 0.09120951751487112 0.0225140712945591
2 0.42233972240581624 0.2049718574108818 0.04758757435558493 0.019699812382739212
0 0.08658294778585592 0.21529080675422138 0.07666886979510905 0.027204502814258912
2 0.20819563780568406 0.21435272045028142 0.046265697290152015 0.017823639774859287
0 0.1014540647719762 0.24624765478424016 0.10641110376734964 0.025328330206378986
2 0.2075346992729676 0.24577861163227016 0.04758757435558493 0.016885553470919325
0 0.10608063450099141 0.2776735459662289 0.11566424322538003 0.0225140712945591
2 0.2075346992729676 0.2772045028142589 0.04758757435558493 0.017823639774859287
0 0.30138797091870456 0.28189493433395874 0.07931262392597488 0.019699812382739212
2 0.4230006609385327 0.29315196998123827 0.046265697290152015 0.017823639774859287
0 0.07567746199603437 0.30863039399624764 0.05485789821546596 0.0225140712945591
2 0.2075346992729676 0.3076923076923077 0.04758757435558493 0.01876172607879925
0 0.2881692002643754 0.30956848030018763 0.05287508261731659 0.01876172607879925
2 0.4230006609385327 0.3175422138836773 0.046265697290152015 0.017823639774859287
2 0.426305353602115 0.5689493433395872 0.04758757435558493 0.019699812382739212
0 0.2799074686054197 0.5708255159474672 0.029742233972240583 0.017823639774859287
0 0.07898215465961665 0.600844277673546 0.06278916060806344 0.021575984990619138
0 0.2825512227362855 0.600844277673546 0.033707865168539325 0.021575984990619138
2 0.426305353602115 0.599906191369606 0.04758757435558493 0.019699812382739212
0 0.2792465300727032 0.6271106941838649 0.027098479841374753 0.02345215759849906
0 0.07402511566424323 0.6280487804878049 0.051553205551883675 0.021575984990619138
2 0.21943159286186384 0.6271106941838649 0.04758757435558493 0.019699812382739212
2 0.426305353602115 0.6271106941838649 0.04758757435558493 0.019699812382739212
0 0.07402511566424323 0.6580675422138836 0.051553205551883675 0.021575984990619138
2 0.21943159286186384 0.6552532833020638 0.04758757435558493 0.017823639774859287
0 0.2881692002643754 0.6571294559099438 0.04230006609385327 0.019699812382739212
2 0.42564441506939854 0.6571294559099438 0.046265697290152015 0.019699812382739212
0 0.0760079312623926 0.6857410881801126 0.05551883674818242 0.020637898686679174
2 0.21877065432914738 0.6838649155722326 0.046265697290152015 0.016885553470919325
0 0.29411764705882354 0.6848030018761726 0.05816259087904825 0.01876172607879925
2 0.4230006609385327 0.6848030018761726 0.040978189028420355 0.01876172607879925
0 0.06378056840713814 0.7143527204502814 0.033707865168539325 0.025328330206378986
2 0.21877065432914738 0.7124765478424016 0.046265697290152015 0.019699812382739212
0 0.29543952412425645 0.7143527204502814 0.059484467944481166 0.019699812382739212
2 0.4230006609385327 0.7134146341463414 0.040978189028420355 0.017823639774859287
2 0.4216787838730998 0.17636022514071295 0.046265697290152015 0.01876172607879925
1 0.13978849966953075 0.08958724202626642 0.18572372769332451 0.02345215759849906
1 0.13912756113681427 0.2790806754221388 0.18572372769332451 0.02345215759849906
1 0.13912756113681427 0.12054409005628518 0.18572372769332451 0.02345215759849906
1 0.1404494382022472 0.14962476547842402 0.18572372769332451 0.02345215759849906
1 0.13978849966953075 0.1805816135084428 0.18572372769332451 0.02345215759849906
1 0.1404494382022472 0.21341463414634146 0.18572372769332451 0.02345215759849906
1 0.1404494382022472 0.24437148217636023 0.18572372769332451 0.02345215759849906
1 0.3539325842696629 0.2861163227016886 0.18572372769332451 0.03189493433395872
1 0.13912756113681427 0.3053470919324578 0.18572372769332451 0.02345215759849906
1 0.35194976867151356 0.0924015009380863 0.18572372769332451 0.02345215759849906
1 0.35194976867151356 0.1177298311444653 0.18572372769332451 0.02345215759849906
1 0.35194976867151356 0.14681050656660413 0.18572372769332451 0.02345215759849906
1 0.3545935228023794 0.17307692307692307 0.18572372769332451 0.02345215759849906
1 0.3539325842696629 0.20403377110694185 0.18572372769332451 0.02345215759849906
1 0.3545935228023794 0.31613508442776733 0.18572372769332451 0.03189493433395872
1 0.14705882352941177 0.6275797373358349 0.19894249834765368 0.0225140712945591
1 0.3559153998678123 0.5698874296435272 0.18572372769332451 0.025328330206378986
1 0.3572372769332452 0.5942776735459663 0.18572372769332451 0.025328330206378986
1 0.3585591539986781 0.6280487804878049 0.18572372769332451 0.025328330206378986
1 0.35657633840052877 0.6552532833020638 0.18572372769332451 0.025328330206378986
1 0.3592200925313946 0.6824577861163227 0.18572372769332451 0.025328330206378986
1 0.35657633840052877 0.7115384615384616 0.18572372769332451 0.025328330206378986
1 0.14672835426305353 0.7091932457786116 0.1982815598149372 0.024390243902439025
1 0.14375413086582947 0.6557223264540337 0.19894249834765368 0.0225140712945591
1 0.14639788499669532 0.6838649155722326 0.19894249834765368 0.0225140712945591
