0 0.06015037593984962 0.33912037037037035 0.09273182957393483 0.04398148148148148
0 0.3283208020050125 0.3368055555555556 0.12781954887218044 0.03935185185185185
0 0.6115288220551378 0.33912037037037035 0.19799498746867167 0.04398148148148148
2 0.22305764411027568 0.33796296296296297 0.02506265664160401 0.032407407407407406
2 0.4699248120300752 0.33912037037037035 0.03508771929824561 0.034722222222222224
2 0.4699248120300752 0.38310185185185186 0.03508771929824561 0.03935185185185185
0 0.6027568922305765 0.38425925925925924 0.18045112781954886 0.046296296296296294
2 0.7261904761904762 0.38078703703703703 0.03383458646616541 0.03935185185185185
2 0.22180451127819548 0.3854166666666667 0.03258145363408521 0.034722222222222224
0 0.3208020050125313 0.38773148148148145 0.11027568922305764 0.03935185185185185
0 0.30889724310776945 0.42824074074074076 0.08646616541353383 0.046296296296296294
2 0.4699248120300752 0.42939814814814814 0.03508771929824561 0.03935185185185185
0 0.593358395989975 0.42939814814814814 0.16165413533834586 0.03935185185185185
0 0.06328320802005012 0.3912037037037037 0.11654135338345864 0.041666666666666664
2 0.7274436090225563 0.4305555555555556 0.03383458646616541 0.032407407407407406
0 0.8809523809523809 0.47453703703703703 0.17293233082706766 0.05092592592592592
2 0.2211779448621554 0.47685185185185186 0.03634085213032581 0.041666666666666664
0 0.32205513784461154 0.48148148148148145 0.10776942355889724 0.037037037037037035
0 0.599624060150376 0.4756944444444444 0.17418546365914786 0.03935185185185185
2 0.7274436090225563 0.47453703703703703 0.03383458646616541 0.037037037037037035
0 0.07581453634085213 0.48032407407407407 0.12406015037593984 0.03935185185185185
2 0.4699248120300752 0.47800925925925924 0.03508771929824561 0.034722222222222224
0 0.8728070175438597 0.5243055555555556 0.13659147869674185 0.04861111111111111
0 0.5889724310776943 0.5196759259259259 0.15288220551378445 0.03935185185185185
2 0.7286967418546366 0.5243055555555556 0.03383458646616541 0.03935185185185185
0 0.09649122807017543 0.5266203703703703 0.16791979949874686 0.03935185185185185
0 0.325187969924812 0.5682870370370371 0.12155388471177944 0.04398148148148148
2 0.4699248120300752 0.5648148148148148 0.03508771929824561 0.037037037037037035
0 0.5833333333333334 0.5694444444444444 0.14160401002506265 0.046296296296296294
0 0.33208020050125314 0.6168981481481481 0.13784461152882205 0.05324074074074074
0 0.06829573934837092 0.6180555555555556 0.10902255639097744 0.046296296296296294
2 0.22180451127819548 0.6134259259259259 0.03258145363408521 0.037037037037037035
2 0.4755639097744361 0.6180555555555556 0.023809523809523808 0.027777777777777776
0 0.5808270676691729 0.6145833333333334 0.13659147869674185 0.03935185185185185
2 0.7274436090225563 0.6134259259259259 0.03383458646616541 0.037037037037037035
0 0.09335839598997493 0.6585648148148148 0.15914786967418545 0.03935185185185185
0 0.5877192982456141 0.6608796296296297 0.15037593984962405 0.04861111111111111
2 0.22180451127819548 0.6597222222222222 0.03258145363408521 0.037037037037037035
0 0.2976190476190476 0.6620370370370371 0.06641604010025062 0.041666666666666664
2 0.4699248120300752 0.6597222222222222 0.03508771929824561 0.037037037037037035
2 0.7286967418546366 0.6620370370370371 0.03383458646616541 0.041666666666666664
0 0.8809523809523809 0.6712962962962963 0.08270676691729323 0.06018518518518518
0 0.5657894736842105 0.7071759259259259 0.10902255639097744 0.04861111111111111
0 0.08834586466165413 0.7094907407407407 0.14912280701754385 0.04398148148148148
2 0.22180451127819548 0.7060185185185185 0.03258145363408521 0.037037037037037035
0 0.32393483709273185 0.7071759259259259 0.11654135338345864 0.03935185185185185
2 0.4699248120300752 0.7060185185185185 0.03508771929824561 0.037037037037037035
0 0.07142857142857142 0.7511574074074074 0.12030075187969924 0.03935185185185185
2 0.22180451127819548 0.75 0.03258145363408521 0.037037037037037035
0 0.32205513784461154 0.7557870370370371 0.11278195488721804 0.04398148148148148
2 0.4699248120300752 0.7523148148148148 0.03508771929824561 0.037037037037037035
0 0.6096491228070176 0.7534722222222222 0.19172932330827067 0.04398148148148148
0 0.543233082706767 0.7974537037037037 0.06641604010025062 0.03935185185185185
0 0.09085213032581453 0.7997685185185185 0.15413533834586465 0.03935185185185185
2 0.2211779448621554 0.7986111111111112 0.03383458646616541 0.037037037037037035
0 0.33709273182957394 0.8020833333333334 0.14285714285714285 0.04398148148148148
2 0.4699248120300752 0.7986111111111112 0.03508771929824561 0.037037037037037035
2 0.7274436090225563 0.7986111111111112 0.03383458646616541 0.037037037037037035
0 0.8809523809523809 0.8113425925925926 0.13784461152882205 0.04398148148148148
0 0.07706766917293233 0.84375 0.12656641604010024 0.03935185185185185
0 0.34147869674185466 0.8472222222222222 0.15162907268170425 0.046296296296296294
0 0.5733082706766918 0.84375 0.12656641604010024 0.03935185185185185
2 0.2211779448621554 0.8449074074074074 0.03383458646616541 0.037037037037037035
2 0.4699248120300752 0.8449074074074074 0.03508771929824561 0.037037037037037035
2 0.7274436090225563 0.8449074074074074 0.03383458646616541 0.037037037037037035
0 0.039473684210526314 0.8900462962962963 0.05137844611528822 0.03935185185185185
0 0.5739348370927319 0.8969907407407407 0.13533834586466165 0.04861111111111111
2 0.9367167919799498 0.41203703703703703 0.05137844611528822 0.06481481481481481
2 0.2211779448621554 0.8912037037037037 0.03383458646616541 0.037037037037037035
0 0.3308270676691729 0.8981481481481481 0.13032581453634084 0.041666666666666664
2 0.7274436090225563 0.8912037037037037 0.03383458646616541 0.037037037037037035
0 0.35714285714285715 0.9386574074074074 0.18295739348370926 0.04398148148148148
0 0.05200501253132832 0.9398148148148148 0.07644110275689223 0.046296296296296294
2 0.22180451127819548 0.9375 0.03258145363408521 0.037037037037037035
0 0.8571428571428571 0.9432870370370371 0.13784461152882205 0.04398148148148148
2 0.2236842105263158 0.5231481481481481 0.03634085213032581 0.041666666666666664
2 0.47117794486215536 0.8958333333333334 0.03508771929824561 0.037037037037037035
2 0.4724310776942356 0.9398148148148148 0.03508771929824561 0.037037037037037035
2 0.7274436090225563 0.3368055555555556 0.03383458646616541 0.03935185185185185
2 0.7286967418546366 0.5706018518518519 0.03383458646616541 0.03935185185185185
2 0.7286967418546366 0.7106481481481481 0.03132832080200501 0.037037037037037035
2 0.7286967418546366 0.7569444444444444 0.03132832080200501 0.037037037037037035
2 0.943609022556391 0.9490740740740741 0.03007518796992481 0.037037037037037035
1 0.8790726817042607 0.6053240740740741 0.23934837092731828 0.4513888888888889
1 0.87468671679198 0.9467592592592593 0.17293233082706766 0.046296296296296294
1 0.12468671679197994 0.3368055555555556 0.21929824561403508 0.03935185185185185
1 0.12030075187969924 0.38657407407407407 0.22807017543859648 0.037037037037037035
1 0.12531328320802004 0.4756944444444444 0.22305764411027568 0.03935185185185185
1 0.12531328320802004 0.5254629629629629 0.22556390977443608 0.05092592592592592
1 0.12656641604010024 0.6145833333333334 0.22305764411027568 0.03935185185185185
1 0.12406015037593984 0.6631944444444444 0.22305764411027568 0.03935185185185185
1 0.12656641604010024 0.7094907407407407 0.22305764411027568 0.03935185185185185
1 0.12656641604010024 0.7581018518518519 0.22305764411027568 0.03935185185185185
1 0.12406015037593984 0.8043981481481481 0.22305764411027568 0.03935185185185185
1 0.12656641604010024 0.8460648148148148 0.22305764411027568 0.03935185185185185
1 0.12656641604010024 0.8946759259259259 0.22305764411027568 0.03935185185185185
1 0.12656641604010024 0.9386574074074074 0.22305764411027568 0.03935185185185185
1 0.37468671679197996 0.33912037037037035 0.22305764411027568 0.03935185185185185
1 0.37468671679197996 0.38773148148148145 0.22305764411027568 0.03935185185185185
1 0.37468671679197996 0.4305555555555556 0.22305764411027568 0.046296296296296294
1 0.37844611528822053 0.4791666666666667 0.22055137844611528 0.041666666666666664
1 0.37593984962406013 0.5694444444444444 0.22305764411027568 0.046296296296296294
1 0.37343358395989973 0.6180555555555556 0.22305764411027568 0.046296296296296294
1 0.37593984962406013 0.9375 0.22305764411027568 0.046296296296296294
1 0.37218045112781956 0.6550925925925926 0.22305764411027568 0.046296296296296294
1 0.37343358395989973 0.7037037037037037 0.22305764411027568 0.046296296296296294
1 0.37468671679197996 0.7523148148148148 0.22305764411027568 0.046296296296296294
1 0.37343358395989973 0.7986111111111112 0.22305764411027568 0.046296296296296294
1 0.37468671679197996 0.8449074074074074 0.22305764411027568 0.046296296296296294
1 0.37468671679197996 0.8888888888888888 0.22305764411027568 0.046296296296296294
1 0.6284461152882206 0.33796296296296297 0.23433583959899748 0.05092592592592592
1 0.6309523809523809 0.38425925925925924 0.23433583959899748 0.05092592592592592
1 0.6284461152882206 0.4305555555555556 0.23433583959899748 0.05092592592592592
1 0.6284461152882206 0.47685185185185186 0.23433583959899748 0.05092592592592592
1 0.6309523809523809 0.5231481481481481 0.23433583959899748 0.05092592592592592
1 0.6296992481203008 0.5717592592592593 0.23433583959899748 0.05092592592592592
1 0.6309523809523809 0.6111111111111112 0.23433583959899748 0.05092592592592592
1 0.6309523809523809 0.6597222222222222 0.23433583959899748 0.05092592592592592
1 0.6347117794486216 0.7083333333333334 0.23433583959899748 0.05092592592592592
1 0.6284461152882206 0.7546296296296297 0.23433583959899748 0.05092592592592592
1 0.6278195488721805 0.7974537037037037 0.23558897243107768 0.04398148148148148
1 0.6278195488721805 0.84375 0.23558897243107768 0.04398148148148148
1 0.6259398496240601 0.8969907407407407 0.24185463659147868 0.04398148148148148
