0 0.18333333333333332 0.35308343409915355 0.35 0.020556227327690448
2 0.4287037037037037 0.37091898428053205 0.06296296296296296 0.017533252720677146
0 0.662962962962963 0.4277509068923821 0.30925925925925923 0.02962515114873035
0 0.1865740740740741 0.42563482466747277 0.35648148148148145 0.019347037484885126
2 0.9351851851851852 0.42714631197097946 0.05925925925925926 0.017533252720677146
2 0.4287037037037037 0.44286577992744863 0.06296296296296296 0.017533252720677146
0 0.6222222222222222 0.49365175332527206 0.22407407407407406 0.028415961305925032
2 0.9342592592592592 0.4948609431680774 0.06111111111111111 0.017533252720677146
0 0.1884259259259259 0.4969770253929867 0.3638888888888889 0.019347037484885126
2 0.4287037037037037 0.5136033857315598 0.06296296296296296 0.017533252720677146
0 0.6550925925925926 0.5601571946795647 0.287962962962963 0.02720677146311971
2 0.9351851851851852 0.5607617896009673 0.05925925925925926 0.017533252720677146
0 0.06759259259259259 0.5692261185006046 0.11851851851851852 0.01995163240628779
2 0.42962962962962964 0.5710399032648126 0.06111111111111111 0.018742442563482467
0 0.09861111111111111 0.6109431680773881 0.1824074074074074 0.028415961305925032
2 0.42962962962962964 0.6142684401451027 0.06111111111111111 0.019347037484885126
0 0.6689814814814815 0.6314993954050786 0.31574074074074077 0.022370012091898428
2 0.9351851851851852 0.6314993954050786 0.05925925925925926 0.017533252720677146
0 0.06388888888888888 0.6532648125755743 0.11296296296296296 0.02599758162031439
2 0.42962962962962964 0.655683192261185 0.06111111111111111 0.018742442563482467
0 0.1527777777777778 0.6937726723095526 0.3037037037037037 0.022370012091898428
0 0.6592592592592592 0.7043530834340992 0.2962962962962963 0.022974607013301087
2 0.9351851851851852 0.7046553808948005 0.05925925925925926 0.017533252720677146
2 0.4287037037037037 0.7125151148730351 0.06296296296296296 0.017533252720677146
0 0.15694444444444444 0.7642079806529625 0.30648148148148147 0.022974607013301087
0 0.6472222222222223 0.7769044740024184 0.25555555555555554 0.02418379685610641
2 0.9342592592592592 0.7759975816203144 0.06111111111111111 0.017533252720677146
2 0.42962962962962964 0.783857315598549 0.06111111111111111 0.017533252720677146
1 0.23425925925925925 0.3715235792019347 0.45555555555555555 0.06106408706166868
1 0.2324074074074074 0.43802902055622733 0.46296296296296297 0.0562273276904474
1 0.2351851851851852 0.5139056831922612 0.46296296296296297 0.05199516324062878
1 0.23657407407407408 0.7113059250302297 0.4638888888888889 0.0562273276904474
1 0.23657407407407408 0.7826481257557436 0.4638888888888889 0.0562273276904474
1 0.2337962962962963 0.5701330108827086 0.46574074074074073 0.030229746070133012
1 0.24351851851851852 0.6109431680773881 0.4666666666666667 0.03083434099153567
1 0.23981481481481481 0.6571946795646917 0.4666666666666667 0.030229746070133012
1 0.7388888888888889 0.42926239419588874 0.4666666666666667 0.030229746070133012
1 0.7425925925925926 0.49334945586457074 0.4666666666666667 0.030229746070133012
1 0.7388888888888889 0.562273276904474 0.4666666666666667 0.030229746070133012
1 0.7407407407407407 0.628174123337364 0.4666666666666667 0.030229746070133012
1 0.7388888888888889 0.7025392986698912 0.4666666666666667 0.030229746070133012
1 0.7518518518518519 0.7744860943168077 0.4666666666666667 0.030229746070133012
0 0.08287037037037037 0.7947400241837969 0.15833333333333333 0.022370012091898428
0 0.08935185185185185 0.7258162031438936 0.1712962962962963 0.02599758162031439
0 0.0912037037037037 0.527509068923821 0.1712962962962963 0.02599758162031439
0 0.04027777777777778 0.4540507859733978 0.07685185185185185 0.022974607013301087
0 0.09212962962962963 0.3848246674727932 0.17314814814814813 0.02599758162031439
