0 0.056338028169014086 0.1815126050420168 0.08066581306017925 0.030252100840336135
0 0.4439820742637644 0.18571428571428572 0.06978233034571063 0.02857142857142857
0 0.6261203585147247 0.17899159663865546 0.04353393085787452 0.02857142857142857
0 0.8402688860435339 0.17899159663865546 0.06850192061459667 0.02857142857142857
2 0.5073623559539052 0.18319327731092436 0.013444302176696543 0.02689075630252101
2 0.6959026888604354 0.18487394957983194 0.012804097311139564 0.023529411764705882
2 0.9087708066581306 0.18235294117647058 0.012163892445582587 0.021848739495798318
0 0.25480153649167736 0.20336134453781513 0.08066581306017925 0.05042016806722689
2 0.3034571062740077 0.36134453781512604 0.016645326504481434 0.023529411764705882
0 0.06113956466069142 0.22100840336134453 0.08770806658130602 0.02857142857142857
0 0.4321382842509603 0.21932773109243697 0.05121638924455826 0.031932773109243695
0 0.6392445582586428 0.2218487394957983 0.06722151088348272 0.02689075630252101
0 0.839628681177977 0.21932773109243697 0.06722151088348272 0.031932773109243695
2 0.13284250960307298 0.22100840336134453 0.012163892445582587 0.021848739495798318
2 0.9087708066581306 0.22268907563025211 0.012163892445582587 0.025210084033613446
0 0.2519206145966709 0.2529411764705882 0.07490396927016646 0.031932773109243695
0 0.05985915492957746 0.25630252100840334 0.08770806658130602 0.031932773109243695
2 0.13284250960307298 0.25630252100840334 0.012163892445582587 0.025210084033613446
0 0.4231754161331626 0.25630252100840334 0.030729833546734954 0.025210084033613446
0 0.6424455825864277 0.25630252100840334 0.0736235595390525 0.031932773109243695
0 0.8399487836107554 0.25798319327731095 0.06402048655569782 0.02857142857142857
2 0.9087708066581306 0.25798319327731095 0.012163892445582587 0.021848739495798318
0 0.25416133162612037 0.28991596638655465 0.0793854033290653 0.02857142857142857
0 0.45102432778489115 0.292436974789916 0.08898847631241998 0.030252100840336135
0 0.05537772087067862 0.292436974789916 0.07874519846350832 0.03697478991596639
2 0.13284250960307298 0.29411764705882354 0.012163892445582587 0.02689075630252101
2 0.5252880921895007 0.292436974789916 0.01088348271446863 0.023529411764705882
0 0.631562099871959 0.29411764705882354 0.051856594110115235 0.02689075630252101
0 0.24743918053777209 0.32521008403361346 0.0646606914212548 0.025210084033613446
0 0.24551856594110116 0.3588235294117647 0.06081946222791293 0.025210084033613446
0 0.24935979513444304 0.39663865546218485 0.06850192061459667 0.02689075630252101
2 0.3146606914212548 0.3907563025210084 0.01088348271446863 0.021848739495798318
0 0.8367477592829705 0.4865546218487395 0.05761843790012804 0.02857142857142857
0 0.056017925736235596 0.492436974789916 0.08258642765685019 0.03697478991596639
2 0.9030089628681178 0.4899159663865546 0.01088348271446863 0.021848739495798318
2 0.1290012804097311 0.49411764705882355 0.009603072983354673 0.023529411764705882
0 0.8351472471190781 0.5252100840336135 0.05825864276568502 0.02857142857142857
0 0.05761843790012804 0.5319327731092437 0.08322663252240717 0.02857142857142857
2 0.12836107554417414 0.5285714285714286 0.013444302176696543 0.02857142857142857
2 0.9030089628681178 0.5285714285714286 0.01088348271446863 0.021848739495798318
0 0.6398847631241997 0.5470588235294118 0.06594110115236876 0.031932773109243695
2 0.7083866837387964 0.5436974789915966 0.012163892445582587 0.021848739495798318
0 0.23623559539052497 0.5521008403361345 0.04481434058898848 0.02857142857142857
2 0.1290012804097311 0.5672268907563025 0.009603072983354673 0.025210084033613446
0 0.8373879641485276 0.5621848739495798 0.06274007682458387 0.031932773109243695
2 0.9023687580025608 0.5638655462184874 0.012163892445582587 0.025210084033613446
0 0.0528169014084507 0.5672268907563025 0.0761843790012804 0.031932773109243695
0 0.6405249679897568 0.5823529411764706 0.06722151088348272 0.02857142857142857
0 0.4500640204865557 0.5957983193277311 0.08194622279129321 0.05546218487394958
2 0.7083866837387964 0.5823529411764706 0.012163892445582587 0.021848739495798318
0 0.24935979513444304 0.5882352941176471 0.07106274007682459 0.040336134453781515
2 0.512483994878361 0.6033613445378151 0.01088348271446863 0.023529411764705882
0 0.06049935979513444 0.6050420168067226 0.09154929577464789 0.03361344537815126
2 0.12836107554417414 0.6033613445378151 0.013444302176696543 0.030252100840336135
0 0.6501280409731114 0.6201680672268908 0.08642765685019206 0.030252100840336135
2 0.9030089628681178 0.619327731092437 0.01088348271446863 0.025210084033613446
0 0.24679897567221512 0.6277310924369748 0.06338028169014084 0.02857142857142857
0 0.8367477592829705 0.6159663865546219 0.058898847631242 0.052100840336134456
0 0.05793854033290653 0.6420168067226891 0.08642765685019206 0.03697478991596639
2 0.1290012804097311 0.6378151260504201 0.012163892445582587 0.031932773109243695
0 0.6405249679897568 0.6563025210084034 0.06978233034571063 0.031932773109243695
2 0.7083866837387964 0.6563025210084034 0.012163892445582587 0.025210084033613446
0 0.4551856594110115 0.6739495798319328 0.08962868117797695 0.047058823529411764
2 0.9030089628681178 0.6596638655462185 0.01088348271446863 0.025210084033613446
0 0.2567221510883483 0.6663865546218487 0.08322663252240717 0.03865546218487395
0 0.837067861715749 0.6630252100840336 0.06209987195902689 0.031932773109243695
0 0.051536491677336746 0.6789915966386555 0.07106274007682459 0.030252100840336135
2 0.1290012804097311 0.6747899159663866 0.012163892445582587 0.02857142857142857
2 0.5121638924455826 0.6781512605042017 0.011523687580025609 0.025210084033613446
0 0.23175416133162613 0.7008403361344537 0.03329065300896287 0.030252100840336135
0 0.23751600512163892 0.738655462184874 0.04481434058898848 0.025210084033613446
2 0.12387964148527529 0.18235294117647058 0.013444302176696543 0.025210084033613446
1 0.08162612035851473 0.17899159663865546 0.13252240717029448 0.02857142857142857
1 0.07842509603072984 0.22100840336134453 0.12483994878361075 0.031932773109243695
1 0.07714468629961588 0.25630252100840334 0.12483994878361075 0.031932773109243695
1 0.07554417413572344 0.4907563025210084 0.12163892445582586 0.03361344537815126
1 0.07586427656850192 0.28991596638655465 0.12483994878361075 0.031932773109243695
1 0.07394366197183098 0.5302521008403361 0.11843790012804098 0.031932773109243695
1 0.073303457106274 0.5680672268907563 0.12227912932138284 0.03361344537815126
1 0.07394366197183098 0.6050420168067226 0.12227912932138284 0.03361344537815126
1 0.07458386683738796 0.6403361344537815 0.12227912932138284 0.03361344537815126
1 0.07458386683738796 0.6773109243697479 0.12227912932138284 0.03361344537815126
2 0.3024967989756722 0.2092436974789916 0.0147247119078105 0.018487394957983194
2 0.30185659411011523 0.2529411764705882 0.017285531370038413 0.021848739495798318
2 0.3028169014084507 0.2865546218487395 0.014084507042253521 0.02857142857142857
2 0.3024967989756722 0.3226890756302521 0.013444302176696543 0.02689075630252101
2 0.3120998719590269 0.5546218487394958 0.009603072983354673 0.02689075630252101
2 0.3117797695262484 0.5915966386554622 0.008962868117797696 0.02689075630252101
2 0.3111395646606914 0.6277310924369748 0.0076824583866837385 0.021848739495798318
2 0.3114596670934699 0.6621848739495798 0.008322663252240717 0.023529411764705882
2 0.3120998719590269 0.7016806722689075 0.008322663252240717 0.025210084033613446
2 0.3120998719590269 0.738655462184874 0.008322663252240717 0.025210084033613446
1 0.27304737516005123 0.20168067226890757 0.11843790012804098 0.05378151260504202
1 0.2740076824583867 0.2529411764705882 0.1203585147247119 0.031932773109243695
1 0.26696542893725994 0.3941176470588235 0.1088348271446863 0.03529411764705882
1 0.26568501920614596 0.5512605042016807 0.10499359795134443 0.040336134453781515
1 0.26568501920614596 0.5899159663865546 0.10499359795134443 0.040336134453781515
1 0.26504481434058896 0.6252100840336134 0.10499359795134443 0.040336134453781515
1 0.264404609475032 0.6605042016806723 0.10499359795134443 0.040336134453781515
1 0.26568501920614596 0.6991596638655462 0.10499359795134443 0.040336134453781515
1 0.26504481434058896 0.7394957983193278 0.10499359795134443 0.040336134453781515
2 0.5057618437900128 0.2184873949579832 0.011523687580025609 0.023529411764705882
2 0.5243277848911652 0.25546218487394956 0.012804097311139564 0.023529411764705882
2 0.469910371318822 0.18487394957983194 0.12163892445582586 0.02689075630252101
2 0.469270166453265 0.22016806722689075 0.12163892445582586 0.02689075630252101
2 0.4686299615877081 0.25882352941176473 0.12163892445582586 0.02689075630252101
2 0.4686299615877081 0.2957983193277311 0.12163892445582586 0.02689075630252101
2 0.4638284250960307 0.5974789915966386 0.10819462227912932 0.058823529411764705
2 0.4647887323943662 0.6773109243697479 0.10755441741357234 0.05042016806722689
2 0.6962227912932138 0.22100840336134453 0.013444302176696543 0.021848739495798318
2 0.6978233034571063 0.25546218487394956 0.012804097311139564 0.023529411764705882
2 0.6968629961587708 0.292436974789916 0.01088348271446863 0.023529411764705882
2 0.7083866837387964 0.619327731092437 0.013444302176696543 0.018487394957983194
1 0.6642125480153649 0.22016806722689075 0.11715749039692702 0.02689075630252101
1 0.663572343149808 0.17983193277310924 0.12099871959026888 0.03361344537815126
1 0.6648527528809219 0.2957983193277311 0.11715749039692702 0.02689075630252101
1 0.6642125480153649 0.25546218487394956 0.11715749039692702 0.02689075630252101
1 0.6619718309859155 0.5462184873949579 0.11011523687580026 0.02689075630252101
1 0.6613316261203586 0.5831932773109244 0.11011523687580026 0.02689075630252101
1 0.6626120358514724 0.6201680672268908 0.11011523687580026 0.02689075630252101
1 0.6613316261203586 0.6554621848739496 0.11011523687580026 0.02689075630252101
1 0.8597951344430218 0.18403361344537816 0.11011523687580026 0.031932773109243695
1 0.8617157490396927 0.21764705882352942 0.11011523687580026 0.031932773109243695
1 0.8610755441741357 0.2546218487394958 0.11011523687580026 0.031932773109243695
1 0.8575544174135723 0.4890756302521008 0.10179257362355953 0.03361344537815126
1 0.8581946222791293 0.5294117647058824 0.10179257362355953 0.03361344537815126
1 0.8588348271446863 0.5663865546218487 0.10179257362355953 0.03361344537815126
1 0.8575544174135723 0.6621848739495798 0.10179257362355953 0.03361344537815126
1 0.8588348271446863 0.6151260504201681 0.10179257362355953 0.05378151260504202
2 0.14052496798975672 0.18067226890756302 0.013444302176696543 0.025210084033613446
2 0.32426376440460947 0.2092436974789916 0.0147247119078105 0.018487394957983194
2 0.323943661971831 0.2495798319327731 0.016645326504481434 0.025210084033613446
2 0.324583866837388 0.28823529411764703 0.014084507042253521 0.02857142857142857
2 0.3258642765685019 0.32184873949579834 0.014084507042253521 0.02857142857142857
2 0.32522407170294493 0.35714285714285715 0.014084507042253521 0.02857142857142857
1 0.27304737516005123 0.28823529411764703 0.11587708066581306 0.031932773109243695
1 0.27368758002560817 0.32184873949579834 0.11843790012804098 0.031932773109243695
1 0.27304737516005123 0.3554621848739496 0.11843790012804098 0.031932773109243695
2 0.5070422535211268 0.25798319327731095 0.014084507042253521 0.021848739495798318
2 0.5227272727272727 0.18319327731092436 0.013444302176696543 0.02689075630252101
2 0.5246478873239436 0.22016806722689075 0.013444302176696543 0.02689075630252101
2 0.7176696542893726 0.2907563025210084 0.014084507042253521 0.02689075630252101
2 0.7170294494238156 0.25546218487394956 0.012804097311139564 0.023529411764705882
2 0.7167093469910372 0.18319327731092436 0.016005121638924456 0.023529411764705882
2 0.7160691421254801 0.21932773109243697 0.013444302176696543 0.021848739495798318
