2 0.6741666666666667 0.219375 0.09833333333333333 0.02375
0 0.3 0.21625 0.4533333333333333 0.03
2 0.675 0.30375 0.09666666666666666 0.025
0 0.25333333333333335 0.3025 0.36 0.035
2 0.6733333333333333 0.388125 0.09666666666666666 0.02375
0 0.24666666666666667 0.38625 0.3466666666666667 0.035
2 0.6733333333333333 0.47125 0.09666666666666666 0.0225
0 0.21583333333333332 0.47 0.285 0.035
2 0.6733333333333333 0.553125 0.1 0.02375
0 0.23083333333333333 0.549375 0.315 0.03125
0 0.4841666666666667 0.689375 0.30833333333333335 0.03625
2 0.37916666666666665 0.74875 0.095 0.025
0 0.5158333333333334 0.825 0.375 0.0375
2 0.37666666666666665 0.884375 0.09666666666666666 0.02375
0 0.5283333333333333 0.963125 0.4 0.03625