0 0.17125 0.22068355922215674 0.25416666666666665 0.031231585150265175
0 0.87375 0.22009428403064232 0.15916666666666668 0.02769593400117855
0 0.20166666666666666 0.25397760754272247 0.31333333333333335 0.02828520919269299
0 0.89375 0.25397760754272247 0.1225 0.02828520919269299
0 0.17125 0.2878609310548026 0.2525 0.02769593400117855
0 0.8708333333333333 0.2878609310548026 0.165 0.02769593400117855
0 0.20333333333333334 0.3202710665880966 0.315 0.02769593400117855
0 0.89375 0.3202710665880966 0.1225 0.02769593400117855
0 0.17708333333333334 0.3535651149086623 0.26416666666666666 0.02946375957572186
0 0.8629166666666667 0.3541543901001768 0.18583333333333332 0.030642309958750738
0 0.84875 0.47672362993517975 0.20916666666666667 0.02828520919269299
0 0.16958333333333334 0.47819681791396584 0.2275 0.025338833235120803
0 0.8579166666666667 0.5091337654684738 0.19083333333333333 0.02828520919269299
0 0.12541666666666668 0.5106069534472599 0.13583333333333333 0.025338833235120803
0 0.85875 0.5424278137890395 0.1925 0.028874484384207425
0 0.13083333333333333 0.5441956393635828 0.15333333333333332 0.025338833235120803
0 0.8379166666666666 0.575427224513848 0.23083333333333333 0.02769593400117855
0 0.12708333333333333 0.5766057748968768 0.14583333333333334 0.025338833235120803
0 0.81125 0.6087212728344137 0.2841666666666667 0.02946375957572186
0 0.12916666666666668 0.6107837360047143 0.14666666666666667 0.025338833235120803
0 0.82875 0.6420153211549794 0.25416666666666665 0.031231585150265175
0 0.13833333333333334 0.6431938715380082 0.16833333333333333 0.025338833235120803
0 0.8716666666666667 0.6764879198585739 0.16666666666666666 0.027106658809664112
0 0.11958333333333333 0.6773718326458457 0.1275 0.025338833235120803
0 0.8841666666666667 0.7902180318208604 0.14 0.030642309958750738
0 0.14375 0.791101944608132 0.17916666666666667 0.028874484384207425
0 0.87625 0.8217442545668827 0.1575 0.02769593400117855
0 0.14375 0.8243959929286977 0.17916666666666667 0.02828520919269299
0 0.8395833333333333 0.8550383028874484 0.2275 0.02946375957572186
0 0.13541666666666666 0.8573954036535062 0.1625 0.02946375957572186
0 0.1675 0.8903948143783147 0.22833333333333333 0.03182086034177961
0 0.8325 0.8895109015910431 0.24166666666666667 0.02769593400117855
0 0.8541666666666666 0.921921037124337 0.20166666666666666 0.02769593400117855
0 0.15166666666666667 0.924572775486152 0.19666666666666666 0.02828520919269299
0 0.87125 0.9563936358279317 0.16916666666666666 0.02946375957572186
0 0.15125 0.9575721862109605 0.19416666666666665 0.02946375957572186
