0 0.018333333333333333 0.09333333333333334 0.03333333333333333 0.13333333333333333
2 0.9408333333333333 0.2288888888888889 0.041666666666666664 0.035555555555555556
0 0.6225 0.22555555555555556 0.20833333333333334 0.042222222222222223
2 0.4191666666666667 0.23222222222222222 0.03833333333333333 0.03777777777777778
0 0.14083333333333334 0.23222222222222222 0.11833333333333333 0.042222222222222223
2 0.9425 0.27666666666666667 0.03833333333333333 0.03333333333333333
0 0.5825 0.2777777777777778 0.12166666666666667 0.04
0 0.16666666666666666 0.28444444444444444 0.17333333333333334 0.04
2 0.41833333333333333 0.28444444444444444 0.04 0.035555555555555556
2 0.9425 0.32222222222222224 0.03833333333333333 0.035555555555555556
0 0.6025 0.3288888888888889 0.165 0.04
0 0.1775 0.33444444444444443 0.19166666666666668 0.051111111111111114
2 0.42 0.3333333333333333 0.04 0.03111111111111111
2 0.9416666666666667 0.37777777777777777 0.03666666666666667 0.03111111111111111
0 0.6075 0.38333333333333336 0.175 0.051111111111111114
0 0.205 0.3788888888888889 0.25 0.03777777777777778
2 0.4216666666666667 0.3844444444444444 0.03666666666666667 0.035555555555555556
2 0.9433333333333334 0.4222222222222222 0.03666666666666667 0.035555555555555556
0 0.67 0.43333333333333335 0.3 0.05333333333333334
0 0.18583333333333332 0.4288888888888889 0.20166666666666666 0.044444444444444446
2 0.4175 0.43333333333333335 0.03833333333333333 0.03111111111111111
2 0.9433333333333334 0.4766666666666667 0.04 0.03333333333333333
0 0.6841666666666667 0.4822222222222222 0.31166666666666665 0.05333333333333334
0 0.14833333333333334 0.4855555555555556 0.12666666666666668 0.051111111111111114
2 0.41833333333333333 0.48444444444444446 0.03666666666666667 0.03111111111111111
2 0.9425 0.5255555555555556 0.03833333333333333 0.03333333333333333
0 0.6858333333333333 0.5244444444444445 0.325 0.04888888888888889
0 0.20333333333333334 0.5322222222222223 0.23666666666666666 0.05555555555555555
2 0.42 0.5344444444444445 0.04 0.03333333333333333
2 0.9425 0.5733333333333334 0.035 0.03111111111111111
0 0.6508333333333334 0.5833333333333334 0.24833333333333332 0.05555555555555555
2 0.42 0.5833333333333334 0.04 0.03333333333333333
0 0.175 0.5822222222222222 0.17666666666666667 0.05333333333333334
2 0.9433333333333334 0.6222222222222222 0.03666666666666667 0.035555555555555556
0 0.6 0.6266666666666667 0.14666666666666667 0.044444444444444446
0 0.19666666666666666 0.64 0.22 0.05333333333333334
2 0.42083333333333334 0.6333333333333333 0.03833333333333333 0.035555555555555556
2 0.9425 0.6744444444444444 0.03833333333333333 0.03333333333333333
0 0.6 0.6755555555555556 0.14666666666666667 0.044444444444444446
0 0.17333333333333334 0.6866666666666666 0.17333333333333334 0.044444444444444446
2 0.42083333333333334 0.6844444444444444 0.03833333333333333 0.035555555555555556
2 0.9425 0.7255555555555555 0.03833333333333333 0.03333333333333333
0 0.6016666666666667 0.7266666666666667 0.15 0.04888888888888889
0 0.205 0.7311111111111112 0.23666666666666666 0.04
2 0.4216666666666667 0.7344444444444445 0.04 0.03333333333333333
2 0.9416666666666667 0.7744444444444445 0.03666666666666667 0.03333333333333333
0 0.6108333333333333 0.7822222222222223 0.165 0.057777777777777775
0 0.21 0.7833333333333333 0.24333333333333335 0.04666666666666667
2 0.42333333333333334 0.7844444444444445 0.03666666666666667 0.035555555555555556
2 0.945 0.8244444444444444 0.04 0.035555555555555556
0 0.6041666666666666 0.8266666666666667 0.15166666666666667 0.04
2 0.42333333333333334 0.8322222222222222 0.03666666666666667 0.03333333333333333
0 0.14333333333333334 0.8255555555555556 0.10666666666666667 0.04666666666666667
2 0.9416666666666667 0.8755555555555555 0.04 0.035555555555555556
0 0.6041666666666666 0.8766666666666667 0.15166666666666667 0.042222222222222223
0 0.21916666666666668 0.8844444444444445 0.26166666666666666 0.04
2 0.42083333333333334 0.8822222222222222 0.03833333333333333 0.03111111111111111
0 0.6708333333333333 0.9311111111111111 0.2916666666666667 0.04888888888888889
0 0.15583333333333332 0.9344444444444444 0.145 0.051111111111111114
2 0.42 0.9322222222222222 0.03666666666666667 0.03333333333333333
1 0.26166666666666666 0.2311111111111111 0.36 0.044444444444444446
1 0.2633333333333333 0.2822222222222222 0.36 0.044444444444444446
1 0.26166666666666666 0.3333333333333333 0.36 0.044444444444444446
1 0.265 0.38222222222222224 0.36 0.044444444444444446
1 0.2633333333333333 0.4311111111111111 0.36 0.044444444444444446
1 0.2625 0.48 0.3516666666666667 0.04
1 0.26416666666666666 0.5333333333333333 0.3516666666666667 0.044444444444444446
1 0.2633333333333333 0.58 0.35333333333333333 0.044444444444444446
1 0.26166666666666666 0.6311111111111111 0.35333333333333333 0.044444444444444446
1 0.2633333333333333 0.68 0.35333333333333333 0.044444444444444446
1 0.26166666666666666 0.7311111111111112 0.35333333333333333 0.044444444444444446
1 0.2633333333333333 0.7777777777777778 0.35333333333333333 0.044444444444444446
1 0.26666666666666666 0.8288888888888889 0.35333333333333333 0.044444444444444446
1 0.2633333333333333 0.8822222222222222 0.35333333333333333 0.044444444444444446
1 0.26166666666666666 0.9311111111111111 0.35333333333333333 0.044444444444444446
1 0.7391666666666666 0.22666666666666666 0.44166666666666665 0.044444444444444446
1 0.7408333333333333 0.2777777777777778 0.44166666666666665 0.044444444444444446
1 0.7408333333333333 0.3244444444444444 0.44166666666666665 0.044444444444444446
1 0.7408333333333333 0.38222222222222224 0.44166666666666665 0.044444444444444446
1 0.7408333333333333 0.4311111111111111 0.44166666666666665 0.044444444444444446
1 0.7458333333333333 0.47555555555555556 0.44166666666666665 0.044444444444444446
1 0.7508333333333334 0.7266666666666667 0.44166666666666665 0.044444444444444446
1 0.7408333333333333 0.5222222222222223 0.44166666666666665 0.044444444444444446
1 0.7433333333333333 0.5777777777777777 0.44 0.05333333333333334
1 0.7458333333333333 0.6222222222222222 0.44166666666666665 0.044444444444444446
1 0.7441666666666666 0.6711111111111111 0.44166666666666665 0.044444444444444446
1 0.7491666666666666 0.78 0.44166666666666665 0.044444444444444446
1 0.7491666666666666 0.8288888888888889 0.44166666666666665 0.044444444444444446
1 0.7491666666666666 0.88 0.44166666666666665 0.044444444444444446
