0 0.13230769230769232 0.22383073496659242 0.18769230769230769 0.042316258351893093
2 0.3792307692307692 0.23273942093541203 0.17384615384615384 0.0467706013363029
0 0.7023076923076923 0.22828507795100222 0.33384615384615385 0.0556792873051225
2 0.6223076923076923 0.28396436525612473 0.17384615384615384 0.0467706013363029
0 0.6246153846153846 0.3841870824053452 0.18153846153846154 0.0467706013363029
2 0.62 0.4443207126948775 0.1723076923076923 0.0467706013363029
2 0.8776923076923077 0.5055679287305123 0.17076923076923076 0.044543429844097995
0 0.6438461538461538 0.5044543429844098 0.2169230769230769 0.0334075723830735
2 0.8776923076923077 0.5657015590200446 0.17076923076923076 0.044543429844097995
0 0.6430769230769231 0.566815144766147 0.2153846153846154 0.0334075723830735
0 0.23307692307692307 0.5935412026726058 0.13384615384615384 0.042316258351893093
2 0.8776923076923077 0.621380846325167 0.17076923076923076 0.044543429844097995
0 0.6369230769230769 0.623608017817372 0.20307692307692307 0.035634743875278395
0 0.23615384615384616 0.6358574610244989 0.14 0.042316258351893093
2 0.8761538461538462 0.6804008908685969 0.17384615384615384 0.0467706013363029
0 0.22538461538461538 0.6770601336302895 0.11846153846153847 0.035634743875278395
2 0.39 0.6759465478841871 0.14615384615384616 0.0378619153674833
0 0.6353846153846154 0.6804008908685969 0.2 0.042316258351893093
0 0.18153846153846154 0.8463251670378619 0.08923076923076922 0.026726057906458798
0 0.31 0.8474387527839644 0.11846153846153847 0.0334075723830735
0 0.5692307692307692 0.8697104677060133 0.08923076923076922 0.028953229398663696
0 0.7876923076923077 0.8685968819599109 0.08307692307692308 0.035634743875278395
0 0.18076923076923077 0.8775055679287305 0.09076923076923077 0.035634743875278395
0 0.31 0.8819599109131403 0.11846153846153847 0.031180400890868598
0 0.7892307692307692 0.8986636971046771 0.08923076923076922 0.028953229398663696
2 0.6792307692307692 0.8674832962138085 0.10615384615384615 0.0334075723830735
0 0.5576923076923077 0.8975501113585747 0.06 0.026726057906458798
0 0.16538461538461538 0.9131403118040089 0.06 0.0400890868596882
0 0.3161538461538462 0.9187082405345212 0.10615384615384615 0.0334075723830735
0 0.8 0.933184855233853 0.1076923076923077 0.026726057906458798
0 0.5423076923076923 0.9298440979955457 0.02923076923076923 0.028953229398663696
2 0.92 0.9276169265033407 0.09846153846153846 0.0334075723830735
2 0.6776923076923077 0.8942093541202673 0.10615384615384615 0.0334075723830735
2 0.6776923076923077 0.923162583518931 0.10615384615384615 0.0334075723830735
2 0.91 0.8630289532293987 0.10615384615384615 0.0334075723830735
2 0.9146153846153846 0.8942093541202673 0.10615384615384615 0.0334075723830735
2 0.3930769230769231 0.6380846325167038 0.14615384615384616 0.0378619153674833
2 0.3930769230769231 0.5957683741648107 0.14615384615384616 0.0378619153674833
1 0.25384615384615383 0.3151447661469933 0.4276923076923077 0.22048997772828507
1 0.3153846153846154 0.5957683741648107 0.30153846153846153 0.0378619153674833
1 0.31846153846153846 0.6358574610244989 0.30153846153846153 0.0378619153674833
1 0.3153846153846154 0.6804008908685969 0.30153846153846153 0.0378619153674833
1 0.7484615384615385 0.5066815144766147 0.42615384615384616 0.0378619153674833
1 0.75 0.566815144766147 0.42615384615384616 0.0378619153674833
1 0.75 0.6224944320712695 0.42615384615384616 0.0378619153674833
1 0.75 0.678173719376392 0.42615384615384616 0.0378619153674833
1 0.7015384615384616 0.25278396436525613 0.3353846153846154 0.10467706013363029
1 0.25384615384615383 0.8452115812917594 0.2276923076923077 0.028953229398663696
1 0.2523076923076923 0.8808463251670379 0.2276923076923077 0.028953229398663696
1 0.2523076923076923 0.9175946547884187 0.2276923076923077 0.035634743875278395
1 0.6276923076923077 0.8674832962138085 0.2123076923076923 0.0378619153674833
1 0.6276923076923077 0.8986636971046771 0.2123076923076923 0.0378619153674833
1 0.6292307692307693 0.9320712694877505 0.2123076923076923 0.0378619153674833
1 0.8561538461538462 0.8663697104677061 0.22 0.031180400890868598
1 0.8561538461538462 0.8975501113585747 0.22 0.031180400890868598
1 0.8546153846153847 0.9309576837416481 0.22 0.031180400890868598
0 0.11615384615384615 0.26057906458797325 0.0876923076923077 0.031180400890868598
0 0.13307692307692306 0.4064587973273942 0.11846153846153847 0.0334075723830735
0 0.11923076923076924 0.2984409799554566 0.0876923076923077 0.031180400890868598
0 0.11923076923076924 0.33407572383073497 0.0876923076923077 0.031180400890868598
0 0.11923076923076924 0.36971046770601335 0.0876923076923077 0.031180400890868598
1 0.6230769230769231 0.4131403118040089 0.18153846153846154 0.1091314031180401
