0 0.602054794520548 0.13372093023255813 0.11643835616438356 0.1937984496124031
0 0.7801369863013699 0.09302325581395349 0.08356164383561644 0.031007751937984496
2 0.9691780821917808 0.09786821705426356 0.023287671232876714 0.029069767441860465
0 0.3404109589041096 0.12596899224806202 0.1273972602739726 0.046511627906976744
2 0.49794520547945204 0.12693798449612403 0.023287671232876714 0.03294573643410853
0 0.7773972602739726 0.13372093023255813 0.07808219178082192 0.031007751937984496
2 0.9678082191780822 0.13953488372093023 0.02054794520547945 0.031007751937984496
0 0.3273972602739726 0.18023255813953487 0.10136986301369863 0.050387596899224806
0 0.7623287671232877 0.17344961240310078 0.04794520547945205 0.03294573643410853
2 0.4986301369863014 0.1821705426356589 0.024657534246575342 0.03875968992248062
2 0.9691780821917808 0.17829457364341086 0.023287671232876714 0.031007751937984496
0 0.07534246575342465 0.19089147286821706 0.11506849315068493 0.044573643410852716
2 0.23356164383561645 0.187984496124031 0.026027397260273973 0.03488372093023256
0 0.33287671232876714 0.23062015503875968 0.11232876712328767 0.046511627906976744
2 0.5006849315068493 0.23062015503875968 0.023287671232876714 0.03488372093023256
0 0.11712328767123288 0.24127906976744187 0.19863013698630136 0.040697674418604654
0 0.7890410958904109 0.25193798449612403 0.10136986301369863 0.03488372093023256
2 0.9691780821917808 0.2558139534883721 0.023287671232876714 0.031007751937984496
0 0.3643835616438356 0.2800387596899225 0.17534246575342466 0.044573643410852716
2 0.5 0.28391472868217055 0.024657534246575342 0.03682170542635659
0 0.08150684931506849 0.29069767441860467 0.1273972602739726 0.03875968992248062
2 0.23356164383561645 0.2916666666666667 0.026027397260273973 0.03682170542635659
0 0.7993150684931507 0.29651162790697677 0.12191780821917808 0.03488372093023256
2 0.9657534246575342 0.29651162790697677 0.021917808219178082 0.031007751937984496
0 0.6136986301369863 0.3546511627906977 0.13424657534246576 0.1124031007751938
0 0.3780821917808219 0.3323643410852713 0.2 0.04844961240310078
0 0.8123287671232877 0.3333333333333333 0.1506849315068493 0.03875968992248062
2 0.9664383561643836 0.3333333333333333 0.023287671232876714 0.031007751937984496
0 0.8178082191780822 0.37209302325581395 0.15616438356164383 0.03875968992248062
0 0.3232876712328767 0.3817829457364341 0.09315068493150686 0.05426356589147287
2 0.9664383561643836 0.374031007751938 0.023287671232876714 0.03488372093023256
2 0.49931506849315066 0.3856589147286822 0.026027397260273973 0.03875968992248062
0 0.1 0.39244186046511625 0.1643835616438356 0.044573643410852716
2 0.2363013698630137 0.39244186046511625 0.031506849315068496 0.03682170542635659
0 0.8136986301369863 0.41375968992248063 0.14794520547945206 0.040697674418604654
2 0.9664383561643836 0.4118217054263566 0.023287671232876714 0.03294573643410853
0 0.3273972602739726 0.43507751937984496 0.10136986301369863 0.044573643410852716
2 0.49931506849315066 0.43507751937984496 0.026027397260273973 0.03682170542635659
0 0.06780821917808219 0.4428294573643411 0.1 0.03682170542635659
2 0.23767123287671232 0.4476744186046512 0.03424657534246575 0.03875968992248062
0 0.6013698630136987 0.4806201550387597 0.1095890410958904 0.09302325581395349
0 0.8054794520547945 0.45058139534883723 0.13424657534246576 0.03294573643410853
2 0.9678082191780822 0.45348837209302323 0.02054794520547945 0.027131782945736434
0 0.33424657534246577 0.4874031007751938 0.11506849315068493 0.040697674418604654
0 0.5 0.4893410852713178 0.024657534246575342 0.03682170542635659
0 0.0773972602739726 0.49612403100775193 0.12191780821917808 0.046511627906976744
2 0.23767123287671232 0.49806201550387597 0.03424657534246575 0.03488372093023256
0 0.8102739726027397 0.5300387596899225 0.14657534246575343 0.03682170542635659
2 0.9657534246575342 0.5281007751937985 0.021917808219178082 0.029069767441860465
0 0.34315068493150686 0.5406976744186046 0.13561643835616438 0.04263565891472868
2 0.49931506849315066 0.5397286821705426 0.026027397260273973 0.03682170542635659
0 0.1047945205479452 0.5465116279069767 0.17397260273972603 0.046511627906976744
2 0.236986301369863 0.5503875968992248 0.03287671232876712 0.03488372093023256
2 0.9623287671232876 0.5658914728682171 0.04794520547945205 0.031007751937984496
0 0.8089041095890411 0.5687984496124031 0.1410958904109589 0.03294573643410853
0 0.3726027397260274 0.5901162790697675 0.18904109589041096 0.03682170542635659
2 0.49931506849315066 0.5901162790697675 0.026027397260273973 0.03682170542635659
0 0.056164383561643834 0.5949612403100775 0.07671232876712329 0.03875968992248062
2 0.23767123287671232 0.6007751937984496 0.03424657534246575 0.03875968992248062
2 0.9691780821917808 0.6046511627906976 0.023287671232876714 0.031007751937984496
0 0.38082191780821917 0.2131782945736434 0.11232876712328767 0.03875968992248062
0 0.626027397260274 0.627906976744186 0.1917808219178082 0.05813953488372093
0 0.3287671232876712 0.6414728682170543 0.10136986301369863 0.03875968992248062
2 0.5 0.6434108527131783 0.024657534246575342 0.03488372093023256
0 0.7931506849315069 0.6443798449612403 0.10684931506849316 0.03682170542635659
0 0.07534246575342465 0.6482558139534884 0.11506849315068493 0.044573643410852716
2 0.23767123287671232 0.6482558139534884 0.03424657534246575 0.03682170542635659
2 0.9678082191780822 0.6443798449612403 0.02054794520547945 0.029069767441860465
0 0.3506849315068493 0.6957364341085271 0.14520547945205478 0.04263565891472868
0 0.07465753424657534 0.6957364341085271 0.1136986301369863 0.03875968992248062
2 0.23904109589041095 0.6986434108527132 0.031506849315068496 0.03682170542635659
0 0.8321917808219178 0.7248062015503876 0.18767123287671234 0.03488372093023256
2 0.9657534246575342 0.7228682170542635 0.021917808219178082 0.031007751937984496
0 0.34178082191780823 0.747093023255814 0.1273972602739726 0.040697674418604654
2 0.5013698630136987 0.7461240310077519 0.0273972602739726 0.03488372093023256
0 0.11712328767123288 0.749031007751938 0.18767123287671234 0.044573643410852716
0 0.7917808219178082 0.7645348837209303 0.10684931506849316 0.03294573643410853
2 0.9691780821917808 0.7645348837209303 0.023287671232876714 0.029069767441860465
0 0.339041095890411 0.7974806201550387 0.12465753424657534 0.044573643410852716
2 0.5 0.7955426356589147 0.024657534246575342 0.03682170542635659
0 0.8136986301369863 0.8042635658914729 0.1506849315068493 0.04263565891472868
0 0.3801369863013699 0.8488372093023255 0.20684931506849316 0.046511627906976744
0 0.8164383561643835 0.8439922480620154 0.15342465753424658 0.03682170542635659
2 0.9678082191780822 0.8430232558139535 0.02054794520547945 0.027131782945736434
0 0.06095890410958904 0.8624031007751938 0.09178082191780822 0.03488372093023256
2 0.2356164383561644 0.8614341085271318 0.024657534246575342 0.03294573643410853
0 0.7931506849315069 0.8827519379844961 0.11232876712328767 0.040697674418604654
2 0.9698630136986301 0.8866279069767442 0.021917808219178082 0.029069767441860465
0 0.08150684931506849 0.9098837209302325 0.13835616438356163 0.040697674418604654
2 0.2356164383561644 0.9079457364341085 0.024657534246575342 0.03294573643410853
0 0.8027397260273973 0.9215116279069767 0.12876712328767123 0.040697674418604654
2 0.9684931506849315 0.9263565891472868 0.019178082191780823 0.03488372093023256
2 0.5945205479452055 0.9573643410852714 0.06301369863013699 0.03875968992248062
0 0.8068493150684931 0.9612403100775194 0.13424657534246576 0.03875968992248062
2 0.9678082191780822 0.9651162790697675 0.02054794520547945 0.027131782945736434
2 0.2363013698630137 0.24031007751937986 0.026027397260273973 0.03488372093023256
2 0.5 0.33430232558139533 0.024657534246575342 0.03682170542635659
2 0.49726027397260275 0.48546511627906974 0.024657534246575342 0.03682170542635659
2 0.49931506849315066 0.6928294573643411 0.028767123287671233 0.03294573643410853
2 0.5006849315068493 0.8439922480620154 0.023287671232876714 0.03294573643410853
2 0.9876712328767123 0.811046511627907 0.024657534246575342 0.029069767441860465
1 0.13150684931506848 0.19089147286821706 0.2328767123287671 0.03682170542635659
1 0.13424657534246576 0.2374031007751938 0.2328767123287671 0.03682170542635659
1 0.13424657534246576 0.28972868217054265 0.2328767123287671 0.03682170542635659
1 0.13561643835616438 0.39244186046511625 0.2328767123287671 0.03682170542635659
1 0.13835616438356163 0.44670542635658916 0.2328767123287671 0.03682170542635659
1 0.13561643835616438 0.49709302325581395 0.2328767123287671 0.03682170542635659
1 0.136986301369863 0.5474806201550387 0.2328767123287671 0.03682170542635659
1 0.136986301369863 0.5978682170542635 0.2328767123287671 0.03682170542635659
1 0.13835616438356163 0.6463178294573644 0.2328767123287671 0.03682170542635659
1 0.13561643835616438 0.6967054263565892 0.2328767123287671 0.03682170542635659
1 0.13835616438356163 0.751937984496124 0.2328767123287671 0.04263565891472868
1 0.13013698630136986 0.8604651162790697 0.2356164383561644 0.03875968992248062
1 0.13150684931506848 0.9069767441860465 0.2356164383561644 0.03875968992248062
1 0.3904109589041096 0.12403100775193798 0.2356164383561644 0.03875968992248062
1 0.39452054794520547 0.17635658914728683 0.2356164383561644 0.03875968992248062
1 0.39315068493150684 0.5368217054263565 0.2356164383561644 0.03875968992248062
1 0.39452054794520547 0.22868217054263565 0.2356164383561644 0.03875968992248062
1 0.39315068493150684 0.2771317829457364 0.2356164383561644 0.03875968992248062
1 0.39315068493150684 0.3313953488372093 0.2356164383561644 0.03875968992248062
1 0.39315068493150684 0.374031007751938 0.2356164383561644 0.03875968992248062
1 0.3904109589041096 0.4321705426356589 0.2356164383561644 0.03875968992248062
1 0.3904109589041096 0.4844961240310077 0.2356164383561644 0.03875968992248062
1 0.39863013698630134 0.5891472868217055 0.2356164383561644 0.03875968992248062
1 0.3972602739726027 0.6414728682170543 0.2356164383561644 0.03875968992248062
1 0.3958904109589041 0.6957364341085271 0.2356164383561644 0.03875968992248062
1 0.3958904109589041 0.751937984496124 0.2356164383561644 0.03875968992248062
1 0.8609589041095891 0.09302325581395349 0.2452054794520548 0.03488372093023256
1 0.3904109589041096 0.7926356589147286 0.2356164383561644 0.03875968992248062
1 0.3904109589041096 0.8430232558139535 0.2356164383561644 0.03875968992248062
1 0.8595890410958904 0.13565891472868216 0.2452054794520548 0.03488372093023256
1 0.8636986301369863 0.1744186046511628 0.2452054794520548 0.03488372093023256
1 0.8623287671232877 0.2558139534883721 0.2452054794520548 0.03488372093023256
1 0.8582191780821918 0.29651162790697677 0.2452054794520548 0.03488372093023256
1 0.8595890410958904 0.3391472868217054 0.2452054794520548 0.03488372093023256
1 0.8609589041095891 0.4127906976744186 0.2452054794520548 0.03488372093023256
1 0.8582191780821918 0.3701550387596899 0.2452054794520548 0.03488372093023256
1 0.8582191780821918 0.45155038759689925 0.2452054794520548 0.03488372093023256
1 0.8582191780821918 0.5348837209302325 0.2452054794520548 0.03488372093023256
1 0.8636986301369863 0.6124031007751938 0.2452054794520548 0.03488372093023256
1 0.8609589041095891 0.5678294573643411 0.2452054794520548 0.03488372093023256
1 0.8595890410958904 0.6453488372093024 0.2452054794520548 0.03488372093023256
1 0.8684931506849315 0.8052325581395349 0.26301369863013696 0.03682170542635659
1 0.8582191780821918 0.7228682170542635 0.2452054794520548 0.03488372093023256
1 0.8595890410958904 0.7655038759689923 0.2452054794520548 0.03488372093023256
1 0.8609589041095891 0.9273255813953488 0.23424657534246576 0.03294573643410853
1 0.8650684931506849 0.8798449612403101 0.2452054794520548 0.03488372093023256
1 0.8650684931506849 0.8817829457364341 0.2452054794520548 0.03488372093023256
1 0.8595890410958904 0.9612403100775194 0.2452054794520548 0.03488372093023256
1 0.8582191780821918 0.8449612403100775 0.24246575342465754 0.03875968992248062
1 0.6136986301369863 0.28391472868217055 0.13972602739726028 0.4903100775193798
1 0.626027397260274 0.7848837209302325 0.1917808219178082 0.38372093023255816
