0 0.415625 0.32360742705570295 0.08 0.021220159151193633
0 0.081875 0.32007073386383733 0.07375 0.03183023872679045
2 0.2784375 0.29442970822281167 0.049375 0.026525198938992044
0 0.7365625 0.3183023872679045 0.058125 0.030061892130857647
0 0.7315625 0.400972590627763 0.048125 0.023872679045092837
0 0.0890625 0.40318302387267907 0.091875 0.026525198938992044
0 0.4240625 0.39964633068081346 0.101875 0.026525198938992044
0 0.0696875 0.8465959328028294 0.048125 0.027409372236958444
0 0.7478125 0.47745358090185674 0.083125 0.02475685234305924
0 0.0834375 0.482316534040672 0.079375 0.032714412024756855
0 0.446875 0.48010610079575594 0.14875 0.02475685234305924
0 0.09875 0.6918656056587091 0.11 0.03094606542882405
0 0.4378125 0.5592396109637489 0.126875 0.022104332449160036
0 0.7403125 0.5548187444739169 0.070625 0.027409372236958444
0 0.076875 0.5579133510167993 0.0675 0.022988505747126436
0 0.0975 0.6096374889478338 0.11125 0.034482758620689655
0 0.43375 0.6361626878868258 0.12375 0.022104332449160036
0 0.7646875 0.6357206012378426 0.116875 0.026525198938992044
0 0.735625 0.7122015915119363 0.06 0.029177718832891247
0 0.0734375 0.7701149425287356 0.056875 0.028293545534924844
0 0.7453125 0.7944297082228117 0.099375 0.02564102564102564
0 0.000625 0.8032714412024757 0.0 0.011494252873563218
2 0.2784375 0.372236958443855 0.053125 0.026525198938992044
2 0.279375 0.4504862953138815 0.05 0.023872679045092837
2 0.2759375 0.5313881520778072 0.048125 0.028293545534924844
2 0.278125 0.7400530503978779 0.04625 0.026525198938992044
2 0.2753125 0.6091954022988506 0.051875 0.026525198938992044
2 0.2790625 0.6609195402298851 0.050625 0.020335985853227233
2 0.2734375 0.8169761273209549 0.053125 0.022988505747126436
2 0.621875 0.29310344827586204 0.055 0.029177718832891247
2 0.624375 0.3717948717948718 0.05375 0.03094606542882405
2 0.6240625 0.45225464190981435 0.054375 0.029177718832891247
2 0.6240625 0.5300618921308576 0.054375 0.027409372236958444
2 0.6221875 0.6109637488947833 0.055625 0.03359858532272325
2 0.950625 0.29398762157382846 0.05625 0.034482758620689655
2 0.953125 0.3740053050397878 0.05375 0.03183023872679045
2 0.9540625 0.45181255526083114 0.055625 0.030061892130857647
2 0.9546875 0.5300618921308576 0.055625 0.027409372236958444
2 0.9534375 0.7652519893899205 0.046875 0.02564102564102564
2 0.95125 0.6078691423519009 0.0525 0.03094606542882405
2 0.950625 0.6856763925729443 0.05375 0.03094606542882405
1 0.1709375 0.3068081343943413 0.263125 0.058355437665782495
1 0.1740625 0.39345711759504864 0.263125 0.058355437665782495
1 0.1715625 0.4677276746242264 0.263125 0.058355437665782495
1 0.1684375 0.5455349248452697 0.263125 0.058355437665782495
1 0.1709375 0.6781609195402298 0.263125 0.058355437665782495
1 0.1684375 0.7586206896551724 0.263125 0.058355437665782495
1 0.1665625 0.8337754199823165 0.263125 0.058355437665782495
1 0.171875 0.6078691423519009 0.2625 0.032714412024756855
1 0.516875 0.3072502210433245 0.28375 0.05570291777188329
1 0.513125 0.38770999115826704 0.28375 0.05570291777188329
1 0.513125 0.46286472148541113 0.28375 0.05570291777188329
1 0.513125 0.5415561450044208 0.28375 0.05570291777188329
1 0.5125 0.6264367816091954 0.28375 0.05570291777188329
1 0.840625 0.3072502210433245 0.28375 0.05570291777188329
1 0.83875 0.3868258178603006 0.28375 0.05570291777188329
1 0.841875 0.46374889478337755 0.28375 0.05570291777188329
1 0.840625 0.5468611847922192 0.28375 0.05570291777188329
1 0.83625 0.6237842617152962 0.28375 0.05570291777188329
1 0.8384375 0.6998231653404067 0.274375 0.053934571175950484
1 0.835625 0.784261715296198 0.28125 0.05128205128205128
