0 0.20386266094420602 0.11252992817238627 0.24034334763948498 0.025538707102952914
2 0.45493562231759654 0.11332801276935354 0.06866952789699571 0.017557861133280128
0 0.697961373390558 0.11652035115722266 0.3165236051502146 0.019154030327214685
0 0.23015021459227467 0.13846767757382283 0.29935622317596566 0.026336791699920193
2 0.45493562231759654 0.1380686352753392 0.06866952789699571 0.017557861133280128
0 0.651824034334764 0.1380686352753392 0.22424892703862662 0.017557861133280128
2 0.9120171673819742 0.11851556264964086 0.06866952789699571 0.015163607342378291
0 0.6990343347639485 0.15841979249800478 0.3165236051502146 0.018355945730247406
0 0.180793991416309 0.16400638467677575 0.20064377682403434 0.019952114924181964
2 0.45547210300429186 0.16280925778132482 0.06759656652360516 0.017557861133280128
0 0.6233905579399142 0.18036711891460494 0.16523605150214593 0.023942537909018357
2 0.9071888412017167 0.17916999201915404 0.07188841201716738 0.01675977653631285
0 0.1861587982832618 0.18834796488427774 0.2113733905579399 0.025538707102952914
2 0.4560085836909871 0.1871508379888268 0.06866952789699571 0.019952114924181964
0 0.6566523605150214 0.2023144453312051 0.23390557939914164 0.018355945730247406
2 0.9023605150214592 0.20151636073423784 0.0815450643776824 0.015163607342378291
0 0.2119098712446352 0.21348762968874702 0.2628755364806867 0.027932960893854747
2 0.45064377682403434 0.21308858739026337 0.07725321888412018 0.017557861133280128
0 0.6958154506437768 0.22346368715083798 0.31223175965665234 0.020750199521149242
0 0.21351931330472104 0.2398244213886672 0.26824034334763946 0.02154828411811652
2 0.45064377682403434 0.237829209896249 0.07725321888412018 0.017557861133280128
0 0.6378755364806867 0.24541101356743814 0.1984978540772532 0.02314445331205108
2 0.907725321888412 0.2430167597765363 0.07081545064377683 0.015163607342378291
0 0.217274678111588 0.26456504389465285 0.2757510729613734 0.02154828411811652
2 0.45547210300429186 0.2633679169992019 0.06759656652360516 0.019154030327214685
0 0.6947424892703863 0.2673583399840383 0.30793991416309013 0.023942537909018357
2 0.907725321888412 0.2649640861931365 0.07081545064377683 0.01596169193934557
0 0.6797210300429185 0.2885075818036712 0.2778969957081545 0.02314445331205108
0 0.16523605150214593 0.2885075818036712 0.17381974248927037 0.02154828411811652
2 0.9087982832618026 0.2869114126097366 0.07296137339055794 0.01675977653631285
2 0.45064377682403434 0.28890662410215484 0.07725321888412018 0.017557861133280128
0 0.6754291845493562 0.3088587390263368 0.27360515021459225 0.023942537909018357
2 0.9093347639484979 0.3076616121308859 0.07188841201716738 0.01675977653631285
0 0.17060085836909872 0.31444533120510776 0.18025751072961374 0.0223463687150838
2 0.45547210300429186 0.31444533120510776 0.06759656652360516 0.019154030327214685
0 0.6630901287553648 0.33000798084596966 0.24892703862660945 0.024740622505985636
2 0.9098712446351931 0.33000798084596966 0.07296137339055794 0.01675977653631285
0 0.19742489270386265 0.33878691141260975 0.23390557939914164 0.02314445331205108
2 0.45547210300429186 0.3399840383080607 0.06759656652360516 0.017557861133280128
0 0.630901287553648 0.3507581803671189 0.18240343347639484 0.01675977653631285
2 0.9098712446351931 0.3507581803671189 0.07296137339055794 0.01675977653631285
0 0.20118025751072963 0.36432561851556267 0.24141630901287553 0.019952114924181964
2 0.45547210300429186 0.3655227454110136 0.06759656652360516 0.017557861133280128
2 0.9045064377682404 0.3715083798882682 0.08369098712446352 0.018355945730247406
0 0.6416309012875536 0.3715083798882682 0.20386266094420602 0.015163607342378291
0 0.17113733905579398 0.3898643256185156 0.1813304721030043 0.018355945730247406
2 0.45547210300429186 0.3902633679169992 0.06759656652360516 0.017557861133280128
2 0.9045064377682404 0.39385474860335196 0.08369098712446352 0.01675977653631285
0 0.625 0.39465283320031924 0.17060085836909872 0.015163607342378291
0 0.6341201716738197 0.4154030327214685 0.19098712446351931 0.02154828411811652
0 0.22371244635193133 0.4177972865123703 0.286480686695279 0.024740622505985636
2 0.9045064377682404 0.41500399042298486 0.08369098712446352 0.017557861133280128
2 0.45547210300429186 0.4166001596169194 0.06759656652360516 0.017557861133280128
0 0.6228540772532188 0.4389465283320032 0.1684549356223176 0.023942537909018357
2 0.9093347639484979 0.4361532322426177 0.07188841201716738 0.015163607342378291
0 0.1984978540772532 0.44094173982442136 0.23605150214592274 0.02154828411811652
2 0.45547210300429186 0.4421388667198723 0.06759656652360516 0.019154030327214685
0 0.6319742489270386 0.4592976855546688 0.18454935622317598 0.019952114924181964
2 0.9098712446351931 0.4581005586592179 0.07296137339055794 0.017557861133280128
0 0.19742489270386265 0.4668794892258579 0.23390557939914164 0.019154030327214685
2 0.45547210300429186 0.4664804469273743 0.06759656652360516 0.018355945730247406
0 0.6180257510729614 0.47805267358339987 0.15665236051502146 0.019154030327214685
2 0.9066523605150214 0.4796488427773344 0.08369098712446352 0.01596169193934557
0 0.19474248927038626 0.49241819632881084 0.22854077253218885 0.019154030327214685
2 0.45547210300429186 0.4920191540303272 0.06759656652360516 0.018355945730247406
0 0.6239270386266095 0.5 0.1684549356223176 0.019952114924181964
2 0.9109442060085837 0.5011971268954509 0.07296137339055794 0.017557861133280128
0 0.17489270386266095 0.5167597765363129 0.1888412017167382 0.019952114924181964
2 0.4511802575107296 0.5171588188347965 0.07618025751072961 0.019154030327214685
0 0.6716738197424893 0.5223463687150838 0.26394849785407726 0.02154828411811652
2 0.9120171673819742 0.5219473264166001 0.07296137339055794 0.017557861133280128
0 0.14431330472103004 0.5434956105347167 0.1276824034334764 0.019154030327214685
2 0.4511802575107296 0.5418994413407822 0.07618025751072961 0.017557861133280128
0 0.671137339055794 0.5454908220271348 0.2607296137339056 0.019952114924181964
2 0.9136266094420601 0.5434956105347167 0.07188841201716738 0.01596169193934557
0 0.6196351931330472 0.5670391061452514 0.157725321888412 0.02314445331205108
2 0.9071888412017167 0.5650438946528332 0.08476394849785408 0.017557861133280128
0 0.2065450643776824 0.5682362330407024 0.2521459227467811 0.0223463687150838
2 0.4511802575107296 0.5666400638467678 0.07618025751072961 0.019154030327214685
0 0.615343347639485 0.5881883479648843 0.14484978540772533 0.020750199521149242
2 0.9071888412017167 0.587390263367917 0.08261802575107297 0.017557861133280128
0 0.21351931330472104 0.592976855546688 0.26609442060085836 0.025538707102952914
2 0.4511802575107296 0.592976855546688 0.07618025751072961 0.017557861133280128
2 0.9082618025751072 0.6081404628890662 0.08261802575107297 0.017557861133280128
0 0.6169527896995708 0.6085395051875498 0.148068669527897 0.01675977653631285
0 0.18830472103004292 0.6201117318435754 0.21566523605150215 0.025538707102952914
2 0.4522532188841202 0.6185155626496409 0.07832618025751073 0.019154030327214685
0 0.6625536480686696 0.6304868316041501 0.23927038626609443 0.023942537909018357
2 0.9082618025751072 0.6300877893056664 0.08261802575107297 0.018355945730247406
0 0.1427038626609442 0.6440542697525937 0.12660944206008584 0.019154030327214685
0 0.4522532188841202 0.6436552274541102 0.07832618025751073 0.018355945730247406
0 0.6582618025751072 0.6528332003192339 0.23068669527896996 0.019154030327214685
2 0.9098712446351931 0.6516360734237829 0.08369098712446352 0.01675977653631285
0 0.16523605150214593 0.6731843575418994 0.17381974248927037 0.026336791699920193
2 0.4522532188841202 0.6703910614525139 0.07832618025751073 0.017557861133280128
0 0.6587982832618026 0.6735833998403831 0.2317596566523605 0.019154030327214685
2 0.9098712446351931 0.6727853152434158 0.08369098712446352 0.017557861133280128
0 0.6196351931330472 0.6967278531524341 0.157725321888412 0.023942537909018357
2 0.4522532188841202 0.6959297685554668 0.07832618025751073 0.019154030327214685
2 0.9109442060085837 0.6951316839584996 0.08583690987124463 0.017557861133280128
0 0.1609442060085837 0.6971268954509178 0.16738197424892703 0.018355945730247406
0 0.615343347639485 0.7178770949720671 0.14914163090128754 0.02314445331205108
2 0.9109442060085837 0.7174780526735834 0.08583690987124463 0.017557861133280128
2 0.4565450643776824 0.7218675179569034 0.06974248927038626 0.018355945730247406
0 0.13572961373390557 0.7242617717478053 0.11695278969957082 0.02154828411811652
0 0.621244635193133 0.7390263367916999 0.15665236051502146 0.019154030327214685
2 0.9109442060085837 0.737829209896249 0.08583690987124463 0.01675977653631285
0 0.17113733905579398 0.7486033519553073 0.18776824034334763 0.020750199521149242
2 0.4565450643776824 0.74780526735834 0.06974248927038626 0.019154030327214685
0 0.6185622317596566 0.7609736632083001 0.15128755364806867 0.018355945730247406
2 0.9120171673819742 0.7605746209098164 0.08369098712446352 0.017557861133280128
2 0.4565450643776824 0.7741420590582602 0.06974248927038626 0.019154030327214685
0 0.15987124463519314 0.7749401436552275 0.16523605150214593 0.019154030327214685
0 0.5992489270386266 0.7829209896249002 0.11266094420600858 0.019154030327214685
2 0.9125536480686696 0.7813248204309656 0.08476394849785408 0.017557861133280128
2 0.4565450643776824 0.7996807661612131 0.06974248927038626 0.019154030327214685
0 0.16952789699570817 0.8020750199521149 0.18454935622317598 0.020750199521149242
0 0.601931330472103 0.8044692737430168 0.11802575107296137 0.017557861133280128
2 0.9125536480686696 0.8044692737430168 0.08476394849785408 0.017557861133280128
0 0.596030042918455 0.825219473264166 0.10622317596566523 0.020750199521149242
0 0.1984978540772532 0.8268156424581006 0.24248927038626608 0.02713487629688747
2 0.4565450643776824 0.8260175578611333 0.06974248927038626 0.019154030327214685
2 0.9125536480686696 0.825219473264166 0.08476394849785408 0.017557861133280128
0 0.6282188841201717 0.8483639265762171 0.17060085836909872 0.019154030327214685
2 0.9125536480686696 0.8475658419792498 0.08476394849785408 0.017557861133280128
0 0.17167381974248927 0.8539505187549881 0.18454935622317598 0.0223463687150838
2 0.45869098712446355 0.8523543495610535 0.06974248927038626 0.019154030327214685
0 0.6180257510729614 0.8703112529928172 0.15021459227467812 0.018355945730247406
2 0.9125536480686696 0.8699122106943336 0.08476394849785408 0.017557861133280128
0 0.16416309012875535 0.8790901835594573 0.17167381974248927 0.024740622505985636
2 0.45761802575107297 0.8770949720670391 0.07188841201716738 0.019154030327214685
0 0.6528969957081545 0.8918595371109338 0.21995708154506438 0.019952114924181964
2 0.9125536480686696 0.8910614525139665 0.08476394849785408 0.01675977653631285
0 0.20547210300429183 0.9058260175578612 0.2542918454935622 0.025538707102952914
2 0.45869098712446355 0.902633679169992 0.06974248927038626 0.019154030327214685
2 0.9136266094420601 0.912609736632083 0.08261802575107297 0.018355945730247406
0 0.6566523605150214 0.9138068635275339 0.22317596566523606 0.017557861133280128
0 0.20439914163090128 0.9293695131683959 0.2478540772532189 0.02314445331205108
2 0.45869098712446355 0.9289704708699122 0.06974248927038626 0.019154030327214685
2 0.9136266094420601 0.9337589784517158 0.08261802575107297 0.017557861133280128
0 0.6357296137339056 0.9361532322426177 0.1813304721030043 0.017557861133280128
0 0.2140557939914163 0.9537110933758979 0.27145922746781115 0.03192338387869114
2 0.4533261802575107 0.9545091779728652 0.08047210300429185 0.017557861133280128
0 0.6319742489270386 0.9573024740622506 0.1781115879828326 0.02154828411811652
2 0.9125536480686696 0.9561053471667997 0.08476394849785408 0.01596169193934557
2 0.4501072961373391 0.6420590582601756 0.07832618025751073 0.018355945730247406
2 0.907725321888412 0.13846767757382283 0.06866952789699571 0.015163607342378291
2 0.9087982832618026 0.16001596169193935 0.06866952789699571 0.015163607342378291
2 0.9066523605150214 0.22386272944932162 0.0815450643776824 0.015163607342378291
1 0.28487124463519314 0.11173184357541899 0.40450643776824036 0.023942537909018357
1 0.28594420600858367 0.13647246608140462 0.40450643776824036 0.023942537909018357
1 0.28701716738197425 0.16280925778132482 0.40450643776824036 0.023942537909018357
1 0.28379828326180256 0.237829209896249 0.40450643776824036 0.023942537909018357
1 0.28379828326180256 0.18675179569034317 0.40450643776824036 0.023942537909018357
1 0.28379828326180256 0.20909816440542697 0.40450643776824036 0.023942537909018357
1 0.28487124463519314 0.26177174780526735 0.40450643776824036 0.023942537909018357
1 0.28594420600858367 0.2897047086991221 0.40450643776824036 0.023942537909018357
1 0.2880901287553648 0.31444533120510776 0.40450643776824036 0.023942537909018357
1 0.2854077253218884 0.3383878691141261 0.40987124463519314 0.023942537909018357
1 0.28701716738197425 0.3647246608140463 0.40450643776824036 0.023942537909018357
1 0.2832618025751073 0.39265762170790103 0.40772532188841204 0.0223463687150838
1 0.2854077253218884 0.4166001596169194 0.40772532188841204 0.0223463687150838
1 0.2843347639484979 0.441340782122905 0.40772532188841204 0.0223463687150838
1 0.286480686695279 0.4684756584197925 0.40772532188841204 0.0223463687150838
1 0.2886266094420601 0.4932162809257781 0.40772532188841204 0.0223463687150838
1 0.286480686695279 0.518754988028731 0.40772532188841204 0.0223463687150838
1 0.286480686695279 0.5426975259377494 0.40772532188841204 0.0223463687150838
1 0.7408798283261803 0.11731843575418995 0.40450643776824036 0.020750199521149242
1 0.7419527896995708 0.1380686352753392 0.40450643776824036 0.020750199521149242
1 0.746244635193133 0.3750997605746209 0.40450643776824036 0.020750199521149242
1 0.7398068669527897 0.1564245810055866 0.40450643776824036 0.020750199521149242
1 0.7408798283261803 0.17717478052673583 0.40450643776824036 0.020750199521149242
1 0.7398068669527897 0.2011173184357542 0.40450643776824036 0.020750199521149242
1 0.7430257510729614 0.22106943335993615 0.40450643776824036 0.020750199521149242
1 0.7398068669527897 0.2418196328810854 0.40450643776824036 0.020750199521149242
1 0.7376609442060086 0.2657621707901037 0.40450643776824036 0.020750199521149242
1 0.7419527896995708 0.286512370311253 0.40450643776824036 0.020750199521149242
1 0.7387339055793991 0.30726256983240224 0.40450643776824036 0.020750199521149242
1 0.7408798283261803 0.3304070231444533 0.40450643776824036 0.020750199521149242
1 0.7419527896995708 0.3487629688747007 0.40450643776824036 0.020750199521149242
1 0.744098712446352 0.39584996009577017 0.40450643776824036 0.020750199521149242
1 0.7473175965665236 0.41500399042298486 0.40450643776824036 0.020750199521149242
1 0.7430257510729614 0.43735035913806863 0.40450643776824036 0.020750199521149242
1 0.7473175965665236 0.4573024740622506 0.40450643776824036 0.020750199521149242
1 0.746244635193133 0.4796488427773344 0.40450643776824036 0.020750199521149242
1 0.746244635193133 0.49880287310454907 0.40450643776824036 0.020750199521149242
1 0.7483905579399142 0.7605746209098164 0.40665236051502146 0.0223463687150838
1 0.7408798283261803 0.5674381484437351 0.40450643776824036 0.020750199521149242
1 0.7494635193133047 0.5666400638467678 0.40450643776824036 0.020750199521149242
1 0.7473175965665236 0.5889864325618516 0.40450643776824036 0.020750199521149242
1 0.7473175965665236 0.6081404628890662 0.40450643776824036 0.020750199521149242
1 0.7483905579399142 0.6320830007980845 0.40450643776824036 0.020750199521149242
1 0.7494635193133047 0.6520351157222666 0.40450643776824036 0.020750199521149242
1 0.7483905579399142 0.6727853152434158 0.40450643776824036 0.020750199521149242
1 0.7483905579399142 0.6951316839584996 0.40450643776824036 0.020750199521149242
1 0.7494635193133047 0.7182761372705507 0.40450643776824036 0.020750199521149242
1 0.7478540772532188 0.7394253790901836 0.40772532188841204 0.02154828411811652
1 0.7451716738197425 0.5442936951316839 0.40450643776824036 0.020750199521149242
1 0.7451716738197425 0.5203511572226656 0.40450643776824036 0.020750199521149242
1 0.7483905579399142 0.7837190742218675 0.40665236051502146 0.0223463687150838
1 0.7478540772532188 0.8072625698324022 0.40987124463519314 0.018355945730247406
1 0.75 0.8264166001596169 0.40987124463519314 0.018355945730247406
1 0.7510729613733905 0.8487629688747007 0.40987124463519314 0.018355945730247406
1 0.7532188841201717 0.8703112529928172 0.41630901287553645 0.02154828411811652
1 0.7510729613733905 0.8910614525139665 0.41630901287553645 0.02154828411811652
1 0.7521459227467812 0.9142059058260176 0.41630901287553645 0.02154828411811652
1 0.7532188841201717 0.9357541899441341 0.41630901287553645 0.02154828411811652
1 0.7510729613733905 0.9565043894652833 0.41630901287553645 0.02154828411811652
1 0.2854077253218884 0.5690343176376695 0.40772532188841204 0.0223463687150838
1 0.2854077253218884 0.592976855546688 0.40772532188841204 0.0223463687150838
1 0.2854077253218884 0.6201117318435754 0.4055793991416309 0.023942537909018357
1 0.286480686695279 0.644852354349561 0.4055793991416309 0.023942537909018357
1 0.2875536480686695 0.6719872306464485 0.4055793991416309 0.023942537909018357
1 0.2843347639484979 0.6971268954509178 0.40987124463519314 0.02314445331205108
1 0.28594420600858367 0.7218675179569034 0.4130901287553648 0.026336791699920193
1 0.28594420600858367 0.7474062250598563 0.4130901287553648 0.026336791699920193
1 0.28379828326180256 0.7761372705506784 0.4130901287553648 0.026336791699920193
1 0.28487124463519314 0.8024740622505986 0.4130901287553648 0.026336791699920193
1 0.2880901287553648 0.9541101356743815 0.4130901287553648 0.026336791699920193
1 0.28272532188841204 0.8240223463687151 0.4130901287553648 0.026336791699920193
1 0.28272532188841204 0.849561053471668 0.4130901287553648 0.026336791699920193
1 0.28272532188841204 0.8750997605746209 0.4130901287553648 0.026336791699920193
1 0.28272532188841204 0.9006384676775738 0.4130901287553648 0.026336791699920193
1 0.28379828326180256 0.926975259377494 0.4130901287553648 0.026336791699920193
