0 0.6357142857142857 0.2631313131313131 0.2742857142857143 0.02727272727272727
2 0.89 0.2631313131313131 0.12 0.01919191919191919
0 0.64 0.2883838383838384 0.28285714285714286 0.025252525252525252
2 0.89 0.2878787878787879 0.12 0.01818181818181818
0 0.6578571428571428 0.31313131313131315 0.31857142857142856 0.022222222222222223
0 0.6035714285714285 0.3378787878787879 0.21285714285714286 0.021212121212121213
2 0.89 0.3383838383838384 0.12 0.020202020202020204
0 0.605 0.36414141414141415 0.21857142857142858 0.02727272727272727
2 0.89 0.36363636363636365 0.12 0.01818181818181818
2 0.8907142857142857 0.3883838383838384 0.12142857142857143 0.01919191919191919
0 0.5821428571428572 0.3904040404040404 0.1757142857142857 0.023232323232323233
0 0.6471428571428571 0.43787878787878787 0.29714285714285715 0.01919191919191919
2 0.89 0.43737373737373736 0.12 0.01818181818181818
0 0.6057142857142858 0.5621212121212121 0.21714285714285714 0.01919191919191919
2 0.8871428571428571 0.5626262626262626 0.10285714285714286 0.01818181818181818
0 0.6085714285714285 0.5888888888888889 0.22285714285714286 0.022222222222222223
2 0.8778571428571429 0.5878787878787879 0.12142857142857143 0.020202020202020204
0 0.6107142857142858 0.6146464646464647 0.22428571428571428 0.025252525252525252
2 0.8778571428571429 0.6131313131313131 0.12142857142857143 0.020202020202020204
0 0.5707142857142857 0.7474747474747475 0.1442857142857143 0.020202020202020204
2 0.8892857142857142 0.748989898989899 0.12142857142857143 0.01919191919191919
0 0.6235714285714286 0.7717171717171717 0.2557142857142857 0.024242424242424242
2 0.8921428571428571 0.7722222222222223 0.11857142857142858 0.01919191919191919
0 0.6385714285714286 0.8242424242424242 0.28 0.024242424242424242
2 0.8907142857142857 0.8222222222222222 0.12142857142857143 0.020202020202020204
2 0.885 0.8474747474747475 0.1357142857142857 0.028282828282828285
0 0.545 0.8459595959595959 0.09571428571428571 0.01919191919191919
2 0.8942857142857142 0.31313131313131315 0.12 0.01818181818181818
1 0.7228571428571429 0.2611111111111111 0.4542857142857143 0.02727272727272727
1 0.7242857142857143 0.2904040404040404 0.4542857142857143 0.02727272727272727
1 0.73 0.31666666666666665 0.4542857142857143 0.02727272727272727
1 0.7242857142857143 0.3398989898989899 0.4542857142857143 0.02727272727272727
1 0.7242857142857143 0.36313131313131314 0.4542857142857143 0.02727272727272727
1 0.7242857142857143 0.43787878787878787 0.4542857142857143 0.02727272727272727
1 0.7264285714285714 0.3904040404040404 0.45571428571428574 0.029292929292929294
1 0.7157142857142857 0.5641414141414142 0.44285714285714284 0.025252525252525252
1 0.72 0.5904040404040404 0.44285714285714284 0.025252525252525252
1 0.7185714285714285 0.6146464646464647 0.44285714285714284 0.025252525252525252
1 0.7228571428571429 0.7494949494949495 0.45714285714285713 0.024242424242424242
1 0.7264285714285714 0.7863636363636364 0.4585714285714286 0.05757575757575758
1 0.7271428571428571 0.8262626262626263 0.45714285714285713 0.024242424242424242
1 0.7257142857142858 0.8484848484848485 0.45714285714285713 0.024242424242424242
0 0.5892857142857143 0.7974747474747474 0.18428571428571427 0.023232323232323233
