0 0.36640625 0.28020833333333334 0.3984375 0.04375
2 0.76328125 0.28177083333333336 0.1296875 0.040625
0 0.3640625 0.3484375 0.390625 0.04479166666666667
2 0.76171875 0.3494791666666667 0.1328125 0.042708333333333334
0 0.35234375 0.41302083333333334 0.3703125 0.04895833333333333
2 0.76328125 0.4166666666666667 0.1296875 0.041666666666666664
0 0.3078125 0.48489583333333336 0.28125 0.046875
2 0.7625 0.484375 0.128125 0.041666666666666664
0 0.378125 0.55 0.41875 0.05
2 0.7609375 0.5526041666666667 0.13125 0.040625
1 0.496875 0.2796875 0.665625 0.046875
1 0.5 0.3494791666666667 0.665625 0.046875
1 0.50625 0.41510416666666666 0.665625 0.046875
1 0.4984375 0.48385416666666664 0.665625 0.046875
1 0.5015625 0.5515625 0.665625 0.046875
