0 0.45416666666666666 0.22578125 0.13240740740740742 0.0203125
2 0.5518518518518518 0.2625 0.05 0.015625
2 0.5458333333333333 0.22161458333333334 0.05092592592592592 0.016145833333333335
0 0.45 0.26588541666666665 0.14074074074074075 0.018229166666666668
0 0.4513888888888889 0.29453125 0.10277777777777777 0.0171875
2 0.5189814814814815 0.3182291666666667 0.05092592592592592 0.016666666666666666
0 0.43472222222222223 0.31979166666666664 0.10092592592592593 0.017708333333333333
2 0.5115740740740741 0.3580729166666667 0.04722222222222222 0.015104166666666667
0 0.4439814814814815 0.35833333333333334 0.075 0.017708333333333333
2 0.600462962962963 0.3984375 0.04722222222222222 0.01875
0 0.4439814814814815 0.39921875 0.2601851851851852 0.0203125
2 0.575 0.43828125 0.05 0.016145833333333335
0 0.4476851851851852 0.4401041666666667 0.20092592592592592 0.015625
2 0.5351851851851852 0.47994791666666664 0.05555555555555555 0.016145833333333335
0 0.4546296296296296 0.4822916666666667 0.09259259259259259 0.016666666666666666
2 0.5365740740740741 0.5221354166666666 0.05648148148148148 0.015104166666666667
0 0.44537037037037036 0.52265625 0.11666666666666667 0.016145833333333335
0 0.44722222222222224 0.63828125 0.3074074074074074 0.018229166666666668
2 0.6393518518518518 0.6385416666666667 0.05648148148148148 0.016666666666666666
2 0.5703703703703704 0.6828125 0.05740740740740741 0.017708333333333333
0 0.43796296296296294 0.684375 0.19444444444444445 0.01875
2 0.5587962962962963 0.7283854166666667 0.058333333333333334 0.016145833333333335
0 0.4425925925925926 0.73046875 0.1685185185185185 0.019270833333333334
2 0.5578703703703703 0.77421875 0.06018518518518518 0.0171875
0 0.4449074074074074 0.7763020833333333 0.15092592592592594 0.016145833333333335
2 0.6310185185185185 0.82109375 0.062037037037037036 0.016145833333333335
0 0.45 0.8216145833333334 0.2814814814814815 0.0203125
2 0.5231481481481481 0.2942708333333333 0.03888888888888889 0.013541666666666667
1 0.4787037037037037 0.6401041666666667 0.38333333333333336 0.023958333333333335
1 0.46805555555555556 0.6841145833333333 0.2675925925925926 0.024479166666666666
1 0.4759259259259259 0.77578125 0.22037037037037038 0.0203125
1 0.4736111111111111 0.7309895833333333 0.23425925925925925 0.022395833333333334
1 0.48518518518518516 0.8213541666666667 0.3574074074074074 0.020833333333333332
1 0.47453703703703703 0.5216145833333333 0.17685185185185184 0.015104166666666667
1 0.48564814814814816 0.48020833333333335 0.15648148148148147 0.015625
1 0.4726851851851852 0.4388020833333333 0.25092592592592594 0.015104166666666667
1 0.46944444444444444 0.39869791666666665 0.31296296296296294 0.019270833333333334
1 0.46944444444444444 0.3575520833333333 0.13333333333333333 0.0171875
1 0.46435185185185185 0.3190104166666667 0.16018518518518518 0.0171875
1 0.47824074074074074 0.2643229166666667 0.1935185185185185 0.0140625
1 0.4699074074074074 0.29348958333333336 0.1398148148148148 0.016145833333333335
1 0.4847222222222222 0.2234375 0.18796296296296297 0.014583333333333334
