0 0.7065779748706578 0.244140625 0.24538063562453807 0.01171875
0 0.2900960827790096 0.30859375 0.2180339985218034 0.01953125
2 0.2930524759793052 0.340087890625 0.1130820399113082 0.01513671875
0 0.28898743532889876 0.371826171875 0.22912047302291205 0.01806640625
2 0.2930524759793052 0.40380859375 0.1130820399113082 0.0146484375
0 0.29490022172949004 0.43505859375 0.2690317812269032 0.017578125
0 0.7036215816703622 0.4228515625 0.16851441241685144 0.0126953125
2 0.2930524759793052 0.4658203125 0.1130820399113082 0.0146484375
0 0.2945306725794531 0.495849609375 0.21359940872135993 0.01904296875
2 0.2923133776792313 0.52685546875 0.1130820399113082 0.013671875
0 0.2893569844789357 0.557861328125 0.36881005173688103 0.01806640625
2 0.3011825572801183 0.58935546875 0.13082039911308205 0.013671875
0 0.7058388765705839 0.596923828125 0.1286031042128603 0.01025390625
0 0.29711751662971175 0.622802734375 0.3518107908351811 0.01806640625
2 0.3011825572801183 0.654541015625 0.13082039911308205 0.01318359375
0 0.7010347376201035 0.640380859375 0.2269031781226903 0.01611328125
0 0.7028824833702882 0.672119140625 0.11529933481152993 0.01513671875
0 0.29046563192904656 0.686279296875 0.2261640798226164 0.01708984375
2 0.2930524759793052 0.71826171875 0.1130820399113082 0.013671875
0 0.7058388765705839 0.704345703125 0.19364375461936437 0.01611328125
0 0.7150776053215078 0.734619140625 0.13082039911308205 0.01513671875
0 0.29379157427937913 0.74951171875 0.278640059127864 0.0166015625
2 0.2930524759793052 0.7802734375 0.1130820399113082 0.0146484375
0 0.3107908351810791 0.85302734375 0.09238728750923873 0.0234375
1 0.3107908351810791 0.323486328125 0.336289726533629 0.05029296875
1 0.2930524759793052 0.387451171875 0.34220251293422027 0.05126953125
1 0.29490022172949004 0.448974609375 0.2690317812269032 0.04931640625
1 0.29379157427937913 0.510498046875 0.21507760532150777 0.05126953125
1 0.2900960827790096 0.57275390625 0.37028824833702884 0.0498046875
1 0.295269770879527 0.6376953125 0.352549889135255 0.05078125
1 0.29490022172949004 0.702392578125 0.24242424242424243 0.04833984375
1 0.2915742793791574 0.7646484375 0.31116038433111604 0.0458984375
1 0.7036215816703622 0.65625 0.24685883222468588 0.0498046875
1 0.7058388765705839 0.718505859375 0.21581670362158167 0.04638671875
