0 0.7349570200573066 0.19947916666666668 0.17478510028653296 0.015625
0 0.7550143266475645 0.22708333333333333 0.20630372492836677 0.010416666666666666
0 0.6955587392550143 0.32135416666666666 0.08452722063037249 0.015625
0 0.37249283667621774 0.32083333333333336 0.1346704871060172 0.016666666666666666
0 0.7335243553008596 0.3338541666666667 0.1518624641833811 0.015625
0 0.37679083094555876 0.34791666666666665 0.1346704871060172 0.014583333333333334
0 0.7328080229226361 0.35833333333333334 0.1504297994269341 0.0125
0 0.3545845272206304 0.3776041666666667 0.1819484240687679 0.013541666666666667
0 0.7041547277936963 0.38697916666666665 0.08452722063037249 0.013541666666666667
0 0.7249283667621776 0.39791666666666664 0.1318051575931232 0.0125
0 0.3753581661891118 0.4046875 0.1318051575931232 0.013541666666666667
0 0.7399713467048711 0.42552083333333335 0.16189111747851004 0.013541666666666667
0 0.7564469914040115 0.46458333333333335 0.18911174785100288 0.016666666666666666
0 0.7650429799426934 0.4901041666666667 0.20916905444126074 0.015625
0 0.15974212034383956 0.5203125 0.1332378223495702 0.015625
0 0.7464183381088825 0.5161458333333333 0.16905444126074498 0.013541666666666667
0 0.167621776504298 0.5484375 0.12320916905444126 0.013541666666666667
0 0.16905444126074498 0.5786458333333333 0.1174785100286533 0.015625
0 0.7729226361031518 0.6380208333333334 0.2163323782234957 0.019791666666666666
0 0.7249283667621776 0.825 0.11461318051575932 0.014583333333333334
0 0.30515759312320917 0.8338541666666667 0.28653295128939826 0.019791666666666666
0 0.751432664756447 0.8520833333333333 0.15902578796561603 0.014583333333333334
0 0.3237822349570201 0.8598958333333333 0.2492836676217765 0.013541666666666667
0 0.33810888252148996 0.8880208333333334 0.22636103151862463 0.015625
0 0.7335243553008596 0.8822916666666667 0.12320916905444126 0.014583333333333334
0 0.3445558739255014 0.9182291666666667 0.2163323782234957 0.017708333333333333
2 0.24068767908309455 0.521875 0.02005730659025788 0.014583333333333334
2 0.45415472779369626 0.3223958333333333 0.02005730659025788 0.013541666666666667
2 0.45558739255014324 0.35 0.02005730659025788 0.014583333333333334
2 0.45415472779369626 0.3770833333333333 0.02005730659025788 0.014583333333333334
2 0.45630372492836674 0.403125 0.02148997134670487 0.014583333333333334
2 0.6425501432664756 0.3223958333333333 0.015759312320916905 0.011458333333333333
2 0.6425501432664756 0.3375 0.02148997134670487 0.010416666666666666
2 0.6432664756446992 0.3614583333333333 0.017191977077363897 0.010416666666666666
2 0.6446991404011462 0.3880208333333333 0.02005730659025788 0.011458333333333333
2 0.6454154727793696 0.4270833333333333 0.01862464183381089 0.0125
2 0.6497134670487106 0.5197916666666667 0.01862464183381089 0.0125
2 0.6468481375358166 0.4666666666666667 0.015759312320916905 0.0125
2 0.6497134670487106 0.49375 0.015759312320916905 0.008333333333333333
2 0.6497134670487106 0.6416666666666667 0.02148997134670487 0.0125
2 0.23925501432664756 0.5489583333333333 0.017191977077363897 0.010416666666666666
2 0.23925501432664756 0.5776041666666667 0.014326647564469915 0.013541666666666667
2 0.46275071633237824 0.83125 0.017191977077363897 0.010416666666666666
2 0.46275071633237824 0.8609375 0.017191977077363897 0.011458333333333333
2 0.46418338108882523 0.8885416666666667 0.017191977077363897 0.0125
2 0.4656160458452722 0.9171875 0.017191977077363897 0.011458333333333333
2 0.6575931232091691 0.8291666666666667 0.017191977077363897 0.0125
2 0.6554441260744985 0.8572916666666667 0.01862464183381089 0.010416666666666666
2 0.6561604584527221 0.8859375 0.017191977077363897 0.011458333333333333
2 0.6368194842406877 0.190625 0.015759312320916905 0.0125
1 0.745702005730659 0.21666666666666667 0.23925501432664756 0.06458333333333334
1 0.3839541547277937 0.3203125 0.16332378223495703 0.015625
1 0.3853868194842407 0.35625 0.166189111747851 0.029166666666666667
1 0.36174785100286533 0.378125 0.20487106017191978 0.016666666666666666
1 0.38825214899713467 0.40989583333333335 0.16045845272206305 0.030208333333333334
1 0.7306590257879656 0.321875 0.1977077363896848 0.014583333333333334
2 0.6439828080229226 0.40208333333333335 0.01862464183381089 0.0125
1 0.7421203438395415 0.340625 0.22349570200573066 0.027083333333333334
1 0.7285100286532952 0.36614583333333334 0.19340974212034384 0.028125
1 0.7392550143266475 0.38697916666666665 0.2177650429799427 0.015625
1 0.7156160458452722 0.3984375 0.16475644699140402 0.015625
1 0.7385386819484241 0.43645833333333334 0.1991404011461318 0.035416666666666666
1 0.751432664756447 0.46927083333333336 0.2335243553008596 0.026041666666666668
1 0.7693409742120344 0.496875 0.2664756446991404 0.025
1 0.754297994269341 0.5229166666666667 0.2335243553008596 0.027083333333333334
1 0.7607449856733525 0.6369791666666667 0.24068767908309455 0.019791666666666666
1 0.17263610315186245 0.5260416666666666 0.15902578796561603 0.03125
1 0.17836676217765043 0.5572916666666666 0.1504297994269341 0.029166666666666667
1 0.17836676217765043 0.5854166666666667 0.14183381088825214 0.029166666666666667
1 0.30730659025787965 0.8390625 0.330945558739255 0.034375
1 0.3502865329512894 0.89375 0.25644699140401145 0.029166666666666667
1 0.7163323782234957 0.8307291666666666 0.14326647564469913 0.030208333333333334
1 0.3560171919770774 0.9270833333333334 0.23638968481375358 0.03125
1 0.7428366762177651 0.8609375 0.1991404011461318 0.03229166666666667
1 0.751432664756447 0.8901041666666667 0.2163323782234957 0.028125
1 0.33739255014326647 0.8661458333333333 0.27363896848137537 0.028125
