2 0.8928571428571429 0.31475 0.10254596888260255 0.0195
0 0.6014851485148515 0.3195 0.17326732673267325 0.019
2 0.8917963224893918 0.3355 0.10325318246110325 0.02
0 0.6456859971711457 0.3415 0.26166902404526166 0.02
2 0.8917963224893918 0.3575 0.10325318246110325 0.02
0 0.5417256011315418 0.3615 0.05091937765205092 0.016
2 0.8999292786421499 0.379 0.0884016973125884 0.022
0 0.5848656294200849 0.3845 0.1371994342291372 0.02
0 0.6421499292786421 0.47475 0.24752475247524752 0.0185
2 0.8925035360678925 0.47675 0.1188118811881188 0.0175
0 0.6269448373408769 0.496 0.21994342291371993 0.024
2 0.9098302687411598 0.496 0.07991513437057991 0.016
0 0.628005657708628 0.5195 0.22065063649222066 0.024
2 0.900990099009901 0.521 0.10183875530410184 0.02
0 0.5371287128712872 0.53925 0.04172560113154172 0.0145
2 0.900990099009901 0.5425 0.10183875530410184 0.019
0 0.5608203677510608 0.56075 0.0891089108910891 0.0165
2 0.8935643564356436 0.563 0.1166902404526167 0.02
0 0.57001414427157 0.584 0.10891089108910891 0.023
2 0.900990099009901 0.5855 0.10183875530410184 0.019
0 0.5442008486562943 0.60425 0.05586987270155587 0.0145
2 0.8978076379066479 0.60525 0.10961810466760961 0.0235
0 0.620933521923621 0.62725 0.20933521923620935 0.0205
2 0.8861386138613861 0.62825 0.13295615275813297 0.0225
0 0.5951202263083452 0.706 0.1760961810466761 0.02
2 0.8886138613861386 0.70475 0.1265912305516266 0.0205
0 0.5675388967468176 0.72475 0.12093352192362093 0.0165
2 0.8907355021216408 0.7285 0.12376237623762376 0.022
0 0.5986562942008486 0.749 0.18316831683168316 0.02
2 0.8971004243281471 0.7515 0.11103253182461104 0.023
1 0.728076379066478 0.3165 0.4292786421499293 0.027
1 0.7294908062234795 0.3395 0.4292786421499293 0.027
1 0.733026874115983 0.3625 0.4292786421499293 0.027
1 0.7266619519094767 0.381 0.4292786421499293 0.027
1 0.7344413012729845 0.4725 0.4292786421499293 0.027
1 0.733026874115983 0.4975 0.4292786421499293 0.027
1 0.7337340876944838 0.515 0.4292786421499293 0.027
1 0.7362093352192363 0.58225 0.43422913719943423 0.0265
1 0.7323196605374823 0.5425 0.4292786421499293 0.027
1 0.7323196605374823 0.5595 0.4292786421499293 0.027
1 0.737977369165488 0.60425 0.4349363507779349 0.0265
1 0.7351485148514851 0.62525 0.4349363507779349 0.0265
1 0.7294908062234795 0.70325 0.4504950495049505 0.0255
1 0.733026874115983 0.72525 0.4504950495049505 0.0255
1 0.733026874115983 0.74625 0.4504950495049505 0.0255
