0 0.30572916666666666 0.24444444444444444 0.16770833333333332 0.05185185185185185
0 0.8083333333333333 0.2851851851851852 0.03125 0.02962962962962963
0 0.3390625 0.30277777777777776 0.240625 0.053703703703703705
0 0.8078125 0.33611111111111114 0.030208333333333334 0.027777777777777776
0 0.3578125 0.36666666666666664 0.28854166666666664 0.05185185185185185
0 0.8109375 0.3851851851851852 0.03229166666666667 0.02962962962962963
0 0.8135416666666667 0.4388888888888889 0.03125 0.02962962962962963
0 0.2713541666666667 0.41388888888888886 0.11354166666666667 0.046296296296296294
0 0.8166666666666667 0.4861111111111111 0.03125 0.027777777777777776
0 0.37135416666666665 0.48148148148148145 0.31354166666666666 0.05925925925925926
0 0.8197916666666667 0.5361111111111111 0.03125 0.03148148148148148
0 0.309375 0.5351851851851852 0.18541666666666667 0.04814814814814815
0 0.8229166666666666 0.587037037037037 0.035416666666666666 0.03333333333333333
0 0.26979166666666665 0.5925925925925926 0.10416666666666667 0.04814814814814815
0 0.825 0.6416666666666667 0.03333333333333333 0.03148148148148148
0 0.29375 0.6555555555555556 0.15416666666666667 0.044444444444444446
0 0.8286458333333333 0.6935185185185185 0.034375 0.03518518518518519
0 0.8322916666666667 0.7444444444444445 0.0375 0.040740740740740744
0 0.26927083333333335 0.7175925925925926 0.115625 0.04259259259259259
0 0.3265625 0.7851851851851852 0.22395833333333334 0.07777777777777778
0 0.8322916666666667 0.799074074074074 0.035416666666666666 0.03518518518518519
0 0.3223958333333333 0.8361111111111111 0.22395833333333334 0.05740740740740741
0 0.8375 0.8537037037037037 0.035416666666666666 0.037037037037037035
0 0.30833333333333335 0.9138888888888889 0.2 0.07962962962962963
1 0.5229166666666667 0.2574074074074074 0.60625 0.08888888888888889
1 0.5229166666666667 0.3111111111111111 0.6083333333333333 0.07777777777777778
1 0.5213541666666667 0.36666666666666664 0.6135416666666667 0.06666666666666667
1 0.5213541666666667 0.4203703703703704 0.6197916666666666 0.05925925925925926
1 0.5244791666666667 0.4740740740740741 0.6197916666666666 0.05555555555555555
1 0.525 0.5314814814814814 0.6229166666666667 0.05185185185185185
1 0.5296875 0.5907407407407408 0.6239583333333333 0.05185185185185185
1 0.53125 0.6518518518518519 0.6291666666666667 0.05185185185185185
1 0.528125 0.7083333333333334 0.6375 0.06111111111111111
1 0.5338541666666666 0.7675925925925926 0.646875 0.08703703703703704
1 0.5333333333333333 0.825 0.65625 0.08333333333333333
1 0.5354166666666667 0.8814814814814815 0.6604166666666667 0.1037037037037037
