0 0.6037037037037037 0.4354166666666667 0.26666666666666666 0.03125
0 0.6296296296296297 0.5520833333333334 0.2 0.03125
0 0.6259259259259259 0.675 0.2037037037037037 0.029166666666666667
0 0.5611111111111111 0.7822916666666667 0.35185185185185186 0.03125
2 0.8277777777777777 0.4375 0.13333333333333333 0.03125
2 0.8185185185185185 0.5520833333333334 0.13333333333333333 0.03125
2 0.8240740740740741 0.6760416666666667 0.13333333333333333 0.03125
2 0.8203703703703704 0.7875 0.13333333333333333 0.03125
1 0.6814814814814815 0.43645833333333334 0.42962962962962964 0.0375
1 0.7101851851851851 0.5546875 0.3648148148148148 0.03854166666666667
1 0.7111111111111111 0.6755208333333333 0.37407407407407406 0.03229166666666667
1 0.6370370370370371 0.7838541666666666 0.5 0.03854166666666667
