0 0.2986111111111111 0.3260416666666667 0.3 0.06041666666666667
0 0.5868055555555556 0.396875 0.16527777777777777 0.04791666666666667
0 0.27569444444444446 0.4015625 0.2652777777777778 0.057291666666666664
0 0.5965277777777778 0.46927083333333336 0.15694444444444444 0.046875
0 0.2847222222222222 0.4661458333333333 0.2833333333333333 0.046875
0 0.6020833333333333 0.5369791666666667 0.16527777777777777 0.051041666666666666
0 0.2375 0.5411458333333333 0.20277777777777778 0.05520833333333333
0 0.7180555555555556 0.6151041666666667 0.36666666666666664 0.05520833333333333
0 0.2604166666666667 0.6145833333333334 0.2513888888888889 0.04791666666666667
0 0.6763888888888889 0.6885416666666667 0.31666666666666665 0.05416666666666667
0 0.26458333333333334 0.6932291666666667 0.2791666666666667 0.065625
0 0.27847222222222223 0.7666666666666667 0.32083333333333336 0.06666666666666667
0 0.47291666666666665 0.8427083333333333 0.6013888888888889 0.05
2 0.7590277777777777 0.2671875 0.1986111111111111 0.05520833333333333
0 0.7479166666666667 0.7682291666666666 0.4652777777777778 0.06354166666666666
0 0.6263888888888889 0.32864583333333336 0.25 0.059375
2 0.8340277777777778 0.8421875 0.10138888888888889 0.040625
1 0.5291666666666667 0.840625 0.7194444444444444 0.05
1 0.5493055555555556 0.5192708333333333 0.8680555555555556 0.565625
