0 0.5883940620782726 0.20260416666666667 0.2213225371120108 0.028125
0 0.578272604588394 0.24270833333333333 0.18758434547908232 0.029166666666666667
0 0.5755735492577598 0.2760416666666667 0.18758434547908232 0.029166666666666667
0 0.5715249662618084 0.309375 0.18758434547908232 0.029166666666666667
0 0.5742240215924427 0.4270833333333333 0.18758434547908232 0.029166666666666667
0 0.5769230769230769 0.46041666666666664 0.18758434547908232 0.029166666666666667
0 0.553306342780027 0.59375 0.1484480431848853 0.029166666666666667
0 0.6187584345479082 0.6286458333333333 0.26855600539811064 0.028125
0 0.5850202429149798 0.6661458333333333 0.20917678812415655 0.021875
0 0.626855600539811 0.7947916666666667 0.2982456140350877 0.027083333333333334
0 0.5985155195681512 0.83125 0.23076923076923078 0.027083333333333334
0 0.6153846153846154 0.8671875 0.26720647773279355 0.030208333333333334
0 0.578272604588394 0.9046875 0.1902834008097166 0.026041666666666668
2 0.8792172739541161 0.20625 0.058029689608636977 0.020833333333333332
2 0.8819163292847504 0.23958333333333334 0.058029689608636977 0.020833333333333332
2 0.8846153846153846 0.27708333333333335 0.058029689608636977 0.020833333333333332
2 0.8846153846153846 0.31354166666666666 0.058029689608636977 0.020833333333333332
2 0.888663967611336 0.4635416666666667 0.058029689608636977 0.020833333333333332
2 0.8832658569500674 0.4239583333333333 0.058029689608636977 0.020833333333333332
2 0.9021592442645074 0.5958333333333333 0.058029689608636977 0.020833333333333332
2 0.9008097165991903 0.6302083333333334 0.058029689608636977 0.020833333333333332
2 0.9008097165991903 0.6697916666666667 0.058029689608636977 0.020833333333333332
2 0.8913630229419703 0.7947916666666667 0.058029689608636977 0.020833333333333332
2 0.8913630229419703 0.9041666666666667 0.058029689608636977 0.020833333333333332
2 0.8900134952766532 0.8302083333333333 0.058029689608636977 0.020833333333333332
2 0.8913630229419703 0.865625 0.058029689608636977 0.020833333333333332
1 0.694331983805668 0.20416666666666666 0.43859649122807015 0.03333333333333333
1 0.7010796221322537 0.240625 0.43859649122807015 0.03333333333333333
1 0.6983805668016194 0.27395833333333336 0.43859649122807015 0.03333333333333333
1 0.694331983805668 0.31354166666666666 0.43859649122807015 0.03333333333333333
1 0.7024291497975709 0.4239583333333333 0.43859649122807015 0.03333333333333333
1 0.7010796221322537 0.45729166666666665 0.43859649122807015 0.03333333333333333
1 0.7064777327935222 0.5942708333333333 0.4574898785425101 0.028125
1 0.7064777327935222 0.6307291666666667 0.4574898785425101 0.028125
1 0.7078272604588394 0.6661458333333333 0.4574898785425101 0.028125
1 0.7017543859649122 0.7963541666666667 0.44804318488529016 0.026041666666666668
1 0.7017543859649122 0.8328125 0.4426450742240216 0.028125
1 0.7017543859649122 0.8661458333333333 0.4399460188933873 0.028125
1 0.7024291497975709 0.9046875 0.44399460188933876 0.028125
