0 0.530961791831357 0.0266798418972332 0.3241106719367589 0.045454545454545456
2 0.8563899868247694 0.02766798418972332 0.1844532279314888 0.043478260869565216
2 0.8544137022397892 0.08893280632411067 0.1831357048748353 0.04743083003952569
0 0.49472990777338605 0.09288537549407115 0.2490118577075099 0.043478260869565216
2 0.8432147562582345 0.1482213438735178 0.16600790513833993 0.05138339920948617
0 0.5197628458498024 0.15612648221343872 0.29907773386034253 0.05138339920948617
0 0.48023715415019763 0.2134387351778656 0.21739130434782608 0.05138339920948617
2 0.839262187088274 0.26679841897233203 0.16073781291172595 0.043478260869565216
0 0.5329380764163373 0.2766798418972332 0.3201581027667984 0.04743083003952569
2 0.8359683794466403 0.3300395256916996 0.15678524374176547 0.043478260869565216
0 0.4295125164690382 0.3300395256916996 0.11330698287220026 0.039525691699604744
0 0.5270092226613966 0.391304347826087 0.308300395256917 0.05138339920948617
2 0.8484848484848485 0.3883399209486166 0.18181818181818182 0.045454545454545456
0 0.525691699604743 0.44762845849802374 0.30303030303030304 0.0533596837944664
2 0.8465085638998683 0.44565217391304346 0.1831357048748353 0.04940711462450593
2 0.8333333333333334 0.5039525691699605 0.15942028985507245 0.043478260869565216
0 0.44861660079051385 0.5039525691699605 0.14888010540184454 0.043478260869565216
2 0.8168642951251647 0.558300395256917 0.13175230566534915 0.06126482213438735
0 0.42424242424242425 0.558300395256917 0.09749670619235837 0.045454545454545456
0 0.4393939393939394 0.6156126482213439 0.12779973649538867 0.041501976284584984
2 0.839262187088274 0.6156126482213439 0.17654808959156784 0.05731225296442688
0 0.49670619235836627 0.6699604743083004 0.24242424242424243 0.04743083003952569
2 0.836627140974967 0.6729249011857708 0.17391304347826086 0.045454545454545456
0 0.45718050065876153 0.7252964426877471 0.16337285902503293 0.043478260869565216
2 0.8451910408432147 0.7292490118577075 0.19104084321475626 0.04743083003952569
0 0.4183135704874835 0.782608695652174 0.08036890645586298 0.043478260869565216
2 0.8359683794466403 0.7845849802371542 0.1725955204216074 0.04743083003952569
0 0.5131752305665349 0.8349802371541502 0.2753623188405797 0.0533596837944664
2 0.83399209486166 0.8389328063241107 0.17391304347826086 0.0533596837944664
2 0.8241106719367589 0.892292490118577 0.15678524374176547 0.045454545454545456
0 0.427536231884058 0.8903162055335968 0.09881422924901186 0.037549407114624504
0 0.4281949934123847 0.9397233201581028 0.10276679841897234 0.041501976284584984
2 0.8320158102766798 0.9446640316205533 0.1725955204216074 0.04743083003952569
1 0.6574440052700923 0.025691699604743084 0.5849802371541502 0.04743083003952569
2 0.841897233201581 0.21047430830039526 0.16337285902503293 0.041501976284584984
1 0.6587615283267457 0.08695652173913043 0.5849802371541502 0.04743083003952569
1 0.650197628458498 0.15316205533596838 0.5652173913043478 0.045454545454545456
1 0.658102766798419 0.2124505928853755 0.5652173913043478 0.045454545454545456
1 0.658102766798419 0.2707509881422925 0.5652173913043478 0.04743083003952569
1 0.6567852437417655 0.3922924901185771 0.5652173913043478 0.045454545454545456
1 0.650197628458498 0.32707509881422925 0.5652173913043478 0.045454545454545456
1 0.660737812911726 0.44565217391304346 0.5652173913043478 0.045454545454545456
1 0.644927536231884 0.5029644268774703 0.544137022397892 0.045454545454545456
1 0.6482213438735178 0.558300395256917 0.5454545454545454 0.045454545454545456
1 0.6521739130434783 0.6185770750988142 0.5507246376811594 0.04743083003952569
1 0.6488801054018445 0.6719367588932806 0.5520421607378129 0.04743083003952569
1 0.6574440052700923 0.7272727272727273 0.5638998682476943 0.04743083003952569
1 0.652832674571805 0.7786561264822134 0.5520421607378129 0.04743083003952569
1 0.6554677206851119 0.8379446640316206 0.5520421607378129 0.04743083003952569
1 0.6442687747035574 0.8913043478260869 0.5296442687747036 0.05138339920948617
1 0.6462450592885376 0.941699604743083 0.5362318840579711 0.0533596837944664
