0 0.211 0.25225225225225223 0.178 0.03003003003003003
0 0.221 0.29954954954954954 0.19 0.028528528528528527
0 0.194 0.3475975975975976 0.132 0.028528528528528527
0 0.242 0.3948948948948949 0.212 0.03303303303303303
0 0.242 0.43993993993993996 0.212 0.03303303303303303
0 0.263 0.48423423423423423 0.266 0.03453453453453453
0 0.253 0.5277777777777778 0.23 0.03753753753753754
0 0.23 0.5765765765765766 0.184 0.03003003003003003
0 0.245 0.6216216216216216 0.206 0.03003003003003003
0 0.316 0.6644144144144144 0.344 0.03153153153153153
0 0.201 0.7094594594594594 0.114 0.028528528528528527
0 0.279 0.7537537537537538 0.254 0.036036036036036036
0 0.221 0.7942942942942943 0.146 0.03003003003003003
2 0.34 0.2515015015015015 0.056 0.025525525525525526
2 0.354 0.2980480480480481 0.056 0.025525525525525526
2 0.296 0.3475975975975976 0.056 0.025525525525525526
2 0.386 0.39264264264264265 0.056 0.025525525525525526
2 0.388 0.4391891891891892 0.056 0.025525525525525526
2 0.383 0.6201201201201201 0.054 0.024024024024024024
2 0.426 0.48123123123123124 0.056 0.025525525525525526
2 0.402 0.5262762762762763 0.056 0.025525525525525526
2 0.354 0.5728228228228228 0.056 0.025525525525525526
2 0.522 0.6659159159159159 0.056 0.025525525525525526
2 0.296 0.7079579579579579 0.056 0.025525525525525526
2 0.346 0.7965465465465466 0.096 0.028528528528528527
2 0.444 0.753003003003003 0.056 0.025525525525525526
1 0.247 0.2515015015015015 0.258 0.03453453453453453
1 0.253 0.29954954954954954 0.258 0.03453453453453453
1 0.228 0.34534534534534533 0.204 0.036036036036036036
1 0.277 0.3911411411411411 0.282 0.03453453453453453
1 0.273 0.4391891891891892 0.282 0.03453453453453453
1 0.294 0.48573573573573575 0.332 0.03753753753753754
1 0.287 0.5277777777777778 0.298 0.03753753753753754
1 0.258 0.5735735735735735 0.248 0.03003003003003003
1 0.276 0.6216216216216216 0.272 0.03003003003003003
1 0.349 0.6659159159159159 0.41 0.03153153153153153
1 0.237 0.7087087087087087 0.182 0.03303303303303303
1 0.31 0.7515015015015015 0.324 0.03453453453453453
1 0.271 0.795045045045045 0.25 0.03453453453453453
