0 0.5293333333333333 0.08533333333333333 0.16266666666666665 0.048
0 0.5746666666666667 0.037333333333333336 0.25333333333333335 0.042666666666666665
0 0.5373333333333333 0.12666666666666668 0.17333333333333334 0.04533333333333334
2 0.7866666666666666 0.148 0.14933333333333335 0.04
0 0.5546666666666666 0.164 0.208 0.04533333333333334
0 0.5973333333333334 0.208 0.2986666666666667 0.05333333333333334
2 0.7933333333333333 0.23866666666666667 0.152 0.04533333333333334
0 0.628 0.2866666666666667 0.36 0.056
2 0.792 0.32133333333333336 0.15466666666666667 0.04533333333333334
0 0.596 0.36933333333333335 0.296 0.04533333333333334
2 0.7933333333333333 0.408 0.152 0.048
0 0.6186666666666667 0.45466666666666666 0.352 0.04533333333333334
2 0.796 0.49733333333333335 0.16266666666666665 0.04
0 0.6 0.5426666666666666 0.304 0.04533333333333334
2 0.8 0.7226666666666667 0.16 0.037333333333333336
0 0.572 0.6213333333333333 0.25866666666666666 0.042666666666666665
2 0.8026666666666666 0.6733333333333333 0.16533333333333333 0.050666666666666665
0 0.576 0.716 0.256 0.04533333333333334
0 0.5653333333333334 0.7626666666666667 0.22933333333333333 0.048
0 0.5613333333333334 0.812 0.22133333333333333 0.04533333333333334
2 0.8013333333333333 0.8213333333333334 0.15733333333333333 0.042666666666666665
0 0.5106666666666667 0.8573333333333333 0.13066666666666665 0.04
2 0.8013333333333333 0.868 0.17866666666666667 0.04
0 0.5613333333333334 0.908 0.23733333333333334 0.056
2 0.788 0.9746666666666667 0.19466666666666665 0.04
0 0.5413333333333333 0.96 0.23466666666666666 0.048
2 0.788 0.028 0.14666666666666667 0.034666666666666665
2 0.7893333333333333 0.07066666666666667 0.14933333333333335 0.04
2 0.784 0.06533333333333333 0.14933333333333335 0.04
2 0.796 0.588 0.16266666666666665 0.04
2 0.8 0.7706666666666667 0.16 0.037333333333333336
1 0.6533333333333333 0.9666666666666667 0.4693333333333333 0.056
1 0.664 0.8626666666666667 0.44266666666666665 0.050666666666666665
1 0.664 0.8146666666666667 0.44266666666666665 0.050666666666666665
1 0.6613333333333333 0.7666666666666667 0.44266666666666665 0.050666666666666665
1 0.6666666666666666 0.716 0.44266666666666665 0.050666666666666665
1 0.656 0.6453333333333333 0.432 0.096
1 0.66 0.5613333333333334 0.42933333333333334 0.07733333333333334
1 0.6546666666666666 0.4706666666666667 0.42933333333333334 0.07733333333333334
1 0.6626666666666666 0.388 0.42933333333333334 0.07733333333333334
1 0.66 0.3 0.42933333333333334 0.07733333333333334
1 0.66 0.22 0.42933333333333334 0.07733333333333334
1 0.6546666666666666 0.156 0.4186666666666667 0.056
1 0.6466666666666666 0.11866666666666667 0.4186666666666667 0.056
1 0.6493333333333333 0.07866666666666666 0.4186666666666667 0.056
1 0.6546666666666666 0.03866666666666667 0.4186666666666667 0.056
