0 0.15193370165745856 0.08837890625 0.15331491712707182 0.0224609375
2 0.3722375690607735 0.086181640625 0.04281767955801105 0.01513671875
0 0.5935773480662984 0.0869140625 0.12361878453038674 0.021484375
2 0.8173342541436464 0.086669921875 0.12223756906077347 0.01611328125
0 0.6015193370165746 0.112060546875 0.13674033149171272 0.02001953125
0 0.17886740331491713 0.115966796875 0.2058011049723757 0.02587890625
2 0.8173342541436464 0.111572265625 0.12223756906077347 0.01611328125
2 0.37327348066298344 0.113525390625 0.04488950276243094 0.01708984375
0 0.6108425414364641 0.1357421875 0.15538674033149172 0.017578125
2 0.8173342541436464 0.136474609375 0.12223756906077347 0.01611328125
0 0.1460635359116022 0.14404296875 0.14433701657458564 0.02734375
2 0.37327348066298344 0.140869140625 0.04488950276243094 0.01708984375
0 0.6343232044198895 0.16259765625 0.2037292817679558 0.0224609375
2 0.7776243093922652 0.159423828125 0.04281767955801105 0.01611328125
0 0.15469613259668508 0.16748046875 0.1574585635359116 0.021484375
2 0.37327348066298344 0.1669921875 0.04074585635359116 0.0146484375
0 0.6053176795580111 0.185791015625 0.1457182320441989 0.02197265625
2 0.7776243093922652 0.1865234375 0.04281767955801105 0.0146484375
2 0.37327348066298344 0.1943359375 0.04488950276243094 0.017578125
0 0.15883977900552487 0.1962890625 0.1643646408839779 0.0185546875
0 0.6142955801104972 0.21044921875 0.16367403314917128 0.0205078125
2 0.7786602209944752 0.211669921875 0.04488950276243094 0.01611328125
2 0.37189226519337015 0.220947265625 0.04488950276243094 0.01611328125
0 0.1477900552486188 0.223388671875 0.14226519337016574 0.01611328125
0 0.5887430939226519 0.236083984375 0.1111878453038674 0.02001953125
2 0.7841850828729282 0.23583984375 0.05593922651933702 0.0146484375
0 0.6291436464088398 0.260498046875 0.19337016574585636 0.02490234375
2 0.7855662983425414 0.2607421875 0.05593922651933702 0.017578125
0 0.6294889502762431 0.28564453125 0.19544198895027623 0.0234375
2 0.7762430939226519 0.283447265625 0.04281767955801105 0.01611328125
0 0.6153314917127072 0.31005859375 0.1643646408839779 0.017578125
2 0.7786602209944752 0.31005859375 0.04488950276243094 0.017578125
0 0.1136049723756906 0.328857421875 0.12638121546961326 0.01611328125
2 0.4026243093922652 0.328369140625 0.04143646408839779 0.01513671875
0 0.6163674033149171 0.336181640625 0.1664364640883978 0.02001953125
2 0.7786602209944752 0.3349609375 0.04488950276243094 0.017578125
0 0.13363259668508287 0.357421875 0.1664364640883978 0.021484375
2 0.4026243093922652 0.355712890625 0.04143646408839779 0.01513671875
0 0.15676795580110497 0.38525390625 0.20994475138121546 0.0224609375
2 0.4026243093922652 0.383056640625 0.04143646408839779 0.01513671875
0 0.15400552486187846 0.41162109375 0.20303867403314918 0.017578125
2 0.4036602209944751 0.409912109375 0.04350828729281768 0.01611328125
0 0.12603591160220995 0.439208984375 0.1484806629834254 0.02001953125
2 0.4026243093922652 0.437744140625 0.04143646408839779 0.01513671875
0 0.6163674033149171 0.439453125 0.17748618784530387 0.0185546875
2 0.7997237569060773 0.4404296875 0.058011049723756904 0.017578125
0 0.16505524861878454 0.466796875 0.2265193370165746 0.0263671875
2 0.4098756906077348 0.465576171875 0.05593922651933702 0.01611328125
0 0.6142955801104972 0.470947265625 0.17472375690607736 0.02197265625
2 0.7986878453038674 0.47021484375 0.05593922651933702 0.0146484375
0 0.15676795580110497 0.494140625 0.20994475138121546 0.0224609375
2 0.4098756906077348 0.492431640625 0.05593922651933702 0.01513671875
0 0.6170580110497238 0.501953125 0.18024861878453038 0.0234375
2 0.7986878453038674 0.49951171875 0.057320441988950276 0.017578125
0 0.13466850828729282 0.522216796875 0.1643646408839779 0.02001953125
2 0.41091160220994477 0.52099609375 0.058011049723756904 0.017578125
0 0.575621546961326 0.531982421875 0.09599447513812155 0.01611328125
2 0.7986878453038674 0.531494140625 0.05593922651933702 0.01513671875
0 0.1899171270718232 0.549560546875 0.27486187845303867 0.02001953125
2 0.42230662983425415 0.549560546875 0.0835635359116022 0.02001953125
0 0.5904696132596685 0.5615234375 0.12569060773480664 0.017578125
2 0.7986878453038674 0.5615234375 0.05593922651933702 0.0146484375
0 0.2102900552486188 0.577392578125 0.31560773480662985 0.01904296875
0 0.14951657458563536 0.60400390625 0.19406077348066297 0.0224609375
2 0.4219613259668508 0.60498046875 0.08425414364640885 0.021484375
2 0.42265193370165743 0.57470703125 0.08425414364640885 0.021484375
1 0.23791436464088397 0.088134765625 0.3280386740331492 0.02392578125
1 0.23791436464088397 0.114501953125 0.3280386740331492 0.02392578125
1 0.23791436464088397 0.141845703125 0.3280386740331492 0.02392578125
1 0.23515193370165746 0.167724609375 0.3280386740331492 0.02392578125
1 0.23860497237569062 0.195068359375 0.3280386740331492 0.02392578125
1 0.23584254143646408 0.224365234375 0.3280386740331492 0.02392578125
1 0.23756906077348067 0.33056640625 0.3715469613259669 0.0234375
1 0.23480662983425415 0.35546875 0.3715469613259669 0.0234375
1 0.23825966850828728 0.3828125 0.3715469613259669 0.0234375
1 0.2430939226519337 0.4111328125 0.3715469613259669 0.0234375
1 0.2430939226519337 0.43798828125 0.3715469613259669 0.0234375
1 0.2451657458563536 0.465087890625 0.3839779005524862 0.01904296875
1 0.24447513812154695 0.493408203125 0.38812154696132595 0.02294921875
1 0.2430939226519337 0.518798828125 0.38812154696132595 0.02294921875
1 0.2569060773480663 0.547607421875 0.4129834254143646 0.02783203125
1 0.262085635359116 0.576171875 0.41091160220994477 0.0224609375
1 0.25587016574585636 0.60302734375 0.41091160220994477 0.0224609375
1 0.7064917127071824 0.087158203125 0.34806629834254144 0.02587890625
1 0.7064917127071824 0.112060546875 0.34806629834254144 0.02587890625
1 0.705110497237569 0.136962890625 0.34806629834254144 0.02587890625
1 0.6712707182320442 0.16064453125 0.2776243093922652 0.02734375
1 0.6671270718232044 0.186767578125 0.26933701657458564 0.02490234375
1 0.6702348066298343 0.21142578125 0.27002762430939226 0.0205078125
1 0.669889502762431 0.236083984375 0.2776243093922652 0.02587890625
1 0.6733425414364641 0.257568359375 0.2776243093922652 0.02587890625
1 0.6719613259668509 0.282470703125 0.2776243093922652 0.02587890625
1 0.6705801104972375 0.307373046875 0.2776243093922652 0.02587890625
1 0.6691988950276243 0.331298828125 0.2776243093922652 0.02587890625
1 0.6826657458563536 0.439453125 0.29765193370165743 0.0244140625
1 0.6757596685082873 0.4697265625 0.29765193370165743 0.0244140625
1 0.6757596685082873 0.50244140625 0.29765193370165743 0.0244140625
1 0.6729972375690608 0.53125 0.29765193370165743 0.0244140625
1 0.676450276243094 0.5625 0.29765193370165743 0.0244140625
