2 0.37482758620689655 0.382568359375 0.05586206896551724 0.01611328125
0 0.15241379310344827 0.383056640625 0.1489655172413793 0.02490234375
0 0.6203448275862069 0.3955078125 0.12758620689655173 0.0185546875
2 0.8837931034482759 0.398193359375 0.13310344827586207 0.02099609375
0 0.14758620689655172 0.408935546875 0.14344827586206896 0.02490234375
2 0.37482758620689655 0.4091796875 0.05586206896551724 0.0146484375
2 0.8472413793103448 0.423095703125 0.05586206896551724 0.01611328125
0 0.6541379310344828 0.422119140625 0.19517241379310346 0.02001953125
2 0.4093103448275862 0.435791015625 0.12206896551724138 0.01611328125
0 0.14448275862068966 0.43505859375 0.13448275862068965 0.0224609375
0 0.666896551724138 0.447509765625 0.21793103448275863 0.02197265625
2 0.85 0.448486328125 0.05724137931034483 0.01708984375
2 0.4093103448275862 0.463134765625 0.12206896551724138 0.01611328125
0 0.18551724137931033 0.4599609375 0.21517241379310345 0.0205078125
2 0.8427586206896551 0.473876953125 0.04275862068965517 0.01611328125
0 0.6503448275862069 0.472900390625 0.18068965517241378 0.02001953125
0 0.19482758620689655 0.48779296875 0.22689655172413792 0.0224609375
2 0.3913793103448276 0.49169921875 0.08620689655172414 0.021484375
0 0.6293103448275862 0.496826171875 0.14 0.02392578125
2 0.8444827586206897 0.498046875 0.043448275862068966 0.017578125
2 0.37103448275862067 0.516357421875 0.041379310344827586 0.01611328125
0 0.1713793103448276 0.513671875 0.1910344827586207 0.01953125
0 0.6658620689655173 0.521728515625 0.21310344827586206 0.02294921875
2 0.8420689655172414 0.524658203125 0.04275862068965517 0.02197265625
2 0.3782758620689655 0.543212890625 0.05586206896551724 0.01513671875
0 0.17793103448275863 0.541748046875 0.1889655172413793 0.01904296875
2 0.8413793103448276 0.541015625 0.05931034482758621 0.0234375
0 0.673448275862069 0.548583984375 0.22413793103448276 0.02294921875
0 0.19 0.57080078125 0.22275862068965518 0.0244140625
2 0.37275862068965515 0.5693359375 0.04068965517241379 0.0146484375
2 0.8520689655172414 0.5751953125 0.05862068965517241 0.0244140625
0 0.6337931034482759 0.57373046875 0.14482758620689656 0.021484375
0 0.6637931034482759 0.598388671875 0.20758620689655172 0.02783203125
2 0.8513793103448276 0.602294921875 0.05724137931034483 0.02001953125
2 0.37275862068965515 0.5966796875 0.04068965517241379 0.0146484375
0 0.1579310344827586 0.593505859375 0.1503448275862069 0.02001953125
0 0.6686206896551724 0.623779296875 0.21172413793103448 0.02392578125
2 0.853103448275862 0.625732421875 0.05655172413793103 0.02587890625
0 0.18517241379310345 0.619384765625 0.20896551724137932 0.02392578125
2 0.3796551724137931 0.623046875 0.05724137931034483 0.017578125
2 0.8255172413793104 0.7216796875 0.044137931034482755 0.0205078125
0 0.6603448275862069 0.720458984375 0.20206896551724138 0.02099609375
2 0.36448275862068963 0.742431640625 0.043448275862068966 0.01513671875
0 0.6582758620689655 0.74658203125 0.20620689655172414 0.0244140625
2 0.8248275862068966 0.745849609375 0.04275862068965517 0.02392578125
0 0.16413793103448276 0.74072265625 0.1310344827586207 0.0263671875
2 0.826551724137931 0.771728515625 0.04896551724137931 0.02197265625
2 0.36448275862068963 0.769287109375 0.043448275862068966 0.01611328125
0 0.6475862068965518 0.773681640625 0.18344827586206897 0.02685546875
0 0.14344827586206896 0.7685546875 0.0910344827586207 0.025390625
2 0.8268965517241379 0.79833984375 0.04551724137931035 0.01953125
0 0.6548275862068965 0.80078125 0.20482758620689656 0.0244140625
2 0.3617241379310345 0.798095703125 0.05172413793103448 0.01708984375
0 0.1820689655172414 0.796875 0.1724137931034483 0.0263671875
2 0.8251724137931035 0.822998046875 0.04482758620689655 0.02197265625
0 0.6575862068965517 0.824951171875 0.20344827586206896 0.02880859375
2 0.3624137931034483 0.8251953125 0.05310344827586207 0.017578125
0 0.15551724137931033 0.82421875 0.11241379310344828 0.0244140625
2 0.8268965517241379 0.84814453125 0.04551724137931035 0.025390625
0 0.6196551724137931 0.848876953125 0.12758620689655173 0.02294921875
2 0.3610344827586207 0.8544921875 0.05310344827586207 0.017578125
0 0.19724137931034483 0.853759765625 0.2013793103448276 0.02294921875
2 0.8244827586206896 0.8740234375 0.0503448275862069 0.021484375
0 0.6375862068965518 0.873291015625 0.16344827586206898 0.02490234375
2 0.3610344827586207 0.880615234375 0.05310344827586207 0.01513671875
0 0.1706896551724138 0.881103515625 0.1496551724137931 0.02294921875
2 0.8258620689655173 0.897216796875 0.043448275862068966 0.02490234375
0 0.6579310344827586 0.900390625 0.1986206896551724 0.025390625
0 0.20310344827586208 0.90673828125 0.20758620689655172 0.0244140625
2 0.3606896551724138 0.909423828125 0.057931034482758624 0.01806640625
2 0.8272413793103448 0.92333984375 0.0503448275862069 0.025390625
0 0.6279310344827587 0.924072265625 0.14275862068965517 0.02099609375
2 0.3620689655172414 0.934326171875 0.05517241379310345 0.01904296875
0 0.19551724137931034 0.93603515625 0.2006896551724138 0.0263671875
2 0.8244827586206896 0.947021484375 0.046206896551724136 0.02294921875
0 0.616551724137931 0.9482421875 0.11586206896551725 0.0224609375
1 0.24241379310344827 0.383056640625 0.3317241379310345 0.02685546875
1 0.24724137931034482 0.406982421875 0.3317241379310345 0.02685546875
1 0.27620689655172415 0.43359375 0.39517241379310347 0.0263671875
1 0.2731034482758621 0.459716796875 0.38620689655172413 0.02197265625
1 0.2403448275862069 0.621337890625 0.3317241379310345 0.02685546875
1 0.2620689655172414 0.4873046875 0.36 0.025390625
1 0.24275862068965517 0.513427734375 0.3213793103448276 0.02587890625
1 0.23896551724137932 0.539794921875 0.3317241379310345 0.02685546875
1 0.24310344827586206 0.569091796875 0.3317241379310345 0.02685546875
1 0.2403448275862069 0.592041015625 0.3317241379310345 0.02685546875
1 0.24655172413793103 0.739501953125 0.29172413793103447 0.02587890625
1 0.24379310344827587 0.766845703125 0.29172413793103447 0.02587890625
1 0.24241379310344827 0.796142578125 0.29172413793103447 0.02587890625
1 0.2410344827586207 0.824462890625 0.29172413793103447 0.02587890625
1 0.24448275862068966 0.852783203125 0.29172413793103447 0.02587890625
1 0.2382758620689655 0.878173828125 0.29172413793103447 0.02587890625
1 0.2403448275862069 0.908447265625 0.29172413793103447 0.02587890625
1 0.23896551724137932 0.936767578125 0.29172413793103447 0.02587890625
1 0.7551724137931034 0.395263671875 0.3972413793103448 0.02392578125
1 0.7051724137931035 0.719970703125 0.29172413793103447 0.02587890625
1 0.7010344827586207 0.744873046875 0.29172413793103447 0.02587890625
1 0.6968965517241379 0.773193359375 0.29172413793103447 0.02587890625
1 0.7010344827586207 0.799072265625 0.29172413793103447 0.02587890625
1 0.6982758620689655 0.821044921875 0.29172413793103447 0.02587890625
1 0.6982758620689655 0.846923828125 0.29172413793103447 0.02587890625
1 0.6968965517241379 0.871826171875 0.29172413793103447 0.02587890625
1 0.6982758620689655 0.893798828125 0.29172413793103447 0.02587890625
1 0.7010344827586207 0.920654296875 0.29172413793103447 0.02587890625
1 0.7058620689655173 0.949951171875 0.29172413793103447 0.02587890625
1 0.7244827586206897 0.422607421875 0.32620689655172413 0.02587890625
1 0.7220689655172414 0.447998046875 0.3158620689655172 0.02490234375
1 0.7206896551724138 0.473388671875 0.3158620689655172 0.02490234375
1 0.7151724137931035 0.499267578125 0.3158620689655172 0.02490234375
1 0.716551724137931 0.524658203125 0.3158620689655172 0.02490234375
1 0.7227586206896551 0.551513671875 0.3158620689655172 0.02490234375
1 0.7227586206896551 0.574462890625 0.3158620689655172 0.02490234375
1 0.72 0.602783203125 0.3158620689655172 0.02490234375
1 0.72 0.623779296875 0.3158620689655172 0.02490234375
