0 0.18055555555555555 0.3984375 0.1388888888888889 0.021875
2 0.46111111111111114 0.39947916666666666 0.044444444444444446 0.017708333333333333
0 0.17916666666666667 0.41875 0.1361111111111111 0.020833333333333332
2 0.46111111111111114 0.41822916666666665 0.044444444444444446 0.017708333333333333
0 0.1798611111111111 0.4375 0.14027777777777778 0.025
2 0.4534722222222222 0.43802083333333336 0.059722222222222225 0.017708333333333333
0 0.14722222222222223 0.4953125 0.05 0.019791666666666666
2 0.4673611111111111 0.496875 0.03194444444444444 0.01875
0 0.14722222222222223 0.5161458333333333 0.05 0.017708333333333333
2 0.4673611111111111 0.5166666666666667 0.03194444444444444 0.01875
0 0.17430555555555555 0.5359375 0.10138888888888889 0.019791666666666666
2 0.4597222222222222 0.5359375 0.041666666666666664 0.015625
0 0.14652777777777778 0.5552083333333333 0.04583333333333333 0.01875
2 0.45902777777777776 0.5552083333333333 0.04583333333333333 0.020833333333333332
2 0.4597222222222222 0.575 0.041666666666666664 0.01875
0 0.17083333333333334 0.5755208333333334 0.09722222222222222 0.017708333333333333
2 0.46111111111111114 0.5947916666666667 0.044444444444444446 0.020833333333333332
0 0.15069444444444444 0.5963541666666666 0.0625 0.021875
0 0.16458333333333333 0.615625 0.08472222222222223 0.020833333333333332
2 0.45902777777777776 0.6140625 0.043055555555555555 0.017708333333333333
0 0.14305555555555555 0.6359375 0.044444444444444446 0.019791666666666666
2 0.45902777777777776 0.634375 0.043055555555555555 0.016666666666666666
0 0.1798611111111111 0.6958333333333333 0.11805555555555555 0.01875
2 0.46041666666666664 0.6958333333333333 0.04583333333333333 0.01875
2 0.45902777777777776 0.715625 0.04861111111111111 0.020833333333333332
0 0.15486111111111112 0.7166666666666667 0.06805555555555555 0.01875
0 0.14930555555555555 0.7359375 0.05694444444444444 0.019791666666666666
2 0.45902777777777776 0.7359375 0.043055555555555555 0.019791666666666666
0 0.15069444444444444 0.7557291666666667 0.0625 0.021875
2 0.45694444444444443 0.7552083333333334 0.044444444444444446 0.01875
0 0.1701388888888889 0.7770833333333333 0.09861111111111111 0.020833333333333332
2 0.4576388888888889 0.7760416666666666 0.04583333333333333 0.01875
0 0.1763888888888889 0.7958333333333333 0.11666666666666667 0.01875
2 0.4638888888888889 0.7963541666666667 0.030555555555555555 0.017708333333333333
0 0.15902777777777777 0.8151041666666666 0.08472222222222223 0.019791666666666666
2 0.4576388888888889 0.8166666666666667 0.04583333333333333 0.01875
1 0.29444444444444445 0.39739583333333334 0.37222222222222223 0.023958333333333335
1 0.2986111111111111 0.4203125 0.37222222222222223 0.023958333333333335
1 0.2972222222222222 0.43802083333333336 0.37222222222222223 0.023958333333333335
1 0.30416666666666664 0.6145833333333334 0.35833333333333334 0.025
1 0.30277777777777776 0.49322916666666666 0.37222222222222223 0.023958333333333335
1 0.30416666666666664 0.5140625 0.37222222222222223 0.023958333333333335
1 0.30694444444444446 0.5328125 0.37222222222222223 0.023958333333333335
1 0.3055555555555556 0.5515625 0.37222222222222223 0.023958333333333335
1 0.30277777777777776 0.5744791666666667 0.37222222222222223 0.023958333333333335
1 0.2986111111111111 0.5932291666666667 0.37222222222222223 0.023958333333333335
1 0.30277777777777776 0.6364583333333333 0.35833333333333334 0.025
1 0.2986111111111111 0.6947916666666667 0.35833333333333334 0.025
1 0.3 0.7145833333333333 0.35833333333333334 0.025
1 0.2986111111111111 0.7354166666666667 0.35833333333333334 0.025
1 0.2972222222222222 0.7552083333333334 0.35833333333333334 0.025
1 0.30277777777777776 0.7770833333333333 0.35833333333333334 0.025
1 0.30277777777777776 0.7958333333333333 0.35833333333333334 0.025
1 0.3013888888888889 0.8166666666666667 0.35833333333333334 0.025
