2 0.78525 0.2515 0.0305 0.01
0 0.61275 0.2555 0.0945 0.012
0 0.6265 0.286 0.122 0.015
2 0.78475 0.28725 0.0315 0.0105
2 0.786 0.31275 0.032 0.0095
0 0.6185 0.31725 0.106 0.0135
0 0.61475 0.34725 0.0955 0.0135
2 0.7855 0.3485 0.033 0.011
0 0.62325 0.3785 0.1125 0.016
2 0.78675 0.38575 0.0305 0.0095
0 0.6285 0.42375 0.123 0.0185
2 0.7875 0.4215 0.032 0.011
2 0.77675 0.52175 0.0265 0.0085
0 0.5965 0.5235 0.042 0.012
2 0.77675 0.5425 0.0265 0.008
0 0.60025 0.5445 0.0495 0.012
2 0.77675 0.564 0.0265 0.01
0 0.60225 0.56525 0.0525 0.0095
1 0.67925 0.25425 0.2385 0.0195
1 0.68275 0.28775 0.2385 0.0195
1 0.68375 0.31325 0.2385 0.0195
1 0.68425 0.34875 0.2385 0.0195
1 0.68725 0.386 0.2355 0.034
1 0.68575 0.438 0.2385 0.047
1 0.6845 0.5215 0.224 0.017
1 0.6865 0.542 0.224 0.017
1 0.6865 0.566 0.224 0.017
