0 0.4124348958333333 0.475830078125 0.400390625 0.05029296875
2 0.8033854166666666 0.4833984375 0.13802083333333334 0.0302734375
0 0.2822265625 0.612060546875 0.16471354166666666 0.02978515625
2 0.4596354166666667 0.6123046875 0.12239583333333333 0.0224609375
0 0.6617838541666666 0.6123046875 0.099609375 0.025390625
2 0.8268229166666666 0.61474609375 0.1171875 0.0224609375
0 0.2828776041666667 0.644775390625 0.17122395833333334 0.02783203125
0 0.6858723958333334 0.646484375 0.14388020833333334 0.0244140625
2 0.4586588541666667 0.68115234375 0.126953125 0.025390625
0 0.6871744791666666 0.68115234375 0.146484375 0.025390625
2 0.8414713541666666 0.681640625 0.10221354166666667 0.0263671875
0 0.2747395833333333 0.685791015625 0.16015625 0.02978515625
0 0.3196614583333333 0.749267578125 0.2604166666666667 0.04150390625
2 0.84375 0.788330078125 0.12239583333333333 0.02978515625
0 0.6539713541666666 0.792724609375 0.07747395833333333 0.02392578125
0 0.27734375 0.7958984375 0.1796875 0.03515625
2 0.4544270833333333 0.832275390625 0.13411458333333334 0.02978515625
0 0.23697916666666666 0.83984375 0.10677083333333333 0.03515625
2 0.4583333333333333 0.64501953125 0.12239583333333333 0.0224609375
2 0.4534505208333333 0.79541015625 0.126953125 0.025390625
2 0.8317057291666666 0.6474609375 0.115234375 0.02734375
1 0.3629557291666667 0.614013671875 0.3287760416666667 0.03369140625
1 0.3616536458333333 0.649169921875 0.3287760416666667 0.03369140625
1 0.3603515625 0.686279296875 0.3287760416666667 0.03369140625
1 0.3518880208333333 0.798095703125 0.3287760416666667 0.03369140625
1 0.3434244791666667 0.837158203125 0.3287760416666667 0.03369140625
1 0.5445963541666666 0.48828125 0.6647135416666666 0.083984375
1 0.7506510416666666 0.612060546875 0.2747395833333333 0.03369140625
1 0.7552083333333334 0.650146484375 0.2747395833333333 0.03369140625
1 0.7526041666666666 0.681884765625 0.2747395833333333 0.03369140625
1 0.7591145833333334 0.7900390625 0.2942708333333333 0.033203125
