0 0.5944669365721997 0.2046875 0.22807017543859648 0.023958333333333335
2 0.8947368421052632 0.20416666666666666 0.04048582995951417 0.016666666666666666
0 0.5789473684210527 0.24010416666666667 0.19433198380566802 0.017708333333333333
2 0.8940620782726046 0.24010416666666667 0.04183535762483131 0.015625
0 0.5519568151147098 0.2760416666666667 0.14035087719298245 0.01875
2 0.8947368421052632 0.2760416666666667 0.04048582995951417 0.016666666666666666
0 0.6261808367071525 0.4427083333333333 0.28879892037786775 0.025
2 0.888663967611336 0.43854166666666666 0.04183535762483131 0.016666666666666666
0 0.5856950067476383 0.5119791666666667 0.21052631578947367 0.017708333333333333
2 0.8893387314439946 0.5109375 0.04048582995951417 0.015625
0 0.634952766531714 0.5510416666666667 0.3090418353576248 0.029166666666666667
2 0.8906882591093117 0.546875 0.043184885290148446 0.016666666666666666
0 0.6234817813765182 0.6192708333333333 0.28879892037786775 0.021875
2 0.8906882591093117 0.6192708333333333 0.043184885290148446 0.015625
2 0.8670715249662618 0.7661458333333333 0.09041835357624832 0.017708333333333333
0 0.5755735492577598 0.7671875 0.1902834008097166 0.017708333333333333
0 0.6356275303643725 0.803125 0.3076923076923077 0.020833333333333332
2 0.8690958164642375 0.803125 0.08906882591093117 0.020833333333333332
0 0.581646423751687 0.8921875 0.19973009446693657 0.057291666666666664
2 0.8677462887989204 0.8755208333333333 0.09176788124156546 0.019791666666666666
1 0.6983805668016194 0.20416666666666666 0.44129554655870445 0.027083333333333334
1 0.6977058029689609 0.23854166666666668 0.4399460188933873 0.027083333333333334
1 0.699055330634278 0.2755208333333333 0.43724696356275305 0.028125
1 0.6963562753036437 0.45989583333333334 0.4318488529014845 0.059375
1 0.7004048582995951 0.5109375 0.4426450742240216 0.026041666666666668
1 0.699055330634278 0.565625 0.43724696356275305 0.0625
1 0.7017543859649122 0.6213541666666667 0.4426450742240216 0.026041666666666668
1 0.6929824561403509 0.7661458333333333 0.4358974358974359 0.023958333333333335
1 0.6956815114709851 0.8213541666666667 0.43049932523616735 0.06145833333333333
1 0.699055330634278 0.8932291666666666 0.43454790823211875 0.06354166666666666
0 0.5087719298245614 0.5817708333333333 0.059379217273954114 0.03229166666666667
0 0.5310391363022942 0.47604166666666664 0.1039136302294197 0.025
0 0.5526315789473685 0.8385416666666666 0.14439946018893388 0.022916666666666665
