0 0.7223756906077348 0.068359375 0.10331491712707182 0.04375
0 0.18259668508287294 0.1513671875 0.23480662983425415 0.019921875
0 0.17375690607734806 0.1904296875 0.2160220994475138 0.022265625
0 0.18646408839779005 0.2283203125 0.24143646408839778 0.019921875
0 0.18370165745856354 0.2666015625 0.23591160220994475 0.021484375
0 0.6312154696132597 0.46328125 0.32099447513812157 0.02109375
0 0.6146408839779005 0.5015625 0.2845303867403315 0.02265625
0 0.6171270718232044 0.5408203125 0.29392265193370165 0.023828125
0 0.5251381215469614 0.5783203125 0.10662983425414364 0.020703125
0 0.55 0.6173828125 0.1552486187845304 0.019921875
0 0.2046961325966851 0.7939453125 0.26464088397790053 0.026171875
0 0.1541436464088398 0.8255859375 0.16243093922651933 0.019921875
0 0.19558011049723756 0.859765625 0.24640883977900552 0.025
0 0.16878453038674032 0.892578125 0.18950276243093922 0.0265625
0 0.16795580110497238 0.9267578125 0.19005524861878453 0.021484375
