0 0.653125 0.2778268551236749 0.23875 0.01678445229681979
0 0.135625 0.2831272084805654 0.14375 0.022084805653710248
2 0.445625 0.2782685512367491 0.02875 0.012367491166077738
2 0.919375 0.2782685512367491 0.02875 0.012367491166077738
0 0.6275 0.32420494699646646 0.1925 0.02120141342756184
2 0.44625 0.32332155477031804 0.0275 0.014134275618374558
2 0.913125 0.32332155477031804 0.03625 0.014134275618374558
1 0.26375 0.32641342756183744 0.395 0.022084805653710248
0 0.189375 0.37234982332155475 0.25125 0.020318021201413426
2 0.44625 0.36837455830388693 0.0275 0.012367491166077738
2 0.915 0.36881625441696114 0.0325 0.013250883392226149
0 0.63875 0.4160777385159011 0.2225 0.019434628975265017
2 0.914375 0.41431095406360424 0.03875 0.014134275618374558
0 0.166875 0.44037102473498235 0.20375 0.022084805653710248
2 0.44625 0.4363957597173145 0.0275 0.014134275618374558
0 0.645 0.45936395759717313 0.2275 0.02120141342756184
2 0.914375 0.4584805653710247 0.03875 0.014134275618374558
0 0.23625 0.674469964664311 0.305 0.02561837455830389
0 0.69625 0.6718197879858657 0.33 0.020318021201413426
2 0.441875 0.6709363957597173 0.03625 0.013250883392226149
2 0.91375 0.6709363957597173 0.04 0.013250883392226149
0 0.14875 0.7376325088339223 0.1325 0.019434628975265017
0 0.706875 0.7433745583038869 0.33375 0.02561837455830389
2 0.441875 0.7385159010600707 0.03625 0.014134275618374558
2 0.915625 0.7385159010600707 0.03625 0.014134275618374558
0 0.2 0.7840106007067138 0.235 0.018551236749116608
2 0.4425 0.7826855123674912 0.035 0.014134275618374558
0 0.625625 0.8078621908127208 0.16875 0.02561837455830389
2 0.91375 0.8043286219081273 0.04 0.013250883392226149
0 0.17125 0.8286219081272085 0.2025 0.019434628975265017
2 0.44125 0.8286219081272085 0.0375 0.014134275618374558
0 0.698125 0.8626325088339223 0.32625 0.04328621908127209
2 0.91375 0.851148409893993 0.04 0.013250883392226149
0 0.166875 0.8719081272084805 0.18375 0.022968197879858657
2 0.44 0.8736749116607774 0.04 0.012367491166077738
1 0.265 0.28224381625441697 0.4025 0.023851590106007067
1 0.26625 0.37146643109540634 0.4075 0.023851590106007067
1 0.264375 0.44037102473498235 0.40375 0.022084805653710248
1 0.735 0.2769434628975265 0.4025 0.018551236749116608
1 0.735 0.32420494699646646 0.4025 0.0176678445229682
1 0.735 0.3679328621908127 0.3975 0.018551236749116608
1 0.733125 0.4160777385159011 0.40875 0.02120141342756184
1 0.275 0.6722614840989399 0.3825 0.026501766784452298
1 0.7325 0.4571554770318021 0.4 0.02561837455830389
1 0.739375 0.6722614840989399 0.40625 0.02120141342756184
1 0.2725 0.7380742049469965 0.3875 0.020318021201413426
1 0.271875 0.784452296819788 0.38625 0.019434628975265017
1 0.26625 0.8295053003533569 0.3975 0.02120141342756184
1 0.269375 0.8736749116607774 0.38625 0.0176678445229682
1 0.741875 0.7424911660777385 0.40375 0.022084805653710248
1 0.738125 0.8630742049469965 0.40875 0.04063604240282685
1 0.740625 0.808303886925795 0.40375 0.028268551236749116
0 0.62375 0.3674911660777385 0.175 0.019434628975265017
0 0.145 0.32773851590106007 0.1575 0.0176678445229682
