0 0.2 0.2875441696113074 0.275 0.020318021201413426
0 0.700625 0.2871024734982332 0.32375 0.019434628975265017
2 0.445 0.2871024734982332 0.0275 0.014134275618374558
2 0.953125 0.2871024734982332 0.04125 0.014134275618374558
0 0.13375 0.3299469964664311 0.125 0.020318021201413426
0 0.6475 0.3286219081272085 0.2275 0.014134275618374558
2 0.953125 0.3286219081272085 0.04125 0.014134275618374558
2 0.441875 0.3286219081272085 0.03375 0.014134275618374558
0 0.1425 0.37190812720848054 0.1425 0.022968197879858657
0 0.585625 0.37279151943462896 0.11125 0.019434628975265017
2 0.440625 0.37146643109540634 0.03625 0.013250883392226149
2 0.955625 0.37323321554770317 0.04625 0.01678445229681979
0 0.625625 0.6046819787985865 0.17625 0.02561837455830389
0 0.165 0.6042402826855123 0.1925 0.019434628975265017
2 0.445 0.601148409893993 0.0275 0.013250883392226149
2 0.955 0.601148409893993 0.0375 0.013250883392226149
0 0.1725 0.6466431095406361 0.225 0.019434628975265017
2 0.445 0.6475265017667845 0.0275 0.014134275618374558
2 0.96 0.6722614840989399 0.04 0.0176678445229682
0 0.7275 0.6696113074204947 0.3875 0.0176678445229682
0 0.211875 0.693904593639576 0.28625 0.020318021201413426
2 0.445 0.691696113074205 0.0275 0.014134275618374558
0 0.238125 0.7371908127208481 0.34375 0.022084805653710248
0 0.700625 0.734982332155477 0.33125 0.015901060070671377
2 0.955 0.7376325088339223 0.0375 0.014134275618374558
2 0.443125 0.7393992932862191 0.03875 0.014134275618374558
0 0.194375 0.808303886925795 0.26125 0.024734982332155476
0 0.7075 0.8074204946996466 0.3475 0.024734982332155476
2 0.440625 0.8043286219081273 0.03625 0.013250883392226149
2 0.956875 0.8065371024734982 0.04125 0.0176678445229682
0 0.615 0.8763250883392226 0.1475 0.026501766784452298
2 0.95625 0.8745583038869258 0.045 0.0176678445229682
1 0.264375 0.286660777385159 0.39625 0.023851590106007067
1 0.2675 0.3303886925795053 0.39 0.02120141342756184
1 0.2675 0.37234982332155475 0.3925 0.023851590106007067
1 0.7575 0.286660777385159 0.4425 0.023851590106007067
1 0.75625 0.3281802120141343 0.4425 0.018551236749116608
1 0.755625 0.3736749116607774 0.44875 0.019434628975265017
1 0.264375 0.605565371024735 0.39125 0.022084805653710248
1 0.261875 0.6475265017667845 0.39875 0.0176678445229682
1 0.265625 0.6925795053003534 0.39125 0.019434628975265017
1 0.26625 0.7363074204946997 0.4 0.023851590106007067
1 0.758125 0.6060070671378092 0.43875 0.024734982332155476
1 0.263125 0.8074204946996466 0.39375 0.024734982332155476
1 0.7575 0.6704946996466431 0.445 0.019434628975265017
1 0.76 0.7376325088339223 0.4425 0.024734982332155476
1 0.755625 0.8074204946996466 0.44375 0.024734982332155476
1 0.759375 0.8754416961130742 0.43625 0.030035335689045935
