0 0.474375 0.20980565371024734 0.21125 0.020318021201413426
2 0.90625 0.20980565371024734 0.0475 0.013250883392226149
0 0.575 0.2570671378091873 0.42 0.019434628975265017
2 0.90625 0.2579505300353357 0.0475 0.014134275618374558
0 0.51125 0.3308303886925795 0.2825 0.020318021201413426
2 0.865 0.3303886925795053 0.05 0.014134275618374558
0 0.47875 0.4028268551236749 0.225 0.02120141342756184
2 0.90875 0.4015017667844523 0.0425 0.013250883392226149
0 0.555625 0.4730565371024735 0.36375 0.020318021201413426
2 0.864375 0.4730565371024735 0.04875 0.013250883392226149
0 0.5125 0.5463780918727915 0.28 0.01678445229681979
2 0.91 0.5446113074204947 0.04 0.013250883392226149
0 0.579375 0.7000883392226148 0.38625 0.027385159010600707
2 0.931875 0.698321554770318 0.03625 0.013250883392226149
0 0.556875 0.7486749116607774 0.33625 0.02561837455830389
2 0.931875 0.7464664310954063 0.03625 0.014134275618374558
0 0.606875 0.7959363957597173 0.43875 0.022968197879858657
2 0.931875 0.7946113074204947 0.03625 0.013250883392226149
0 0.61625 0.8436395759717314 0.4575 0.02120141342756184
2 0.931875 0.842756183745583 0.03625 0.014134275618374558
1 0.649375 0.2124558303886926 0.56375 0.023851590106007067
1 0.648125 0.2579505300353357 0.56875 0.022968197879858657
1 0.653125 0.3303886925795053 0.56125 0.02120141342756184
1 0.649375 0.4028268551236749 0.56375 0.022968197879858657
1 0.655 0.4726148409893993 0.5675 0.022968197879858657
1 0.653125 0.5459363957597173 0.56125 0.02120141342756184
1 0.671875 0.6992049469964664 0.56875 0.022084805653710248
1 0.67375 0.7482332155477032 0.565 0.022968197879858657
1 0.675 0.7937279151943463 0.5675 0.023851590106007067
1 0.67375 0.8436395759717314 0.57 0.024734982332155476
2 0.913125 0.4730565371024735 0.04875 0.013250883392226149
2 0.86625 0.4006183745583039 0.0425 0.013250883392226149
2 0.91125 0.3295053003533569 0.045 0.014134275618374558
2 0.8625 0.21157243816254417 0.0475 0.013250883392226149
2 0.86375 0.2592756183745583 0.0475 0.013250883392226149
