0 0.47875 0.08303886925795052 0.2475 0.0176678445229682
2 0.93625 0.0803886925795053 0.035 0.012367491166077738
2 0.93625 0.11881625441696113 0.035 0.013250883392226149
0 0.463125 0.12279151943462897 0.21125 0.019434628975265017
0 0.508125 0.15901060070671377 0.31625 0.02120141342756184
2 0.935 0.15636042402826855 0.0375 0.014134275618374558
2 0.935 0.19434628975265017 0.0375 0.014134275618374558
0 0.433125 0.1978798586572438 0.16625 0.0176678445229682
0 0.470625 0.23586572438162545 0.23875 0.02120141342756184
2 0.935 0.232773851590106 0.0375 0.013250883392226149
0 0.45125 0.2747349823321555 0.2025 0.0176678445229682
2 0.935 0.2712014134275618 0.0375 0.014134275618374558
0 0.501875 0.3118374558303887 0.30875 0.019434628975265017
2 0.935 0.30918727915194344 0.0375 0.014134275618374558
0 0.465625 0.3484982332155477 0.23875 0.018551236749116608
2 0.935 0.3467314487632509 0.0375 0.013250883392226149
2 0.935 0.3842756183745583 0.0375 0.014134275618374558
0 0.4575 0.38869257950530034 0.215 0.019434628975265017
0 0.4625 0.424469964664311 0.2225 0.020318021201413426
2 0.935 0.42226148409893993 0.0375 0.014134275618374558
0 0.53625 0.46068904593639576 0.3725 0.020318021201413426
2 0.934375 0.46068904593639576 0.04125 0.015017667844522967
0 0.42625 0.5967314487632509 0.1725 0.015017667844522967
2 0.935625 0.5980565371024735 0.03875 0.014134275618374558
0 0.40125 0.6289752650176679 0.125 0.015901060070671377
2 0.935625 0.6294169611307421 0.03875 0.013250883392226149
2 0.93625 0.6598939929328622 0.0375 0.012367491166077738
0 0.423125 0.661660777385159 0.15375 0.015901060070671377
0 0.425 0.691696113074205 0.1575 0.015901060070671377
2 0.93625 0.6912544169611308 0.0375 0.013250883392226149
0 0.46 0.7226148409893993 0.225 0.0176678445229682
2 0.935625 0.7217314487632509 0.03875 0.014134275618374558
0 0.46125 0.7517667844522968 0.23 0.014134275618374558
2 0.935625 0.7530918727915195 0.03875 0.013250883392226149
0 0.4725 0.784452296819788 0.2625 0.0176678445229682
2 0.935625 0.7826855123674912 0.03875 0.014134275618374558
0 0.464375 0.8136042402826855 0.23875 0.019434628975265017
2 0.935625 0.8144876325088339 0.03875 0.014134275618374558
0 0.54 0.8467314487632509 0.3925 0.018551236749116608
2 0.935625 0.8454063604240283 0.03875 0.014134275618374558
0 0.551875 0.8776501766784452 0.42375 0.020318021201413426
2 0.935625 0.8767667844522968 0.03875 0.013250883392226149
0 0.1525 0.9752650176678446 0.0875 0.0176678445229682
0 0.155625 0.9893992932862191 0.07125 0.01060070671378092
1 0.654375 0.08259717314487633 0.60125 0.020318021201413426
1 0.655625 0.12146643109540636 0.60125 0.020318021201413426
1 0.654375 0.1603356890459364 0.60625 0.018551236749116608
1 0.655625 0.1974381625441696 0.60875 0.018551236749116608
1 0.656875 0.23586572438162545 0.60875 0.019434628975265017
1 0.6575 0.27340989399293286 0.61 0.018551236749116608
1 0.656875 0.3122791519434629 0.61625 0.018551236749116608
1 0.65625 0.3493816254416961 0.62 0.01678445229681979
1 0.654375 0.38869257950530034 0.60875 0.019434628975265017
1 0.655625 0.4249116607773852 0.60875 0.0176678445229682
1 0.655 0.4620141342756184 0.61 0.019434628975265017
1 0.64875 0.5980565371024735 0.615 0.019434628975265017
1 0.649375 0.6285335689045937 0.62125 0.018551236749116608
1 0.653125 0.661660777385159 0.61375 0.015901060070671377
1 0.650625 0.8776501766784452 0.61625 0.018551236749116608
1 0.651875 0.6912544169611308 0.60875 0.018551236749116608
1 0.651875 0.7217314487632509 0.60625 0.019434628975265017
1 0.65 0.7513250883392226 0.61 0.015017667844522967
1 0.649375 0.7835689045936396 0.61125 0.02120141342756184
1 0.649375 0.8136042402826855 0.61125 0.019434628975265017
1 0.648125 0.8445229681978799 0.61125 0.02120141342756184
