0 0.21125 0.10114840989399293 0.2625 0.022084805653710248
2 0.65875 0.09938162544169611 0.04 0.013250883392226149
0 0.17625 0.142226148409894 0.19 0.02120141342756184
2 0.65875 0.142226148409894 0.04 0.014134275618374558
0 0.32125 0.1872791519434629 0.4825 0.02120141342756184
2 0.65875 0.1855123674911661 0.04 0.014134275618374558
0 0.18375 0.22835689045936397 0.205 0.020318021201413426
2 0.65875 0.22791519434628976 0.04 0.012367491166077738
0 0.230625 0.27208480565371024 0.29125 0.02120141342756184
2 0.65875 0.26899293286219084 0.04 0.013250883392226149
2 0.660625 0.4134275618374558 0.03625 0.014134275618374558
0 0.190625 0.41475265017667845 0.21625 0.018551236749116608
2 0.660625 0.44876325088339225 0.03625 0.012367491166077738
0 0.180625 0.450530035335689 0.19625 0.019434628975265017
2 0.660625 0.4840989399293286 0.03625 0.012367491166077738
0 0.176875 0.48498233215547704 0.18875 0.015901060070671377
2 0.660625 0.5198763250883393 0.03625 0.013250883392226149
0 0.17875 0.5198763250883393 0.1925 0.01678445229681979
2 0.660625 0.5543286219081273 0.03625 0.013250883392226149
0 0.18625 0.5574204946996466 0.2075 0.019434628975265017
2 0.660625 0.5918727915194346 0.03625 0.014134275618374558
0 0.194375 0.5914310954063604 0.22375 0.01678445229681979
2 0.660625 0.6267667844522968 0.03625 0.013250883392226149
0 0.19875 0.627208480565371 0.2325 0.0176678445229682
2 0.660625 0.6634275618374559 0.03625 0.014134275618374558
0 0.238125 0.6625441696113075 0.31125 0.019434628975265017
2 0.660625 0.698321554770318 0.03625 0.013250883392226149
0 0.1925 0.6992049469964664 0.22 0.01678445229681979
0 0.15125 0.7336572438162544 0.1375 0.01678445229681979
2 0.660625 0.7340989399293286 0.03625 0.012367491166077738
0 0.223125 0.769434628975265 0.29375 0.0176678445229682
2 0.660625 0.769434628975265 0.03625 0.012367491166077738
0 0.24 0.8069787985865724 0.315 0.020318021201413426
2 0.65875 0.8043286219081273 0.04 0.013250883392226149
0 0.166875 0.8418727915194346 0.16875 0.0176678445229682
2 0.65875 0.8401060070671378 0.04 0.014134275618374558
2 0.65875 0.8767667844522968 0.04 0.013250883392226149
0 0.270625 0.8785335689045937 0.37125 0.01678445229681979
1 0.380625 0.09982332155477032 0.60125 0.022968197879858657
1 0.38125 0.14266784452296818 0.6025 0.02561837455830389
1 0.380625 0.18595406360424027 0.60125 0.022084805653710248
1 0.38 0.22747349823321555 0.6 0.020318021201413426
1 0.385 0.2712014134275618 0.6025 0.022968197879858657
1 0.381875 0.4134275618374558 0.59875 0.022968197879858657
1 0.384375 0.45097173144876324 0.59625 0.018551236749116608
1 0.384375 0.48454063604240283 0.59625 0.018551236749116608
1 0.384375 0.5203180212014135 0.59875 0.015901060070671377
1 0.384375 0.5569787985865724 0.59875 0.018551236749116608
1 0.38125 0.5918727915194346 0.6 0.0176678445229682
1 0.38 0.6285335689045937 0.6075 0.020318021201413426
1 0.38375 0.6638692579505301 0.6 0.018551236749116608
1 0.38125 0.6978798586572438 0.6 0.02120141342756184
1 0.38125 0.7358657243816255 0.5975 0.022968197879858657
1 0.37875 0.7698763250883393 0.6075 0.015017667844522967
1 0.384375 0.8078621908127208 0.60375 0.01678445229681979
1 0.38 0.8418727915194346 0.5975 0.019434628975265017
1 0.383125 0.8776501766784452 0.59375 0.01678445229681979
