0 0.188125 0.1625441696113074 0.21875 0.022968197879858657
2 0.531875 0.15901060070671377 0.03625 0.014134275618374558
0 0.21875 0.2234982332155477 0.2925 0.024734982332155476
2 0.531875 0.21908127208480566 0.03625 0.014134275618374558
0 0.194375 0.31095406360424027 0.23875 0.022968197879858657
2 0.531875 0.30918727915194344 0.03625 0.014134275618374558
0 0.179375 0.4001766784452297 0.20625 0.019434628975265017
2 0.531875 0.39885159010600707 0.03625 0.013250883392226149
0 0.213125 0.46113074204946997 0.26625 0.022968197879858657
2 0.531875 0.4584805653710247 0.03625 0.014134275618374558
0 0.5525 0.6780035335689046 0.09 0.020318021201413426
2 0.919375 0.6762367491166078 0.03625 0.013250883392226149
0 0.600625 0.7257067137809188 0.19125 0.018551236749116608
2 0.92 0.7283568904593639 0.035 0.013250883392226149
0 0.64875 0.7795936395759717 0.29 0.020318021201413426
2 0.919375 0.7804770318021201 0.03625 0.013250883392226149
1 0.31375 0.1625441696113074 0.47 0.022968197879858657
1 0.314375 0.22128975265017667 0.47875 0.02561837455830389
1 0.313125 0.31051236749116606 0.47375 0.02561837455830389
1 0.311875 0.3997349823321555 0.47375 0.022084805653710248
1 0.316875 0.46113074204946997 0.47625 0.022968197879858657
1 0.7225 0.6784452296819788 0.435 0.02120141342756184
1 0.723125 0.7274734982332155 0.43125 0.022084805653710248
1 0.720625 0.7809187279151943 0.43125 0.019434628975265017
