0 0.220625 0.142226148409894 0.18875 0.019434628975265017
2 0.86375 0.142226148409894 0.04 0.014134275618374558
0 0.2775 0.20318021201413428 0.3075 0.02120141342756184
2 0.86375 0.20229681978798586 0.04 0.014134275618374558
0 0.233125 0.2628091872791519 0.22375 0.020318021201413426
2 0.86375 0.2623674911660777 0.04 0.014134275618374558
0 0.225625 0.3219964664310954 0.21875 0.022084805653710248
2 0.86375 0.3219964664310954 0.04 0.013250883392226149
0 0.2375 0.38162544169611307 0.2325 0.019434628975265017
2 0.866875 0.38118374558303886 0.03375 0.015017667844522967
0 0.245 0.44213780918727913 0.255 0.020318021201413426
2 0.86375 0.44081272084805656 0.04 0.014134275618374558
0 0.243125 0.5030918727915195 0.24875 0.022084805653710248
2 0.86625 0.5013250883392226 0.04 0.015017667844522967
0 0.255625 0.5627208480565371 0.25625 0.02120141342756184
2 0.86375 0.5618374558303887 0.04 0.014134275618374558
0 0.253125 0.6210247349823321 0.26375 0.019434628975265017
2 0.86375 0.6214664310954063 0.04 0.013250883392226149
1 0.504375 0.1413427561837456 0.76125 0.02120141342756184
1 0.505625 0.20273851590106007 0.76375 0.023851590106007067
1 0.505625 0.26148409893992935 0.76625 0.024734982332155476
1 0.50375 0.3250883392226148 0.7775 0.02120141342756184
1 0.50375 0.3789752650176678 0.765 0.024734982332155476
1 0.50125 0.4416961130742049 0.7725 0.022968197879858657
1 0.506875 0.502208480565371 0.77125 0.027385159010600707
1 0.509375 0.5591872791519434 0.76875 0.028268551236749116
1 0.505625 0.6188162544169611 0.76875 0.023851590106007067
