0 0.250625 0.15694076038903626 0.09625 0.020335985853227233
2 0.816875 0.15605658709106984 0.09875 0.01856763925729443
0 0.235 0.20247568523430592 0.065 0.01768346595932803
2 0.816875 0.20291777188328913 0.09875 0.01856763925729443
0 0.329375 0.251105216622458 0.25875 0.01768346595932803
2 0.814375 0.251105216622458 0.10375 0.01768346595932803
0 0.288125 0.29929266136162685 0.17875 0.01856763925729443
2 0.814375 0.2979664014146773 0.10375 0.01768346595932803
0 0.3075 0.34659593280282935 0.215 0.019451812555260833
2 0.814375 0.34615384615384615 0.10375 0.01856763925729443
0 0.28125 0.39345711759504864 0.1675 0.021220159151193633
2 0.814375 0.39301503094606544 0.10375 0.01856763925729443
0 0.394375 0.6396993810786914 0.40625 0.023872679045092837
2 0.813125 0.6370468611847923 0.10625 0.01856763925729443
0 0.394375 0.6923076923076923 0.40625 0.022988505747126436
2 0.81125 0.6918656056587091 0.11 0.01856763925729443
1 0.533125 0.15605658709106984 0.66875 0.022104332449160036
1 0.530625 0.20159151193633953 0.66375 0.019451812555260833
1 0.531875 0.2497789566755084 0.67375 0.020335985853227233
1 0.531875 0.2988505747126437 0.66375 0.022988505747126436
1 0.53 0.34571175950486294 0.67 0.021220159151193633
1 0.53375 0.39389920424403185 0.6725 0.023872679045092837
1 0.526875 0.6370468611847923 0.67625 0.02564102564102564
1 0.524375 0.6914235190097259 0.67625 0.026525198938992044
