0 0.12230769230769231 0.27262180974477956 0.18307692307692308 0.058004640371229696
0 0.8876923076923077 0.2842227378190255 0.036923076923076927 0.06264501160092807
2 0.3892307692307692 0.2842227378190255 0.15692307692307692 0.058004640371229696
0 0.11384615384615385 0.3642691415313225 0.16923076923076924 0.06960556844547564
2 0.39076923076923076 0.37354988399071926 0.16 0.05568445475638051
0 0.1123076923076923 0.4582366589327146 0.16 0.07192575406032482
2 0.3869230769230769 0.462877030162413 0.15538461538461537 0.048723897911832945
0 0.666923076923077 0.5208816705336426 0.3123076923076923 0.06728538283062645
0 0.10384615384615385 0.5440835266821346 0.14923076923076922 0.058004640371229696
2 0.38846153846153847 0.5556844547563805 0.15846153846153846 0.048723897911832945
0 0.6361538461538462 0.6194895591647331 0.25384615384615383 0.06496519721577726
2 0.9153846153846154 0.6334106728538283 0.13538461538461538 0.05104408352668213
0 0.12692307692307692 0.62877030162413 0.19230769230769232 0.06960556844547564
2 0.3892307692307692 0.6415313225058005 0.15692307692307692 0.05336426914153132
2 0.9146153846153846 0.7215777262180975 0.13384615384615384 0.04640371229698376
0 0.5492307692307692 0.7215777262180975 0.07384615384615385 0.05104408352668213
0 0.13230769230769232 0.7296983758700696 0.20307692307692307 0.06728538283062645
2 0.39 0.7320185614849188 0.15846153846153846 0.048723897911832945
2 0.9184615384615384 0.5220417633410673 0.13538461538461538 0.05104408352668213
1 0.24846153846153846 0.27494199535962877 0.44153846153846155 0.07192575406032482
1 0.2469230769230769 0.36310904872389793 0.44153846153846155 0.07192575406032482
1 0.25 0.45359628770301624 0.44153846153846155 0.07192575406032482
1 0.2453846153846154 0.5440835266821346 0.44153846153846155 0.07192575406032482
1 0.2530769230769231 0.6392111368909513 0.44153846153846155 0.07192575406032482
1 0.25 0.7273781902552204 0.44153846153846155 0.07192575406032482
1 0.7492307692307693 0.5185614849187935 0.4707692307692308 0.058004640371229696
1 0.7461538461538462 0.6252900232018561 0.4707692307692308 0.058004640371229696
1 0.7446153846153846 0.7204176334106729 0.4707692307692308 0.058004640371229696
2 0.8161538461538461 0.7215777262180975 0.04461538461538461 0.04640371229698376
