0 0.36041666666666666 0.16041666666666668 0.23333333333333334 0.04791666666666667
2 0.7036458333333333 0.1765625 0.121875 0.026041666666666668
0 0.35625 0.24270833333333333 0.25625 0.04375
2 0.7109375 0.26458333333333334 0.128125 0.029166666666666667
0 0.34010416666666665 0.33177083333333335 0.246875 0.046875
2 0.7161458333333334 0.3609375 0.13020833333333334 0.030208333333333334
0 0.3078125 0.4270833333333333 0.20729166666666668 0.04791666666666667
2 0.7234375 0.4583333333333333 0.13645833333333332 0.035416666666666666
0 0.3098958333333333 0.534375 0.253125 0.06041666666666667
2 0.7328125 0.571875 0.14270833333333333 0.035416666666666666
0 0.3072916666666667 0.6432291666666666 0.2625 0.057291666666666664
2 0.7401041666666667 0.6848958333333334 0.146875 0.03854166666666667