0 0.39694940476190477 0.2555831265508685 0.09151785714285714 0.01488833746898263
0 0.5305059523809523 0.25607940446650124 0.09375 0.01488833746898263
0 0.6755952380952381 0.25607940446650124 0.1130952380952381 0.012903225806451613
0 0.8392857142857143 0.25583126550868485 0.09970238095238096 0.014392059553349877
0 0.24627976190476192 0.25483870967741934 0.09523809523809523 0.015384615384615385
0 0.7005208333333334 0.4315136476426799 0.08854166666666667 0.014392059553349877
0 0.39546130952380953 0.43325062034739453 0.08705357142857142 0.013895781637717122
0 0.8549107142857143 0.43200992555831264 0.0818452380952381 0.014392059553349877
0 0.5572916666666666 0.4334987593052109 0.06994047619047619 0.015384615384615385
0 0.11421130952380952 0.43300248138957814 0.10193452380952381 0.013399503722084368
0 0.24851190476190477 0.4337468982630273 0.06696428571428571 0.01488833746898263
0 0.1212797619047619 0.5774193548387097 0.02976190476190476 0.021339950372208438
0 0.24032738095238096 0.6138957816377171 0.08035714285714286 0.012903225806451613
0 0.8683035714285714 0.6141439205955335 0.09970238095238096 0.013399503722084368
0 0.09858630952380952 0.6141439205955335 0.07068452380952381 0.014392059553349877
0 0.39248511904761907 0.6143920595533499 0.08110119047619048 0.01488833746898263
0 0.5453869047619048 0.6161290322580645 0.12648809523809523 0.014392059553349877
0 0.7127976190476191 0.6158808933002481 0.10119047619047619 0.013895781637717122
0 0.15066964285714285 0.9104218362282879 0.10491071428571429 0.013399503722084368
0 0.3314732142857143 0.9101736972704715 0.08705357142857142 0.01488833746898263
0 0.49367559523809523 0.9104218362282879 0.0974702380952381 0.015384615384615385
0 0.6588541666666666 0.9091811414392059 0.0662202380952381 0.012903225806451613
0 0.8232886904761905 0.9101736972704715 0.09895833333333333 0.01488833746898263
0 0.11160714285714286 0.25607940446650124 0.09077380952380952 0.012903225806451613
0 0.17559523809523808 0.9228287841191067 0.0625 0.014392059553349877
0 0.35119047619047616 0.9238213399503722 0.0625 0.014392059553349877
0 0.5119047619047619 0.9248138957816378 0.0625 0.014392059553349877
0 0.6741071428571429 0.9233250620347394 0.0625 0.014392059553349877
0 0.8385416666666666 0.9238213399503722 0.0625 0.014392059553349877
0 0.1328125 0.4478908188585608 0.11235119047619048 0.013399503722084368
0 0.8742559523809523 0.445409429280397 0.11607142857142858 0.014392059553349877
0 0.7157738095238095 0.4456575682382134 0.11458333333333333 0.01588089330024814
0 0.5740327380952381 0.4466501240694789 0.10491071428571429 0.013895781637717122
0 0.41220238095238093 0.4476426799007444 0.11458333333333333 0.01588089330024814
0 0.2700892857142857 0.4476426799007444 0.11458333333333333 0.01588089330024814
0 0.8549107142857143 0.27121588089330023 0.11607142857142858 0.014392059553349877
0 0.2630208333333333 0.2682382133995037 0.11681547619047619 0.014392059553349877
0 0.40848214285714285 0.2682382133995037 0.11607142857142858 0.014392059553349877
0 0.5520833333333334 0.2702233250620347 0.11607142857142858 0.014392059553349877
0 0.6964285714285714 0.2702233250620347 0.11607142857142858 0.014392059553349877
0 0.1253720238095238 0.269727047146402 0.11681547619047619 0.014392059553349877
0 0.7310267857142857 0.6285359801488833 0.11235119047619048 0.013399503722084368
0 0.11793154761904762 0.6275434243176179 0.11235119047619048 0.013399503722084368
0 0.8872767857142857 0.6275434243176179 0.11235119047619048 0.013399503722084368
0 0.5613839285714286 0.6295285359801489 0.11235119047619048 0.013399503722084368
0 0.40736607142857145 0.6280397022332507 0.11235119047619048 0.013399503722084368
0 0.25930059523809523 0.6280397022332507 0.11235119047619048 0.013399503722084368
0 0.2265625 0.9101736972704715 0.04389880952380952 0.013895781637717122
0 0.8917410714285714 0.9086848635235732 0.04389880952380952 0.013895781637717122
0 0.7154017857142857 0.9091811414392059 0.04389880952380952 0.013895781637717122
0 0.5651041666666666 0.9106699751861043 0.04389880952380952 0.013895781637717122
0 0.3976934523809524 0.9101736972704715 0.04389880952380952 0.013895781637717122
0 0.15290178571428573 0.6141439205955335 0.03794642857142857 0.014392059553349877
0 0.9356398809523809 0.6146401985111662 0.03794642857142857 0.014392059553349877
0 0.78125 0.6158808933002481 0.03422619047619048 0.011910669975186104
0 0.6253720238095238 0.6153846153846154 0.036458333333333336 0.011910669975186104
0 0.4479166666666667 0.6141439205955335 0.026785714285714284 0.013399503722084368
0 0.3002232142857143 0.6156327543424318 0.03794642857142857 0.014392059553349877
0 0.4564732142857143 0.4334987593052109 0.03794642857142857 0.014392059553349877
0 0.9185267857142857 0.4305210918114144 0.03794642857142857 0.014392059553349877
0 0.7659970238095238 0.43101736972704713 0.03794642857142857 0.014392059553349877
0 0.6045386904761905 0.4317617866004963 0.029017857142857144 0.01588089330024814
0 0.3039434523809524 0.43325062034739453 0.04538690476190476 0.01588089330024814
0 0.18266369047619047 0.4325062034739454 0.03794642857142857 0.014392059553349877
