0 0.7276422764227642 0.1611328125 0.07760532150776053 0.0107421875
0 0.7176644493717664 0.1708984375 0.057649667405764965 0.009765625
0 0.7287509238728751 0.18115234375 0.08721359940872137 0.009765625
0 0.7158167036215817 0.191162109375 0.05395417590539542 0.00830078125
0 0.7121212121212122 0.3056640625 0.2106430155210643 0.0166015625
0 0.3011825572801183 0.30517578125 0.2342941611234294 0.0166015625
2 0.319660014781966 0.3369140625 0.1293422025129342 0.013671875
2 0.7128603104212861 0.3369140625 0.13821138211382114 0.013671875
0 0.7073170731707317 0.360595703125 0.24981522542498152 0.01904296875
0 0.3155949741315595 0.360107421875 0.30598669623059865 0.01708984375
2 0.32002956393200294 0.39208984375 0.13155949741315595 0.0146484375
2 0.71359940872136 0.39208984375 0.18403547671840353 0.0146484375
0 0.3074648928307465 0.41796875 0.28233555062823357 0.01953125
0 0.7006651884700665 0.416259765625 0.2320768662232077 0.01611328125
2 0.319660014781966 0.4482421875 0.13229859571322986 0.0146484375
2 0.7147080561714708 0.4482421875 0.18181818181818182 0.0146484375
0 0.70509977827051 0.472412109375 0.21433850702143384 0.01513671875
0 0.30783444198078347 0.47216796875 0.17664449371766444 0.017578125
2 0.7147080561714708 0.5029296875 0.18181818181818182 0.0146484375
2 0.319660014781966 0.50341796875 0.13229859571322986 0.013671875
0 0.30155210643015523 0.527099609375 0.35033259423503327 0.01611328125
0 0.7095343680709535 0.5263671875 0.24538063562453807 0.017578125
2 0.319660014781966 0.558837890625 0.13229859571322986 0.01513671875
2 0.71359940872136 0.558837890625 0.18403547671840353 0.01513671875
0 0.3107908351810791 0.582763671875 0.21359940872135993 0.01611328125
0 0.7095343680709535 0.583984375 0.16112342941611235 0.01953125
2 0.319660014781966 0.6142578125 0.1293422025129342 0.013671875
2 0.7147080561714708 0.61474609375 0.18181818181818182 0.0146484375
0 0.7121212121212122 0.63916015625 0.1352549889135255 0.01953125
0 0.3089430894308943 0.638916015625 0.23798965262379895 0.01708984375
2 0.31855136733185513 0.66943359375 0.1271249076127125 0.0146484375
2 0.7117516629711752 0.66943359375 0.14042867701404288 0.0146484375
0 0.30229120473022913 0.693603515625 0.2557280118255728 0.01708984375
2 0.3181818181818182 0.725341796875 0.13082039911308205 0.01513671875
0 0.25129342202512933 0.869384765625 0.22025129342202512 0.01220703125
0 0.4985218033998522 0.868408203125 0.17516629711751663 0.01318359375
0 0.7228381374722838 0.86865234375 0.15077605321507762 0.01171875
1 0.3082039911308204 0.321044921875 0.37250554323725055 0.05029296875
1 0.29711751662971175 0.37548828125 0.376940133037694 0.05078125
1 0.3008130081300813 0.4345703125 0.376940133037694 0.05078125
1 0.3181818181818182 0.487060546875 0.23577235772357724 0.05029296875
1 0.3063562453806356 0.541259765625 0.36733185513673317 0.05029296875
1 0.31116038433111604 0.59765625 0.22025129342202512 0.0498046875
1 0.3107908351810791 0.653564453125 0.2934220251293422 0.04833984375
1 0.3107908351810791 0.7080078125 0.278640059127864 0.048828125
1 0.7080561714708056 0.320068359375 0.2601626016260163 0.04833984375
1 0.7062084257206208 0.375732421875 0.25203252032520324 0.05322265625
1 0.7054693274205469 0.43212890625 0.24168514412416853 0.048828125
1 0.7102734663710274 0.4873046875 0.22172949002217296 0.0478515625
1 0.7113821138211383 0.542236328125 0.28750923872875095 0.05126953125
1 0.7187730968218773 0.597900390625 0.18699186991869918 0.04833984375
1 0.7147080561714708 0.65234375 0.15225424981522542 0.046875
