2 0.8796711509715994 0.2838541666666667 0.05530642750373692 0.021875
0 0.6352765321375187 0.28229166666666666 0.23019431988041852 0.027083333333333334
2 0.45590433482810166 0.2890625 0.053811659192825115 0.021875
0 0.16367713004484305 0.28802083333333334 0.21076233183856502 0.030208333333333334
2 0.875186846038864 0.3098958333333333 0.05530642750373692 0.021875
0 0.6464872944693573 0.30885416666666665 0.24962630792227206 0.026041666666666668
2 0.4499252615844544 0.3140625 0.053811659192825115 0.021875
0 0.11584454409566518 0.3151041666666667 0.1210762331838565 0.026041666666666668
2 0.8781763826606876 0.3359375 0.05530642750373692 0.021875
0 0.6786248131539612 0.334375 0.30792227204783257 0.029166666666666667
2 0.452914798206278 0.3463541666666667 0.053811659192825115 0.021875
0 0.10986547085201794 0.34427083333333336 0.11210762331838565 0.028125
2 0.8736920777279522 0.3645833333333333 0.05829596412556054 0.020833333333333332
0 0.6449925261584455 0.3645833333333333 0.24962630792227206 0.027083333333333334
2 0.45067264573991034 0.37447916666666664 0.05530642750373692 0.021875
0 0.16068759342301944 0.3734375 0.21375186846038863 0.028125
2 0.8789237668161435 0.3932291666666667 0.053811659192825115 0.021875
0 0.6494768310911808 0.39114583333333336 0.2585949177877429 0.028125
2 0.4491778774289985 0.40260416666666665 0.052316890881913304 0.021875
0 0.16517189835575485 0.4036458333333333 0.2257100149476831 0.028125
2 0.8796711509715994 0.4192708333333333 0.05530642750373692 0.021875
0 0.6621823617339312 0.41875 0.2929745889387145 0.027083333333333334
0 0.23467862481315396 0.43385416666666665 0.3617339312406577 0.028125
2 0.4514200298953662 0.46197916666666666 0.053811659192825115 0.021875
0 0.17937219730941703 0.45989583333333334 0.25112107623318386 0.028125
2 0.8849028400597907 0.48385416666666664 0.05082212257100149 0.021875
0 0.5807174887892377 0.48020833333333335 0.1210762331838565 0.020833333333333332
2 0.4514200298953662 0.49114583333333334 0.053811659192825115 0.021875
0 0.1741405082212257 0.49166666666666664 0.2406576980568012 0.03125
2 0.8863976083707026 0.5078125 0.05082212257100149 0.021875
0 0.6121076233183856 0.5067708333333333 0.18684603886397608 0.026041666666666668
2 0.452914798206278 0.5213541666666667 0.053811659192825115 0.019791666666666666
0 0.14200298953662183 0.5197916666666667 0.18236173393124067 0.027083333333333334
2 0.8863976083707026 0.5390625 0.05680119581464873 0.021875
0 0.5904334828101644 0.5354166666666667 0.14648729446935724 0.025
2 0.4491778774289985 0.5515625 0.05530642750373692 0.021875
0 0.1397608370702541 0.578125 0.18385650224215247 0.027083333333333334
2 0.8871449925261584 0.5645833333333333 0.04932735426008968 0.020833333333333332
0 0.600896860986547 0.5645833333333333 0.16442451420029897 0.025
2 0.45067264573991034 0.5796875 0.052316890881913304 0.021875
0 0.15695067264573992 0.5484375 0.21823617339312407 0.026041666666666668
2 0.8878923766816144 0.5942708333333333 0.05082212257100149 0.021875
0 0.601644245142003 0.5911458333333334 0.16292974588938713 0.023958333333333335
2 0.8863976083707026 0.621875 0.05082212257100149 0.020833333333333332
0 0.5769805680119582 0.6197916666666666 0.11958146487294469 0.022916666666666665
2 0.8901345291479821 0.6526041666666667 0.052316890881913304 0.021875
0 0.594170403587444 0.6505208333333333 0.15695067264573992 0.026041666666666668
2 0.8871449925261584 0.6796875 0.04932735426008968 0.021875
0 0.5724962630792227 0.6776041666666667 0.11958146487294469 0.023958333333333335
2 0.44170403587443946 0.6859375 0.05530642750373692 0.021875
0 0.1412556053811659 0.6854166666666667 0.18385650224215247 0.029166666666666667
2 0.8893871449925261 0.7098958333333333 0.05082212257100149 0.021875
0 0.609118086696562 0.7083333333333334 0.18684603886397608 0.027083333333333334
0 0.16666666666666666 0.7151041666666667 0.2406576980568012 0.03229166666666667
2 0.44170403587443946 0.7171875 0.05530642750373692 0.021875
2 0.43796711509715996 0.7484375 0.0687593423019432 0.021875
0 0.20179372197309417 0.7453125 0.31689088191330345 0.03229166666666667
2 0.43871449925261585 0.778125 0.06726457399103139 0.022916666666666665
2 0.8916292974588939 0.7859375 0.052316890881913304 0.028125
0 0.1696562032884903 0.7723958333333333 0.24663677130044842 0.034375
0 0.6367713004484304 0.7859375 0.242152466367713 0.030208333333333334
2 0.44170403587443946 0.8078125 0.05829596412556054 0.023958333333333335
2 0.8931240657698056 0.8182291666666667 0.05530642750373692 0.026041666666666668
0 0.14648729446935724 0.8057291666666667 0.2062780269058296 0.030208333333333334
0 0.5874439461883408 0.8130208333333333 0.14050822122571002 0.028125
2 0.43572496263079225 0.8395833333333333 0.07025411061285501 0.022916666666666665
2 0.8938714499252616 0.8463541666666666 0.053811659192825115 0.026041666666666668
0 0.17339312406576982 0.8354166666666667 0.25411061285500747 0.03125
0 0.5635276532137519 0.84375 0.09267563527653214 0.025
2 0.43796711509715996 0.8677083333333333 0.06278026905829596 0.022916666666666665
2 0.8923766816143498 0.8776041666666666 0.04783258594917788 0.023958333333333335
0 0.12406576980568013 0.8651041666666667 0.16442451420029897 0.028125
0 0.6165919282511211 0.8755208333333333 0.20478325859491778 0.026041666666666668
0 0.14573991031390135 0.8932291666666666 0.21076233183856502 0.030208333333333334
2 0.8931240657698056 0.9088541666666666 0.052316890881913304 0.021875
2 0.71898355754858 0.28072916666666664 0.39461883408071746 0.030208333333333334
0 0.601644245142003 0.9072916666666667 0.18385650224215247 0.027083333333333334
2 0.8931240657698056 0.9395833333333333 0.052316890881913304 0.022916666666666665
0 0.5642750373692078 0.9359375 0.1031390134529148 0.026041666666666668
2 0.4581464872944694 0.4328125 0.052316890881913304 0.021875
1 0.2742899850523169 0.2833333333333333 0.4289985052316891 0.03125
1 0.2757847533632287 0.31666666666666665 0.4289985052316891 0.03125
1 0.26980568011958145 0.39791666666666664 0.4289985052316891 0.03125
1 0.26681614349775784 0.34270833333333334 0.4289985052316891 0.03125
1 0.26831091180866967 0.37083333333333335 0.4289985052316891 0.03125
1 0.2608370702541106 0.43125 0.4289985052316891 0.03125
1 0.26980568011958145 0.4625 0.4289985052316891 0.03125
1 0.2623318385650224 0.49270833333333336 0.4289985052316891 0.03125
1 0.2623318385650224 0.5208333333333334 0.4289985052316891 0.03125
1 0.26681614349775784 0.5458333333333333 0.4289985052316891 0.03125
1 0.26382660687593423 0.5770833333333333 0.4289985052316891 0.03125
1 0.2563527653213752 0.6895833333333333 0.4289985052316891 0.03125
1 0.257847533632287 0.7166666666666667 0.4289985052316891 0.03125
1 0.25037369207772797 0.7458333333333333 0.4289985052316891 0.03125
1 0.2563527653213752 0.775 0.4289985052316891 0.03125
1 0.2533632286995516 0.80625 0.4289985052316891 0.03125
1 0.2533632286995516 0.8385416666666666 0.4289985052316891 0.03125
1 0.2533632286995516 0.8666666666666667 0.4289985052316891 0.03125
1 0.25485799701046336 0.8989583333333333 0.4289985052316891 0.03125
1 0.25186846038863975 0.896875 0.4289985052316891 0.03125
2 0.7174887892376681 0.3078125 0.39461883408071746 0.030208333333333334
2 0.7159940209267563 0.3390625 0.39461883408071746 0.030208333333333334
2 0.7115097159940209 0.3640625 0.39461883408071746 0.030208333333333334
2 0.7159940209267563 0.3880208333333333 0.39461883408071746 0.030208333333333334
2 0.7130044843049327 0.4171875 0.39461883408071746 0.030208333333333334
2 0.7144992526158446 0.4817708333333333 0.39461883408071746 0.030208333333333334
2 0.7174887892376681 0.5067708333333333 0.39461883408071746 0.030208333333333334
2 0.7144992526158446 0.5369791666666667 0.39461883408071746 0.030208333333333334
2 0.71898355754858 0.5630208333333333 0.39461883408071746 0.030208333333333334
2 0.71898355754858 0.5953125 0.39461883408071746 0.030208333333333334
2 0.7159940209267563 0.6182291666666667 0.39461883408071746 0.030208333333333334
2 0.7174887892376681 0.6505208333333333 0.39461883408071746 0.030208333333333334
2 0.7144992526158446 0.6765625 0.39461883408071746 0.030208333333333334
2 0.7174887892376681 0.7088541666666667 0.39461883408071746 0.030208333333333334
2 0.7152466367713004 0.7848958333333333 0.40508221225710017 0.03229166666666667
2 0.7212257100149477 0.8171875 0.40508221225710017 0.03229166666666667
2 0.7152466367713004 0.8463541666666666 0.40508221225710017 0.03229166666666667
2 0.7152466367713004 0.8734375 0.40508221225710017 0.03229166666666667
2 0.7152466367713004 0.9046875 0.40508221225710017 0.03229166666666667
2 0.7167414050822123 0.9390625 0.40508221225710017 0.03229166666666667
