0 0.3063562453806356 0.32275390625 0.15003695491500368 0.0166015625
0 0.7169253510716925 0.32275390625 0.18329637841832963 0.017578125
2 0.31670362158167037 0.353759765625 0.13082039911308205 0.01318359375
2 0.7121212121212122 0.3544921875 0.1130820399113082 0.0146484375
0 0.32742054693274203 0.37841796875 0.164079822616408 0.01953125
0 0.7102734663710274 0.37841796875 0.2601626016260163 0.015625
2 0.3107908351810791 0.4091796875 0.12342941611234294 0.0146484375
2 0.7113821138211383 0.408935546875 0.1130820399113082 0.01513671875
0 0.30376940133037694 0.43212890625 0.1359940872135994 0.0166015625
0 0.7065779748706578 0.43359375 0.22912047302291205 0.0166015625
2 0.7099039172209904 0.463623046875 0.1130820399113082 0.01513671875
2 0.3130081300813008 0.465087890625 0.13082039911308205 0.01513671875
0 0.32002956393200294 0.488525390625 0.13008130081300814 0.01611328125
0 0.7184035476718403 0.489013671875 0.20842572062084258 0.01611328125
2 0.7099039172209904 0.519775390625 0.1130820399113082 0.01513671875
2 0.3107908351810791 0.5205078125 0.13082039911308205 0.013671875
0 0.3093126385809313 0.543701171875 0.2579453067257945 0.01708984375
2 0.3107908351810791 0.57568359375 0.12342941611234294 0.0146484375
0 0.31411677753141165 0.6005859375 0.12121212121212122 0.021484375
2 0.3130081300813008 0.63037109375 0.1293422025129342 0.0146484375
0 0.7143385070214339 0.65380859375 0.23725055432372505 0.0146484375
0 0.3130081300813008 0.655517578125 0.09534368070953436 0.01806640625
2 0.7235772357723578 0.68505859375 0.14042867701404288 0.0146484375
2 0.3107908351810791 0.6865234375 0.12342941611234294 0.0146484375
0 0.71359940872136 0.709228515625 0.2860310421286031 0.01708984375
0 0.3137472283813747 0.71142578125 0.2032520325203252 0.015625
2 0.7235772357723578 0.7412109375 0.14042867701404288 0.0146484375
2 0.3107908351810791 0.742431640625 0.12342941611234294 0.01513671875
0 0.6873614190687362 0.764892578125 0.2852919438285292 0.01806640625
0 0.3100517368810052 0.7666015625 0.19290465631929046 0.0166015625
2 0.7235772357723578 0.79638671875 0.14042867701404288 0.013671875
2 0.3130081300813008 0.7978515625 0.13082039911308205 0.013671875
0 0.7058388765705839 0.82080078125 0.2690317812269032 0.0166015625
0 0.311529933481153 0.8232421875 0.11751662971175167 0.017578125
2 0.7235772357723578 0.851806640625 0.14042867701404288 0.01513671875
2 0.3107908351810791 0.85302734375 0.12342941611234294 0.0146484375
1 0.3122690317812269 0.340087890625 0.2697708795269771 0.04931640625
1 0.31263858093126384 0.391845703125 0.3370288248337029 0.05224609375
1 0.32002956393200294 0.44970703125 0.1729490022172949 0.052734375
1 0.32335550628233556 0.5029296875 0.16925351071692535 0.05078125
1 0.3148558758314856 0.5595703125 0.270509977827051 0.0478515625
1 0.31263858093126384 0.61279296875 0.13303769401330376 0.052734375
1 0.3163340724316334 0.66748046875 0.13303769401330376 0.052734375
1 0.31448632668144866 0.72802734375 0.20916481892091648 0.0498046875
1 0.32409460458240946 0.781494140625 0.3008130081300813 0.04833984375
1 0.3122690317812269 0.837158203125 0.21359940872135993 0.04736328125
1 0.7172949002217295 0.337646484375 0.1943828529194383 0.04833984375
1 0.7106430155210643 0.394287109375 0.28898743532889876 0.04833984375
1 0.7128603104212861 0.4482421875 0.30376940133037694 0.0478515625
1 0.7161862527716186 0.503662109375 0.3370288248337029 0.05029296875
1 0.7154471544715447 0.670654296875 0.37102734663710274 0.04638671875
1 0.7176644493717664 0.727783203125 0.360679970436068 0.04833984375
1 0.7091648189209164 0.779052734375 0.3392461197339246 0.04931640625
1 0.713229859571323 0.8369140625 0.3148558758314856 0.046875
