0 0.3155949741315595 0.322265625 0.15225424981522542 0.015625
2 0.3178122690317812 0.35302734375 0.13303769401330376 0.0146484375
0 0.31670362158167037 0.3779296875 0.21507760532150777 0.01953125
2 0.31670362158167037 0.4091796875 0.13082039911308205 0.0146484375
0 0.6995565410199557 0.24365234375 0.15594974131559497 0.0126953125
0 0.7062084257206208 0.42236328125 0.172209903917221 0.013671875
0 0.3130081300813008 0.433837890625 0.2697708795269771 0.01708984375
2 0.31670362158167037 0.465087890625 0.13082039911308205 0.01513671875
0 0.30968218773096823 0.488525390625 0.22025129342202512 0.01611328125
2 0.31670362158167037 0.519775390625 0.13082039911308205 0.01513671875
0 0.30339985218034 0.54345703125 0.22394678492239467 0.017578125
2 0.3178122690317812 0.57568359375 0.13303769401330376 0.0146484375
0 0.6991869918699187 0.595458984375 0.15964523281596452 0.01318359375
0 0.3155949741315595 0.600341796875 0.21581670362158167 0.01708984375
2 0.3178122690317812 0.6318359375 0.1286031042128603 0.0146484375
0 0.6977087952697709 0.6298828125 0.22764227642276422 0.0166015625
2 0.704730229120473 0.66162109375 0.13082039911308205 0.0146484375
0 0.3107908351810791 0.6552734375 0.2653362897265336 0.017578125
2 0.31670362158167037 0.68701171875 0.13082039911308205 0.013671875
0 0.7025129342202513 0.685546875 0.20916481892091648 0.0166015625
2 0.704730229120473 0.7177734375 0.13082039911308205 0.0146484375
0 0.3215077605321508 0.7109375 0.22320768662232077 0.0185546875
2 0.3189209164818921 0.742431640625 0.13082039911308205 0.01513671875
0 0.7006651884700665 0.742431640625 0.2039911308203991 0.01708984375
0 0.3222468588322247 0.765625 0.3429416112342942 0.0166015625
2 0.704730229120473 0.77294921875 0.13082039911308205 0.013671875
2 0.31670362158167037 0.79833984375 0.13082039911308205 0.0146484375
0 0.6899482631189948 0.79638671875 0.188470066518847 0.0185546875
2 0.704730229120473 0.828369140625 0.13082039911308205 0.01513671875
0 0.2878787878787879 0.86767578125 0.09238728750923873 0.04296875
1 0.31855136733185513 0.337646484375 0.17738359201773837 0.04833984375
1 0.32113821138211385 0.392333984375 0.2269031781226903 0.04833984375
1 0.3189209164818921 0.4501953125 0.28159645232815966 0.0478515625
1 0.3178122690317812 0.504150390625 0.2734663710273466 0.04833984375
1 0.3266814486326681 0.559326171875 0.2734663710273466 0.04833984375
1 0.33148558758314856 0.61572265625 0.24611973392461198 0.0478515625
1 0.3174427198817443 0.67041015625 0.278640059127864 0.0478515625
1 0.32335550628233556 0.725341796875 0.2269031781226903 0.04833984375
1 0.32113821138211385 0.781494140625 0.3407243163340724 0.05029296875
1 0.7087952697708795 0.6455078125 0.29563932002956395 0.048828125
1 0.7102734663710274 0.70068359375 0.24242424242424243 0.05078125
1 0.7065779748706578 0.757080078125 0.2719881744271988 0.04736328125
1 0.7087952697708795 0.81201171875 0.22320768662232077 0.0498046875
