0 0.31189948263118994 0.306884765625 0.23503325942350334 0.01904296875
0 0.7113821138211383 0.306396484375 0.1278640059127864 0.02197265625
2 0.32002956393200294 0.33740234375 0.13155949741315595 0.0146484375
2 0.704730229120473 0.33740234375 0.11456023651145603 0.0146484375
0 0.7535107169253511 0.116455078125 0.09238728750923873 0.04248046875
0 0.3170731707317073 0.361572265625 0.2719881744271988 0.02001953125
0 0.7073170731707317 0.363525390625 0.2586844050258684 0.01806640625
2 0.70509977827051 0.39208984375 0.11529933481152993 0.0146484375
2 0.319660014781966 0.392822265625 0.13229859571322986 0.01318359375
0 0.3163340724316334 0.416748046875 0.24833702882483372 0.01708984375
2 0.70509977827051 0.4482421875 0.11086474501108648 0.0146484375
2 0.32002956393200294 0.44873046875 0.13155949741315595 0.013671875
0 0.7054693274205469 0.47021484375 0.22246858832224686 0.0146484375
2 0.70509977827051 0.50146484375 0.11086474501108648 0.0146484375
0 0.7087952697708795 0.52685546875 0.1581670362158167 0.015625
2 0.70509977827051 0.5576171875 0.11086474501108648 0.0146484375
0 0.30376940133037694 0.562255859375 0.1714708056171471 0.01904296875
0 0.704730229120473 0.579345703125 0.18107908351810792 0.01708984375
2 0.3100517368810052 0.5927734375 0.12342941611234294 0.0146484375
2 0.704730229120473 0.61083984375 0.11160384331116038 0.0146484375
0 0.7106430155210643 0.63330078125 0.30376940133037694 0.017578125
0 0.2982261640798226 0.617431640625 0.21655580192165558 0.01806640625
2 0.3107908351810791 0.64794921875 0.12342941611234294 0.013671875
2 0.70509977827051 0.66357421875 0.12269031781226904 0.013671875
0 0.3019216555801922 0.67138671875 0.36881005173688103 0.01953125
2 0.3107908351810791 0.703369140625 0.12342941611234294 0.01513671875
0 0.6825572801182558 0.702392578125 0.25203252032520324 0.01806640625
2 0.7128603104212861 0.732666015625 0.13082039911308205 0.01318359375
0 0.3041389504804139 0.729248046875 0.3968957871396896 0.01904296875
2 0.3107908351810791 0.75927734375 0.12342941611234294 0.0146484375
0 0.688839615668884 0.755859375 0.22172949002217296 0.01953125
2 0.7128603104212861 0.785400390625 0.13082039911308205 0.01513671875
0 0.6914264597191426 0.806640625 0.2564671101256467 0.0185546875
2 0.7128603104212861 0.8388671875 0.13082039911308205 0.0146484375
0 0.6858832224685883 0.8779296875 0.24390243902439024 0.017578125
2 0.7128603104212861 0.9091796875 0.13082039911308205 0.0146484375
1 0.3137472283813747 0.32080078125 0.24168514412416853 0.048828125
1 0.3303769401330377 0.375732421875 0.3429416112342942 0.04931640625
1 0.3148558758314856 0.432373046875 0.24981522542498152 0.04833984375
1 0.7117516629711752 0.3203125 0.13303769401330376 0.048828125
1 0.7217294900221729 0.377197265625 0.3540280857354028 0.04638671875
0 0.7087952697708795 0.41650390625 0.19364375461936437 0.01953125
1 0.7150776053215078 0.4306640625 0.20620842572062084 0.048828125
1 0.7058388765705839 0.4853515625 0.22764227642276422 0.0478515625
1 0.7102734663710274 0.5419921875 0.16112342941611235 0.0478515625
1 0.7076866223207686 0.593994140625 0.18699186991869918 0.04931640625
1 0.7161862527716186 0.648193359375 0.3148558758314856 0.04736328125
1 0.7039911308203991 0.718505859375 0.34811529933481156 0.04541015625
1 0.3122690317812269 0.57568359375 0.23133776792313376 0.0478515625
1 0.32557280118255727 0.63037109375 0.27420546932742057 0.0458984375
1 0.3085735402808574 0.687255859375 0.38063562453806354 0.04931640625
1 0.30303030303030304 0.74267578125 0.3991130820399113 0.0478515625
1 0.704730229120473 0.769287109375 0.35107169253510717 0.04736328125
1 0.7054693274205469 0.821533203125 0.35107169253510717 0.04736328125
1 0.7250554323725056 0.89208984375 0.3237250554323725 0.046875
