2 0.8027777777777778 0.2727272727272727 0.08333333333333333 0.023976023976023976
0 0.275 0.27822177822177824 0.30185185185185187 0.03896103896103896
2 0.8064814814814815 0.3001998001998002 0.08333333333333333 0.022977022977022976
0 0.28703703703703703 0.3021978021978022 0.337037037037037 0.03696303696303696
2 0.8083333333333333 0.3306693306693307 0.08333333333333333 0.02197802197802198
0 0.24166666666666667 0.3321678321678322 0.20185185185185187 0.03296703296703297
2 0.8083333333333333 0.36213786213786214 0.08703703703703704 0.024975024975024976
0 0.2351851851851852 0.3626373626373626 0.1962962962962963 0.029970029970029972
2 0.7898148148148149 0.46503496503496505 0.17222222222222222 0.024975024975024976
0 0.2759259259259259 0.46403596403596403 0.34074074074074073 0.030969030969030968
2 0.7962962962962963 0.4955044955044955 0.17037037037037037 0.023976023976023976
0 0.3175925925925926 0.495004995004995 0.43148148148148147 0.030969030969030968
2 0.825 0.5244755244755245 0.17592592592592593 0.027972027972027972
0 0.31666666666666665 0.5239760239760239 0.42962962962962964 0.03296703296703297
2 0.7268518518518519 0.6308691308691309 0.08333333333333333 0.022977022977022976
0 0.26944444444444443 0.6328671328671329 0.3277777777777778 0.028971028971028972
2 0.725 0.6598401598401599 0.08333333333333333 0.022977022977022976
0 0.27314814814814814 0.6633366633366633 0.3351851851851852 0.03396603396603397
2 0.725 0.6883116883116883 0.08333333333333333 0.023976023976023976
0 0.3388888888888889 0.6908091908091908 0.4703703703703704 0.028971028971028972
2 0.7175925925925926 0.7192807192807192 0.08333333333333333 0.02197802197802198
0 0.31666666666666665 0.7227772227772228 0.4148148148148148 0.028971028971028972
1 0.4842592592592593 0.27322677322677325 0.7277777777777777 0.03296703296703297
1 0.4842592592592593 0.3041958041958042 0.7277777777777777 0.03296703296703297
1 0.4898148148148148 0.3321678321678322 0.7277777777777777 0.03296703296703297
1 0.4898148148148148 0.3611388611388611 0.7277777777777777 0.03296703296703297
1 0.4888888888888889 0.46503496503496505 0.7851851851851852 0.030969030969030968
1 0.49537037037037035 0.49600399600399603 0.7870370370370371 0.030969030969030968
1 0.5046296296296297 0.526973026973027 0.8203703703703704 0.028971028971028972
1 0.43796296296296294 0.6338661338661339 0.6722222222222223 0.030969030969030968
1 0.4324074074074074 0.6618381618381618 0.6722222222222223 0.030969030969030968
1 0.4398148148148148 0.6908091908091908 0.6722222222222223 0.030969030969030968
1 0.43796296296296294 0.7217782217782218 0.6648148148148149 0.028971028971028972
