0 0.19343696027633853 0.22796709753231492 0.1692573402417962 0.023501762632197415
0 0.19084628670120898 0.25323149236192716 0.17443868739205526 0.0199764982373678
2 0.5267702936096719 0.2520564042303173 0.05872193436960276 0.01762632197414806
0 0.16580310880829016 0.2790834312573443 0.12089810017271158 0.0199764982373678
2 0.5267702936096719 0.2784958871915394 0.055267702936096716 0.01880141010575793
0 0.2141623488773748 0.30493537015276145 0.22107081174438686 0.0199764982373678
2 0.5259067357512953 0.3037602820211516 0.05699481865284974 0.01762632197414806
0 0.5958549222797928 0.4383078730904818 0.3316062176165803 0.01880141010575793
2 0.8799654576856649 0.43772032902467684 0.06044905008635579 0.0199764982373678
0 0.5086355785837651 0.4612220916568743 0.15716753022452504 0.0199764982373678
2 0.8808290155440415 0.4612220916568743 0.06217616580310881 0.01762632197414806
0 0.49568221070811747 0.48413631022326675 0.13126079447322972 0.01880141010575793
2 0.8808290155440415 0.4835487661574618 0.06217616580310881 0.0199764982373678
0 0.4792746113989637 0.5058754406580493 0.09844559585492228 0.0199764982373678
0 0.8808290155440415 0.5058754406580493 0.06217616580310881 0.01762632197414806
0 0.48186528497409326 0.5287896592244419 0.10362694300518134 0.01645123384253819
2 0.8765112262521589 0.527027027027027 0.0535405872193437 0.0199764982373678
0 0.49568221070811747 0.5499412455934195 0.13126079447322972 0.01880141010575793
2 0.8808290155440415 0.5522914218566393 0.06217616580310881 0.01645123384253819
0 0.49740932642487046 0.5734430082256169 0.13471502590673576 0.01645123384253819
2 0.8808290155440415 0.5740305522914219 0.06217616580310881 0.01762632197414806
0 0.4680483592400691 0.5957696827262045 0.07599309153713299 0.01645123384253819
2 0.8808290155440415 0.5957696827262045 0.06217616580310881 0.01645123384253819
0 0.46459412780656306 0.618683901292597 0.0690846286701209 0.01762632197414806
2 0.8808290155440415 0.618683901292597 0.06217616580310881 0.01762632197414806
0 0.19775474956822106 0.7168037602820212 0.19516407599309155 0.023501762632197415
2 0.6286701208981001 0.7162162162162162 0.055267702936096716 0.0199764982373678
0 0.19084628670120898 0.7385428907168038 0.17443868739205526 0.0199764982373678
2 0.6286701208981001 0.7391304347826086 0.055267702936096716 0.01880141010575793
0 0.19602763385146804 0.7608695652173914 0.18825561312607944 0.0199764982373678
2 0.6286701208981001 0.7614571092831962 0.055267702936096716 0.01880141010575793
0 0.19689119170984457 0.782021151586369 0.18652849740932642 0.0199764982373678
2 0.6286701208981001 0.782021151586369 0.055267702936096716 0.0199764982373678
0 0.2970639032815199 0.8061104582843713 0.38687392055267705 0.025851938895417155
2 0.6286701208981001 0.8043478260869565 0.055267702936096716 0.0199764982373678
0 0.34024179620034545 0.8266745005875441 0.47322970639032813 0.024676850763807285
0 0.24611398963730569 0.8490011750881316 0.28842832469775476 0.02702702702702703
2 0.6286701208981001 0.8490011750881316 0.055267702936096716 0.01762632197414806
0 0.19775474956822106 0.8713278495887191 0.18825561312607944 0.0199764982373678
2 0.6286701208981001 0.8713278495887191 0.055267702936096716 0.0199764982373678
0 0.22279792746113988 0.8936545240893067 0.23834196891191708 0.0199764982373678
2 0.6286701208981001 0.8942420681551116 0.055267702936096716 0.01880141010575793
0 0.25647668393782386 0.9165687426556992 0.30569948186528495 0.023501762632197415
2 0.6286701208981001 0.9165687426556992 0.05872193436960276 0.01880141010575793
0 0.2392055267702936 0.9394829612220916 0.2711571675302245 0.0199764982373678
2 0.6286701208981001 0.9383078730904818 0.055267702936096716 0.01762632197414806
0 0.18307426597582038 0.9606345475910694 0.16234887737478412 0.0199764982373678
2 0.6606217616580311 0.9629847238542891 0.11917098445595854 0.024676850763807285
2 0.5302245250431779 0.22737955346650998 0.05872193436960276 0.01762632197414806
2 0.8773747841105354 0.5035252643948296 0.06217616580310881 0.01762632197414806
2 0.6269430051813472 0.8266745005875441 0.055267702936096716 0.0199764982373678
1 0.33506044905008636 0.22679200940070504 0.459412780656304 0.025851938895417155
1 0.33678756476683935 0.25146886016451236 0.459412780656304 0.025851938895417155
1 0.33506044905008636 0.2784958871915394 0.459412780656304 0.025851938895417155
1 0.3333333333333333 0.30552291421856637 0.459412780656304 0.025851938895417155
1 0.6701208981001727 0.43772032902467684 0.4835924006908463 0.024676850763807285
1 0.6744386873920553 0.46474735605170386 0.4853195164075993 0.024676850763807285
1 0.6727115716753023 0.48472385428907167 0.4853195164075993 0.024676850763807285
1 0.6727115716753023 0.5035252643948296 0.4853195164075993 0.024676850763807285
1 0.6727115716753023 0.5293772032902467 0.4853195164075993 0.024676850763807285
1 0.6709844559585493 0.5493537015276145 0.4853195164075993 0.024676850763807285
1 0.3756476683937824 0.717978848413631 0.5544041450777202 0.023501762632197415
1 0.6675302245250432 0.5705052878965923 0.4853195164075993 0.024676850763807285
1 0.6658031088082902 0.5928319623971798 0.4853195164075993 0.024676850763807285
1 0.6709844559585493 0.6163337250293772 0.4853195164075993 0.024676850763807285
1 0.37823834196891193 0.7426556991774383 0.5526770293609672 0.023501762632197415
1 0.37823834196891193 0.7614571092831962 0.5526770293609672 0.023501762632197415
1 0.385146804835924 0.7837837837837838 0.5526770293609672 0.023501762632197415
1 0.38169257340241797 0.8049353701527615 0.5526770293609672 0.023501762632197415
1 0.38169257340241797 0.8284371327849589 0.5526770293609672 0.023501762632197415
1 0.37823834196891193 0.8460634547591069 0.5526770293609672 0.023501762632197415
1 0.3765112262521589 0.8730904817861339 0.5526770293609672 0.023501762632197415
1 0.41450777202072536 0.964159811985899 0.6183074265975821 0.022326674500587545
1 0.37305699481865284 0.8930669800235017 0.5526770293609672 0.023501762632197415
1 0.3747841105354059 0.9165687426556992 0.5526770293609672 0.023501762632197415
1 0.3747841105354059 0.9353701527614571 0.5526770293609672 0.023501762632197415
