0 0.20087719298245615 0.06748826291079812 0.30350877192982456 0.02464788732394366
0 0.20964912280701756 0.09448356807511737 0.3175438596491228 0.022300469483568074
0 0.14035087719298245 0.12265258215962441 0.1824561403508772 0.022300469483568074
0 0.17192982456140352 0.14847417840375587 0.24561403508771928 0.02699530516431925
0 0.14473684210526316 0.1772300469483568 0.1912280701754386 0.023474178403755867
0 0.2219298245614035 0.20481220657276994 0.3456140350877193 0.02464788732394366
0 0.2131578947368421 0.2347417840375587 0.33157894736842103 0.02112676056338028
0 0.1482456140350877 0.31279342723004694 0.19824561403508772 0.02464788732394366
0 0.14649122807017545 0.3403755868544601 0.19824561403508772 0.023474178403755867
0 0.14649122807017545 0.3685446009389671 0.19824561403508772 0.023474178403755867
0 0.13333333333333333 0.3949530516431925 0.16842105263157894 0.022300469483568074
0 0.11491228070175438 0.4242957746478873 0.13508771929824562 0.02699530516431925
0 0.13333333333333333 0.45011737089201875 0.17192982456140352 0.02464788732394366
0 0.14473684210526316 0.4794600938967136 0.1912280701754386 0.02699530516431925
0 0.2043859649122807 0.5199530516431925 0.3140350877192982 0.025821596244131457
0 0.18771929824561404 0.556924882629108 0.2771929824561403 0.02464788732394366
0 0.20087719298245615 0.5845070422535211 0.3 0.023474178403755867
0 0.15175438596491228 0.6126760563380281 0.20526315789473684 0.028169014084507043
0 0.16140350877192983 0.6402582159624414 0.22456140350877193 0.02464788732394366
0 0.1675438596491228 0.6684272300469484 0.23333333333333334 0.02464788732394366
0 0.21842105263157896 0.6965962441314554 0.3385964912280702 0.02464788732394366
0 0.22105263157894736 0.7805164319248826 0.34385964912280703 0.028169014084507043
0 0.2043859649122807 0.8080985915492958 0.3140350877192982 0.022300469483568074
0 0.22105263157894736 0.835093896713615 0.34385964912280703 0.02464788732394366
0 0.1736842105263158 0.863849765258216 0.24561403508771928 0.023474178403755867
0 0.1912280701754386 0.8908450704225352 0.28421052631578947 0.023474178403755867
0 0.25877192982456143 0.9172535211267606 0.4192982456140351 0.02699530516431925
0 0.2043859649122807 0.9460093896713615 0.3140350877192982 0.028169014084507043
0 0.15263157894736842 0.9747652582159625 0.20701754385964913 0.02699530516431925
