0 0.1638709677419355 0.11733203505355404 0.07225806451612904 0.016553067185978577
2 0.45225806451612904 0.11976630963972736 0.02967741935483871 0.01557935735150925
0 0.5832258064516129 0.12025316455696203 0.10064516129032258 0.016553067185978577
2 0.8580645161290322 0.12025316455696203 0.02838709677419355 0.014605647517039922
0 0.1703225806451613 0.13875365141187926 0.08516129032258064 0.016553067185978577
2 0.45225806451612904 0.14021421616358326 0.02967741935483871 0.01557935735150925
0 0.6083870967741936 0.14556962025316456 0.14838709677419354 0.018500486854917234
2 0.8580645161290322 0.14556962025316456 0.02838709677419355 0.014605647517039922
0 0.16838709677419356 0.15920155793573515 0.07870967741935483 0.016553067185978577
2 0.45225806451612904 0.1611489776046738 0.02967741935483871 0.014605647517039922
0 0.5974193548387097 0.17039922103213243 0.12903225806451613 0.017526777020447908
2 0.8548387096774194 0.17185978578383643 0.02967741935483871 0.014605647517039922
0 0.15935483870967743 0.17964946445959104 0.06322580645161291 0.016553067185978577
2 0.45225806451612904 0.18257059396299902 0.02967741935483871 0.014605647517039922
0 0.5941935483870968 0.19571567672833495 0.12258064516129032 0.019474196689386564
2 0.8541935483870968 0.1962025316455696 0.03354838709677419 0.012658227848101266
0 0.1696774193548387 0.20107108081791625 0.08129032258064516 0.016553067185978577
2 0.45225806451612904 0.2035053554040896 0.02967741935483871 0.013631937682570594
0 0.20774193548387096 0.22103213242453748 0.16 0.017526777020447908
0 0.5612903225806452 0.22103213242453748 0.0567741935483871 0.017526777020447908
2 0.8561290322580645 0.22151898734177214 0.03225806451612903 0.014605647517039922
2 0.45225806451612904 0.22395326192794549 0.02967741935483871 0.01557935735150925
0 0.20838709677419354 0.24294060370009737 0.16129032258064516 0.016553067185978577
0 0.5638709677419355 0.24634858812074 0.06193548387096774 0.019474196689386564
2 0.45225806451612904 0.2453748782862707 0.02967741935483871 0.013631937682570594
2 0.8541935483870968 0.24634858812074 0.03612903225806452 0.013631937682570594
0 0.19741935483870968 0.26338851022395326 0.1393548387096774 0.016553067185978577
2 0.45161290322580644 0.2653359298928919 0.02838709677419355 0.014605647517039922
0 0.5741935483870968 0.27166504381694256 0.08 0.017526777020447908
2 0.8541935483870968 0.2726387536514119 0.03612903225806452 0.013631937682570594
0 0.18516129032258064 0.28383641674780913 0.11483870967741935 0.016553067185978577
2 0.45225806451612904 0.28675754625121713 0.02967741935483871 0.014605647517039922
0 0.5858064516129032 0.29698149951314506 0.10838709677419354 0.019474196689386564
2 0.8541935483870968 0.29795520934761444 0.03612903225806452 0.01557935735150925
0 0.19032258064516128 0.30525803310613436 0.12516129032258064 0.016553067185978577
2 0.45225806451612904 0.3076923076923077 0.02967741935483871 0.013631937682570594
0 0.5851612903225807 0.3222979552093476 0.10451612903225807 0.017526777020447908
2 0.8541935483870968 0.32327166504381694 0.03612903225806452 0.013631937682570594
0 0.19870967741935483 0.3257059396299903 0.1393548387096774 0.016553067185978577
2 0.45225806451612904 0.32862706913339823 0.02967741935483871 0.014605647517039922
0 0.16516129032258065 0.3476144109055501 0.07483870967741936 0.017526777020447908
0 0.5716129032258065 0.34810126582278483 0.07483870967741936 0.018500486854917234
2 0.8541935483870968 0.3485881207400195 0.03612903225806452 0.01557935735150925
2 0.45225806451612904 0.3495618305744888 0.02967741935483871 0.013631937682570594
0 0.5696774193548387 0.37341772151898733 0.07096774193548387 0.018500486854917234
2 0.8580645161290322 0.373904576436222 0.02838709677419355 0.013631937682570594
0 0.19032258064516128 0.44401168451801365 0.12516129032258064 0.017526777020447908
2 0.45225806451612904 0.4469328140214216 0.02967741935483871 0.013631937682570594
0 0.20258064516129032 0.47030185004868547 0.14967741935483872 0.019474196689386564
2 0.45225806451612904 0.47224926971762415 0.02967741935483871 0.01557935735150925
0 0.6161290322580645 0.4907497565725414 0.1638709677419355 0.017526777020447908
2 0.8580645161290322 0.49123661148977604 0.02838709677419355 0.014605647517039922
0 0.15935483870967743 0.4961051606621227 0.06322580645161291 0.016553067185978577
2 0.45225806451612904 0.4990262901655307 0.02967741935483871 0.014605647517039922
0 0.6225806451612903 0.5165530671859786 0.17935483870967742 0.02044790652385589
2 0.8580645161290322 0.5160662122687439 0.02838709677419355 0.013631937682570594
0 0.17290322580645162 0.5223953261927945 0.09032258064516129 0.016553067185978577
2 0.4503225806451613 0.5228821811100293 0.025806451612903226 0.01557935735150925
0 0.6019354838709677 0.5413826679649465 0.13806451612903226 0.017526777020447908
2 0.8580645161290322 0.5413826679649465 0.02838709677419355 0.01557935735150925
0 0.17419354838709677 0.5472249269717624 0.09290322580645162 0.019474196689386564
2 0.45225806451612904 0.5496592015579357 0.02967741935483871 0.014605647517039922
0 0.5948387096774194 0.5662122687439143 0.12129032258064516 0.018500486854917234
2 0.8580645161290322 0.5666991236611489 0.02838709677419355 0.013631937682570594
0 0.2032258064516129 0.572541382667965 0.14838709677419354 0.017526777020447908
2 0.45225806451612904 0.5744888023369036 0.02967741935483871 0.013631937682570594
0 0.5787096774193549 0.5920155793573515 0.09161290322580645 0.017526777020447908
2 0.8580645161290322 0.5929892891918208 0.02838709677419355 0.013631937682570594
0 0.18774193548387097 0.5988315481986368 0.11741935483870967 0.017526777020447908
2 0.45225806451612904 0.6007789678675755 0.02967741935483871 0.013631937682570594
0 0.5741935483870968 0.6168451801363194 0.08258064516129032 0.018500486854917234
2 0.8580645161290322 0.617332035053554 0.02838709677419355 0.013631937682570594
0 0.19483870967741934 0.624634858812074 0.13419354838709677 0.018500486854917234
2 0.45225806451612904 0.6251217137293087 0.02967741935483871 0.013631937682570594
0 0.5716129032258065 0.6431353456669913 0.07483870967741936 0.016553067185978577
2 0.8412903225806452 0.6436222005842259 0.06193548387096774 0.013631937682570594
0 0.5806451612903226 0.6689386562804285 0.09290322580645162 0.017526777020447908
2 0.8412903225806452 0.6684518013631938 0.06193548387096774 0.014605647517039922
0 0.17225806451612904 0.7268743914313535 0.08903225806451613 0.018500486854917234
2 0.45225806451612904 0.7273612463485881 0.02967741935483871 0.01557935735150925
0 0.18838709677419355 0.7517039922103214 0.12129032258064516 0.019474196689386564
2 0.45225806451612904 0.7526777020447907 0.02967741935483871 0.013631937682570594
0 0.18580645161290324 0.7779941577409932 0.11612903225806452 0.019474196689386564
2 0.45225806451612904 0.7775073028237586 0.02967741935483871 0.014605647517039922
0 0.5638709677419355 0.7843232716650438 0.05935483870967742 0.016553067185978577
2 0.8283870967741935 0.7857838364167478 0.08774193548387096 0.017526777020447908
0 0.18451612903225806 0.8033106134371957 0.1135483870967742 0.017526777020447908
2 0.45225806451612904 0.8037974683544303 0.02967741935483871 0.014605647517039922
0 0.5793548387096774 0.8067185978578384 0.09032258064516129 0.016553067185978577
2 0.8283870967741935 0.8076923076923077 0.08774193548387096 0.016553067185978577
0 0.1935483870967742 0.8291139240506329 0.12903225806451613 0.018500486854917234
0 0.5729032258064516 0.8281402142161636 0.07741935483870968 0.016553067185978577
2 0.45225806451612904 0.8291139240506329 0.02967741935483871 0.014605647517039922
2 0.8535483870967742 0.8281402142161636 0.01935483870967742 0.010710808179162609
0 0.5787096774193549 0.8505355404089582 0.09161290322580645 0.016553067185978577
0 0.18 0.8539435248296008 0.10451612903225807 0.017526777020447908
2 0.8580645161290322 0.8524829600778968 0.02838709677419355 0.014605647517039922
2 0.45225806451612904 0.8544303797468354 0.02967741935483871 0.014605647517039922
1 0.29806451612903223 0.11879259980525804 0.3406451612903226 0.017526777020447908
1 0.2967741935483871 0.14216163583252192 0.3406451612903226 0.017526777020447908
1 0.704516129032258 0.3758519961051607 0.3406451612903226 0.017526777020447908
1 0.29935483870967744 0.15579357351509251 0.3406451612903226 0.017526777020447908
1 0.29935483870967744 0.1801363193768257 0.3406451612903226 0.017526777020447908
1 0.29935483870967744 0.19961051606621227 0.3406451612903226 0.017526777020447908
1 0.29806451612903223 0.22005842259006816 0.3406451612903226 0.017526777020447908
1 0.2954838709677419 0.24148003894839337 0.3406451612903226 0.017526777020447908
1 0.2967741935483871 0.2619279454722493 0.3406451612903226 0.017526777020447908
1 0.2954838709677419 0.28432327166504384 0.3406451612903226 0.017526777020447908
1 0.2967741935483871 0.30671859785783834 0.3406451612903226 0.017526777020447908
1 0.2954838709677419 0.32424537487828625 0.3406451612903226 0.017526777020447908
1 0.2954838709677419 0.3466407010710808 0.3406451612903226 0.017526777020447908
1 0.7019354838709677 0.11684518013631938 0.3406451612903226 0.017526777020447908
1 0.7019354838709677 0.14216163583252192 0.3406451612903226 0.017526777020447908
1 0.6967741935483871 0.16845180136319376 0.3406451612903226 0.017526777020447908
1 0.7006451612903226 0.19571567672833495 0.3406451612903226 0.017526777020447908
1 0.6967741935483871 0.2181110029211295 0.3406451612903226 0.017526777020447908
1 0.7032258064516129 0.24245374878286272 0.3406451612903226 0.017526777020447908
1 0.7032258064516129 0.27069133398247325 0.3406451612903226 0.017526777020447908
1 0.7019354838709677 0.29698149951314506 0.3406451612903226 0.017526777020447908
1 0.7019354838709677 0.3193768257059396 0.3406451612903226 0.017526777020447908
1 0.6993548387096774 0.3485881207400195 0.3406451612903226 0.017526777020447908
1 0.29806451612903223 0.44401168451801365 0.3406451612903226 0.017526777020447908
1 0.2954838709677419 0.46932814021421615 0.3406451612903226 0.017526777020447908
1 0.2954838709677419 0.49756572541382665 0.3406451612903226 0.017526777020447908
1 0.7032258064516129 0.617332035053554 0.3406451612903226 0.017526777020447908
1 0.2967741935483871 0.5219084712755598 0.3406451612903226 0.017526777020447908
1 0.29419354838709677 0.5462512171372931 0.3406451612903226 0.017526777020447908
1 0.2954838709677419 0.569620253164557 0.3406451612903226 0.017526777020447908
1 0.29806451612903223 0.5978578383641675 0.3406451612903226 0.017526777020447908
1 0.2954838709677419 0.6231742940603701 0.3406451612903226 0.017526777020447908
1 0.7006451612903226 0.48880233690360275 0.3406451612903226 0.017526777020447908
1 0.7006451612903226 0.5160662122687439 0.3406451612903226 0.017526777020447908
1 0.6993548387096774 0.5413826679649465 0.3406451612903226 0.017526777020447908
1 0.704516129032258 0.5657254138266796 0.3406451612903226 0.017526777020447908
1 0.6980645161290323 0.5910418695228822 0.3406451612903226 0.017526777020447908
1 0.7032258064516129 0.6689386562804285 0.3406451612903226 0.017526777020447908
1 0.7006451612903226 0.6416747809152873 0.3406451612903226 0.017526777020447908
1 0.29935483870967744 0.7263875365141188 0.3406451612903226 0.017526777020447908
1 0.29935483870967744 0.75365141187926 0.3406451612903226 0.017526777020447908
1 0.2954838709677419 0.7779941577409932 0.3406451612903226 0.017526777020447908
1 0.29806451612903223 0.8033106134371957 0.3406451612903226 0.017526777020447908
1 0.29806451612903223 0.8276533592989289 0.3406451612903226 0.017526777020447908
1 0.29806451612903223 0.8539435248296008 0.3406451612903226 0.017526777020447908
1 0.704516129032258 0.7848101265822784 0.3406451612903226 0.017526777020447908
1 0.704516129032258 0.8519961051606622 0.3406451612903226 0.017526777020447908
1 0.6993548387096774 0.804284323271665 0.3406451612903226 0.017526777020447908
1 0.6993548387096774 0.8276533592989289 0.3406451612903226 0.017526777020447908
